40 12 10
0.291125 0.892128 0.761928 0.272839 0.665492 0.605834 0.848431 0.471834 0.109180 0.404289 0.018989 0.777529
0.193964 0.848887 0.701139 0.340226 0.761826 0.586793 0.881421 0.495622 0.098310 0.396026 0.161054 0.707774
0.154560 0.839158 0.620349 0.252667 0.692876 0.646380 0.751725 0.508789 0.086363 0.377921 0.084694 0.740060
0.214191 0.859818 0.648427 0.232877 0.722777 0.627620 0.945904 0.564989 0.086907 0.319894 0.074917 0.758511
0.260949 0.902340 0.660014 0.209037 0.734674 0.706898 0.855105 0.522877 0.028435 0.457527 0.049343 0.782215
0.220222 0.955446 0.741428 0.272196 0.776206 0.676801 0.846973 0.546741 0.137355 0.408903 0.040837 0.894180
0.332001 0.831300 0.704292 0.278867 0.761095 0.641858 0.903369 0.515688 0.157476 0.383132 0.094577 0.758539
0.827382 0.423431 0.525529 0.222231 0.186424 1.033043 0.036719 0.080943 0.427917 0.107106 0.590082 -0.002197
0.804251 0.378338 0.565689 0.213712 0.069560 0.962586 0.105487 0.025498 0.457162 0.134437 0.576788 -0.008861
0.903503 0.541176 0.519521 0.236869 0.151682 1.067375 0.070356 0.046077 0.425593 0.080386 0.542699 0.146399
0.809403 0.428693 0.618132 0.204041 0.060955 1.044450 0.127733 0.087351 0.463284 0.097086 0.625179 0.095033
0.888519 0.489004 0.574373 0.240835 0.155587 0.979071 0.150832 0.008906 0.368329 0.195587 0.554361 -0.013729
0.888275 0.492714 0.607167 0.211301 0.138893 1.001721 0.030840 0.098851 0.435777 0.111459 0.576574 0.016638
0.914004 0.425164 0.633644 0.213426 0.143632 1.045629 0.097528 0.053744 0.406370 0.130140 0.421063 0.234448
0.900332 0.403352 0.532471 0.190594 0.133657 0.984571 0.182873 0.005551 0.456486 0.050425 0.527865 0.066029
0.875038 0.448543 0.594639 0.230129 0.143076 0.987660 0.102928 0.115928 0.376479 0.156079 0.566033 0.158405
0.798091 0.419950 0.546478 0.238187 0.162728 0.939189 0.047380 0.035108 0.486278 0.242027 0.641876 0.018041
0.867436 0.318964 0.637909 0.219239 0.164345 0.964577 0.178305 0.103584 0.462722 0.101369 0.552287 0.029003
0.869916 0.426606 0.546080 0.249157 0.107269 0.989822 0.098501 0.068327 0.469328 0.117153 0.624288 0.103124
0.873498 0.446872 0.484221 0.093034 0.082284 0.910444 0.155339 0.031421 0.421616 0.111782 0.553033 0.035739
0.824492 0.415159 0.534070 0.248540 0.137662 1.018643 0.170363 -0.028685 0.408167 0.119081 0.506191 0.096302
0.592852 0.286141 0.354400 0.307822 0.200063 0.892012 0.943441 0.901910 0.853347 0.357674 0.830808 0.638677
0.692638 0.137498 0.377197 0.273353 0.281026 0.891704 0.987486 1.016639 0.894970 0.419119 0.854361 0.762724
0.650716 0.054757 0.318945 0.365337 0.200366 0.821043 0.975539 0.892369 0.818884 0.428755 0.928054 0.669193
0.660514 0.292733 0.298729 0.350006 0.206504 0.789525 1.045794 1.000433 0.872806 0.442231 0.688465 0.726191
0.640811 0.197784 0.339359 0.318427 0.139413 0.771739 1.007505 0.949640 0.799898 0.499366 0.818633 0.690984
0.702920 0.208572 0.291557 0.340407 0.154704 0.858467 1.004922 0.990296 0.748172 0.441055 0.788160 0.684591
0.650031 0.124557 0.225042 0.423987 0.133508 0.803932 0.902394 0.941944 0.864634 0.436527 0.781495 0.706710
0.874500 0.405401 0.502410 0.227069 0.104229 0.955698 0.085959 0.108123 0.366960 0.261334 0.681362 0.158888
0.839727 0.440101 0.512799 0.322658 0.140199 0.951723 0.197941 0.039521 0.480325 0.040746 0.529468 0.052992
0.808330 0.375107 0.626548 0.215455 0.132907 0.985262 0.106636 0.016710 0.463754 0.019021 0.578871 0.029914
0.916815 0.425056 0.678837 0.132771 0.123008 0.995259 0.191448 0.089641 0.361511 0.136128 0.670124 0.053363
0.814448 0.406348 0.471534 0.212075 0.131720 1.067285 0.152553 -0.001062 0.422033 0.110274 0.609017 0.165051
0.791497 0.410610 0.596281 0.206844 0.149824 1.009539 0.157419 0.022538 0.357036 0.106376 0.505602 -0.007602
0.821619 0.363496 0.562257 0.239479 0.220371 1.032832 0.060207 0.020724 0.441132 0.149878 0.503408 0.084050
0.913736 0.504598 0.582688 0.236742 0.233323 0.943275 0.106428 0.043003 0.456098 0.134370 0.617312 0.115147
0.763160 0.447117 0.634242 0.234618 0.163521 0.983187 0.082822 -0.020011 0.377444 0.158693 0.628749 -0.017674
0.828492 0.483710 0.616065 0.225198 0.149747 0.996337 0.076987 -0.024273 0.404563 0.041525 0.651321 0.076441
0.854524 0.489307 0.568104 0.277807 0.092845 0.961653 0.057109 0.090199 0.299708 0.087221 0.659517 0.131438
0.879618 0.424465 0.598593 0.146897 0.191858 0.967363 0.139126 0.090664 0.368896 0.160523 0.629056 0.054841
