200 1 100
0.170132
0.245371
0.241877
0.165367
0.236502
0.207699
0.249027
0.242594
0.252446
0.141510
0.323798
0.223491
0.347464
0.329148
0.164041
0.166446
0.305518
0.261494
0.213727
0.174291
0.233583
0.201313
0.221942
0.223237
0.305168
0.309803
0.232229
0.194530
0.239063
0.160348
0.297427
0.169849
0.218705
0.242996
0.451556
0.431313
0.516019
0.545090
0.586108
0.459088
0.545347
0.410854
0.473404
0.507404
0.562799
0.494768
0.446790
0.450594
0.450225
0.436883
0.484156
0.422961
0.482290
0.437924
0.470501
0.443791
0.539757
0.463820
0.496599
0.487584
0.552062
0.511794
0.442570
0.464753
0.522472
0.503747
0.459376
0.472990
0.564989
0.494137
0.513339
0.473247
0.542546
0.472266
0.499068
0.515932
0.454251
0.530193
0.518057
0.431963
0.442917
0.453772
0.550616
0.464253
0.566610
0.496808
0.428567
0.452054
0.409107
0.496447
0.494275
0.452576
0.467150
0.431903
0.438700
0.560994
0.558743
0.433908
0.380093
0.465815
0.464317
0.533016
0.662840
0.779979
0.714219
0.691796
0.690911
0.712780
0.647203
0.721566
0.717691
0.726287
0.678320
0.665509
0.661699
0.690364
0.688687
0.674350
0.793750
0.633838
0.776366
0.707339
0.765913
0.698255
0.700002
0.726979
0.738411
0.676930
0.616286
0.732996
0.672369
0.692054
0.708665
0.795175
0.691759
0.777475
0.558703
0.414751
0.510447
0.452104
0.487221
0.528678
0.489286
0.472564
0.486166
0.436030
0.411992
0.475064
0.491024
0.521635
0.440215
0.494831
0.510487
0.483618
0.452930
0.505406
0.452959
0.443452
0.508208
0.447770
0.498148
0.445358
0.484393
0.444795
0.508762
0.490148
0.368438
0.520955
0.605071
0.559160
0.476776
0.457971
0.575959
0.472498
0.453043
0.505305
0.583189
0.463822
0.579644
0.432143
0.404201
0.571398
0.473361
0.506565
0.440176
0.518357
0.528131
0.500422
0.491317
0.491760
0.456487
0.470749
0.481638
0.483727
0.470565
0.462922
0.494841
0.514837
0.473244
0.498874
