36 12 27
0.467744 0.585990 0.865884 0.665344 0.531735 0.372578 0.022701 0.472351 0.364379 0.604232 0.816646 0.036093
0.453338 0.576633 0.979866 0.719530 0.609655 0.367838 -0.001147 0.575180 0.294800 0.581335 0.786433 0.058944
0.477510 0.670594 0.971588 0.789138 0.499805 0.363639 0.089048 0.478355 0.250739 0.672540 0.814141 0.052256
0.448204 0.700928 0.978711 0.849833 0.660843 0.400455 0.103140 0.432709 0.344702 0.595767 0.727563 0.049122
0.455921 0.694632 0.916297 0.761202 0.541737 0.394726 0.106566 0.519038 0.222924 0.577064 0.767792 0.054991
0.502861 0.659355 0.926013 0.680542 0.626832 0.268213 0.004900 0.426369 0.283081 0.587016 0.704691 -0.007170
0.426304 -0.076480 0.930068 0.288070 0.606178 0.758344 -0.021073 0.584854 0.339693 0.783528 0.406972 0.379848
0.314642 -0.003389 0.891835 0.122509 0.643374 0.770623 0.067690 0.591471 0.294882 0.778064 0.259569 0.479381
0.388567 0.014329 0.855282 0.165545 0.593995 0.804614 0.061638 0.535184 0.293259 0.714260 0.187695 0.368699
0.376643 0.018087 0.869746 0.164714 0.640738 0.717889 -0.002684 0.583777 0.244918 0.796431 0.203128 0.425440
0.297527 0.007626 0.888386 0.095723 0.575173 0.708045 0.025739 0.633470 0.237132 0.769338 0.252689 0.445215
0.333555 0.070986 0.925366 0.209106 0.580619 0.806245 0.072388 0.629754 0.302060 0.858101 0.296525 0.475945
0.306189 0.042118 0.946755 0.158948 0.705304 0.697391 0.035391 0.615945 0.244618 0.811196 0.256072 0.370353
0.360767 0.015788 1.062220 0.240516 0.700085 0.771308 0.154107 0.656809 0.330694 0.721469 0.305266 0.469407
0.365347 -0.039853 0.959771 0.196213 0.672928 0.794078 0.051287 0.616143 0.361485 0.774793 0.248702 0.371905
0.303109 -0.034436 0.828705 0.159985 0.575861 0.752982 0.118856 0.680214 0.251397 0.750038 0.170939 0.443295
0.324933 -0.021306 0.889774 0.113107 0.635024 0.741628 -0.000766 0.675490 0.239829 0.800599 0.219944 0.350058
0.371467 0.046290 0.924234 0.185027 0.708555 0.793559 0.025921 0.649484 0.257890 0.779469 0.144947 0.372961
0.945458 0.430076 0.821177 0.771808 0.108561 0.696630 0.129072 0.774861 0.267492 -0.008940 0.334318 0.366485
0.913125 0.559793 0.866360 0.747425 0.122922 0.717307 0.120516 0.779021 0.202682 0.062344 0.375771 0.462775
0.829663 0.422319 0.949849 0.731651 0.155984 0.749492 0.027708 0.728345 0.205079 -0.036897 0.309053 0.419953
0.905676 0.400359 0.925032 0.742118 0.134625 0.741624 0.149101 0.805112 0.279621 -0.022954 0.336103 0.345507
0.915398 0.471981 0.875434 0.760888 0.170228 0.712975 0.128177 0.739881 0.300616 0.028795 0.339538 0.387220
0.847118 0.439146 0.918695 0.725375 0.027663 0.733324 0.042037 0.823803 0.226044 -0.015031 0.432504 0.328715
0.295247 0.047291 0.897158 0.173628 0.679613 0.833328 0.102517 0.612513 0.346686 0.775981 0.190909 0.515678
0.386885 -0.022023 0.910366 0.260118 0.628055 0.727157 0.100832 0.600419 0.197788 0.734788 0.308091 0.433975
0.347971 0.055334 0.850346 0.185788 0.605319 0.695759 0.058591 0.608572 0.244159 0.860785 0.197476 0.420204
0.367051 -0.016343 0.926297 0.274468 0.648211 0.881318 0.005109 0.548402 0.287460 0.771245 0.259944 0.411893
0.402348 0.008078 0.895570 0.226493 0.592285 0.728146 0.074644 0.653930 0.240613 0.758978 0.202303 0.370019
0.348778 -0.004969 0.953733 0.235789 0.671245 0.700162 0.158708 0.666690 0.236072 0.817996 0.363143 0.423700
0.419999 0.010576 0.963278 0.197606 0.631396 0.776633 0.038687 0.596867 0.278930 0.641131 0.255543 0.400423
0.299836 0.081104 0.871814 0.222107 0.669387 0.776613 0.033459 0.603220 0.271602 0.742937 0.213168 0.519866
0.347274 -0.037079 0.844021 0.148033 0.745250 0.741607 0.096350 0.634032 0.243504 0.794351 0.234032 0.370652
0.403467 -0.005938 0.922686 0.212242 0.531513 0.758545 0.095039 0.504387 0.278822 0.788264 0.200044 0.342868
0.372084 -0.055257 0.878597 0.076682 0.587889 0.737714 0.082241 0.595035 0.315566 0.756744 0.300446 0.378540
0.299512 0.040495 0.958837 0.179794 0.652487 0.677721 0.005081 0.561646 0.247281 0.799849 0.247278 0.355709
