32 12 16
0.449027 0.228690 0.621989 0.738881 0.292707 0.373060 0.707858 0.830164 0.985701 0.439001 0.530786 0.128245
0.363678 0.312555 0.648443 0.656588 0.410836 0.302831 0.765819 0.862738 0.903397 0.503602 0.524851 0.207891
0.401594 0.204951 0.698455 0.681130 0.374358 0.341755 0.677630 0.851586 1.021560 0.571358 0.590774 0.132331
0.421177 0.286427 0.558467 0.549173 0.414499 0.314985 0.730225 0.926326 0.893026 0.521826 0.446897 0.163560
0.390142 0.214601 0.637524 0.538038 0.425500 0.330518 0.732168 0.921385 0.934894 0.552575 0.541220 0.133936
0.494841 0.256445 0.617706 0.634099 0.455402 0.427149 0.810091 0.849233 0.929414 0.506558 0.500629 0.164762
0.784010 0.486386 0.162430 0.945812 0.716066 0.539878 0.515673 0.717678 0.366201 0.586276 0.245176 0.189168
0.812181 0.579449 0.268343 1.057438 0.616451 0.579801 0.549161 0.802309 0.336333 0.623032 0.363451 0.240173
0.793621 0.518949 0.034746 0.912169 0.669984 0.475397 0.531770 0.678897 0.299165 0.659765 0.270180 0.340337
0.714793 0.564920 0.184937 0.941413 0.603335 0.576918 0.510993 0.744886 0.472338 0.714655 0.242798 0.234740
0.762541 0.667501 0.184065 1.029920 0.671381 0.584223 0.432155 0.755382 0.357443 0.668610 0.168336 0.201069
0.731169 0.568490 0.190609 0.995025 0.653121 0.482669 0.443618 0.752723 0.339235 0.611863 0.255511 0.203547
0.746727 0.472735 0.096324 0.964257 0.673758 0.615386 0.372798 0.773539 0.320501 0.717608 0.278318 0.205471
0.750621 0.615149 0.139421 0.973698 0.712020 0.662225 0.478678 0.801745 0.325793 0.594668 0.330787 0.236470
0.721988 0.498302 0.172891 1.012246 0.538919 0.587199 0.464512 0.732364 0.336590 0.728350 0.314073 0.224496
0.708669 0.535506 0.145973 0.999962 0.681320 0.621615 0.393852 0.731579 0.420968 0.749841 0.335173 0.172104
0.756768 0.541389 0.111471 1.000161 0.750044 0.574909 0.359331 0.731056 0.390836 0.649137 0.246937 0.207709
0.801168 0.608058 0.177920 1.029209 0.678747 0.675154 0.542371 0.799363 0.328890 0.667989 0.204916 0.185436
0.843176 0.075471 0.591157 0.468397 0.708399 0.394162 0.812998 0.830655 0.839119 0.438458 0.844832 0.750594
0.877768 -0.035505 0.634035 0.442455 0.774519 0.359081 0.743463 0.793680 0.782768 0.431223 0.808645 0.870635
0.838502 0.057987 0.640303 0.389506 0.710851 0.335560 0.723939 0.785853 0.803945 0.399152 0.889770 0.750894
0.883762 0.069771 0.567660 0.469014 0.771060 0.324700 0.772116 0.775222 0.815892 0.357482 0.875653 0.791586
0.810351 0.045671 0.686362 0.471902 0.700767 0.385705 0.809156 0.851046 0.797217 0.418586 0.798770 0.795220
0.835539 0.037349 0.717592 0.531361 0.756517 0.314819 0.649379 0.857601 0.806980 0.340239 0.836928 0.805333
0.819745 0.654971 0.207451 0.998098 0.744296 0.525517 0.434385 0.734929 0.402190 0.708708 0.283005 0.259805
0.741286 0.581001 0.166979 1.003018 0.661748 0.548855 0.534566 0.704457 0.398239 0.791222 0.220848 0.277250
0.773841 0.624665 0.181441 0.980149 0.637951 0.592385 0.414495 0.817031 0.267842 0.702851 0.252521 0.317709
0.787040 0.522055 0.146796 0.991942 0.647915 0.510497 0.426791 0.799397 0.371393 0.703389 0.269434 0.285973
0.798885 0.597270 0.117310 0.944085 0.579615 0.621247 0.480856 0.782687 0.390530 0.790046 0.297760 0.225126
0.782322 0.591706 0.119341 1.007370 0.700603 0.556458 0.473156 0.745981 0.249385 0.603233 0.251313 0.181387
0.733125 0.576709 0.144744 0.904368 0.705952 0.659640 0.433955 0.845747 0.375077 0.792922 0.365240 0.287991
0.779501 0.530288 0.092660 0.987814 0.594220 0.587798 0.425836 0.723147 0.421167 0.766944 0.288776 0.172088
