18 12 9
0.508967 0.068096 0.694161 0.912036 0.585230 0.929419 0.479183 0.440612 0.809759 0.890576 0.346521 0.716547
0.530671 0.118404 0.797830 0.964035 0.709843 1.010488 0.660793 0.469709 0.841326 0.851936 0.287438 0.655244
0.570227 0.146824 0.757460 0.973770 0.627107 0.903306 0.515151 0.508958 0.859072 1.008607 0.321982 0.756905
0.624447 0.721417 0.274087 0.405165 0.609096 0.007452 0.815340 0.372879 0.726671 0.647686 0.844180 0.945092
0.635959 0.703628 0.098724 0.402589 0.765328 -0.027345 0.830856 0.362461 0.688398 0.655685 0.723787 0.906351
0.629337 0.667527 0.222900 0.541966 0.634145 -0.072635 0.755906 0.433546 0.617615 0.565220 0.696567 0.910671
0.610459 0.761684 0.162209 0.415184 0.599007 0.064384 0.817442 0.431631 0.570684 0.707584 0.907741 0.937536
0.635345 0.749258 0.225434 0.440710 0.620934 -0.031180 0.884424 0.425357 0.625921 0.497882 0.769050 0.966727
0.666031 0.680632 0.124202 0.411942 0.720938 -0.034956 0.802747 0.392237 0.593629 0.611227 0.721218 0.952537
0.164221 0.151500 0.544908 -0.002847 0.347249 0.160733 0.637586 0.363284 0.367393 0.187506 0.788350 0.782854
0.148466 0.255696 0.601993 0.095064 0.393388 0.168005 0.605496 0.385155 0.433751 0.255895 0.807068 0.906654
0.173077 0.224976 0.516261 0.183231 0.320320 0.223031 0.651403 0.489742 0.447866 0.225362 0.814304 0.722687
0.616448 0.686069 0.207265 0.414260 0.504810 0.052069 0.795239 0.401235 0.680270 0.748525 0.836245 1.020472
0.613676 0.731836 0.252324 0.492736 0.635589 -0.042411 0.901736 0.464513 0.642245 0.534883 0.834158 0.927294
0.553557 0.699231 0.136086 0.428754 0.676416 0.082821 0.835166 0.379520 0.529001 0.565502 0.786661 1.007212
0.580889 0.712721 0.187033 0.487468 0.668607 -0.086068 0.894855 0.389872 0.612645 0.472823 0.847101 0.947390
0.619769 0.719099 0.218461 0.344863 0.696299 0.030116 0.967971 0.436287 0.613371 0.640959 0.881919 0.952331
0.653069 0.725159 0.080759 0.397764 0.612500 -0.037380 0.908540 0.407276 0.613937 0.642444 0.886341 0.915259
