100 12 50
0.366098 0.464940 0.198814 0.844603 0.606175 0.165796 0.150536 0.564523 0.156777 0.661834 0.831081 0.929122
0.292982 0.555634 0.110925 0.896860 0.515900 0.288749 0.165793 0.536602 0.207589 0.573237 0.821934 0.872160
0.300063 0.477487 0.163223 0.881010 0.496955 0.302938 0.194849 0.589136 0.220213 0.594820 0.793486 0.926666
0.310389 0.477946 0.195190 0.905149 0.453394 0.358567 0.164114 0.538380 0.184599 0.578682 0.822248 0.895741
0.286900 0.467445 0.196545 0.856599 0.510527 0.269277 0.158144 0.496229 0.166296 0.617943 0.903935 0.832547
0.335092 0.421275 0.148635 0.781608 0.459240 0.243374 0.150355 0.491345 0.194678 0.675907 0.872808 0.966870
0.414474 0.441120 0.135012 0.854118 0.510582 0.301465 0.153128 0.561671 0.206666 0.577745 0.879080 0.821935
0.247096 0.427836 0.135194 0.793349 0.456675 0.263155 0.089460 0.490037 0.156325 0.568021 0.877784 0.866334
0.369836 0.566400 0.129575 0.834137 0.497186 0.225730 0.173268 0.546824 0.099526 0.616368 0.877385 0.876146
0.333548 0.530605 0.111022 0.806383 0.428647 0.308594 0.148026 0.513900 0.228378 0.695419 0.856568 0.888327
0.359589 0.491736 0.134979 0.830472 0.410673 0.264806 0.096998 0.493792 0.217101 0.519288 0.833186 0.881107
0.343401 0.577782 0.239945 0.893203 0.470584 0.347637 0.112714 0.645148 0.201917 0.640845 0.843517 0.934738
0.365551 0.525032 0.116285 0.706911 0.383224 0.215100 0.066086 0.552917 0.095606 0.611768 0.861968 0.879507
0.280477 0.503774 0.194378 0.859434 0.497655 0.297991 0.138332 0.566008 0.199220 0.628459 0.781885 0.870505
0.261205 0.488967 0.162627 0.858876 0.443374 0.305944 0.090466 0.529653 0.151120 0.541783 0.927523 0.924271
0.398525 0.619462 0.147862 0.860584 0.615475 0.296427 0.231030 0.460591 0.169063 0.603608 0.845626 0.874018
0.313710 0.511612 0.240194 0.781356 0.478583 0.195465 0.242066 0.537603 0.159695 0.489091 0.872444 0.858838
0.349354 0.323797 0.755515 0.381280 0.661193 0.792070 0.934104 0.451160 0.802099 0.135646 0.155453 0.100283
0.292123 0.336974 0.719525 0.451333 0.565878 0.771934 0.871549 0.530059 0.788010 0.239118 0.332483 0.088041
0.418795 0.452157 0.720191 0.412775 0.538274 0.722899 0.969079 0.435382 0.738266 0.207470 0.278948 0.150246
0.361918 0.465200 0.739791 0.518426 0.582347 0.726010 0.974207 0.460983 0.699856 0.229531 0.314427 0.123619
0.416948 0.346360 0.675035 0.514110 0.639099 0.700164 0.905649 0.310472 0.816914 0.194921 0.230472 0.083132
0.253627 0.304859 0.734837 0.363737 0.650661 0.693422 0.974278 0.508609 0.771244 0.192265 0.283580 0.103991
0.337400 0.453908 0.715434 0.390458 0.592649 0.715724 0.946194 0.419672 0.787178 0.069779 0.319374 0.095839
0.346062 0.440771 0.735376 0.507564 0.644753 0.680401 0.861417 0.408824 0.749580 0.159090 0.274195 0.132941
0.381206 0.340525 0.730016 0.484889 0.648873 0.616573 0.914292 0.492602 0.813694 0.127974 0.277807 0.185160
0.340891 0.318227 0.760467 0.573998 0.613113 0.722830 0.882455 0.374494 0.830324 0.128629 0.228789 0.101995
0.367347 0.479005 0.741096 0.425161 0.561305 0.677214 0.948504 0.490824 0.719114 0.199909 0.285301 0.020444
0.252618 0.480186 0.696972 0.424228 0.665593 0.669685 0.934253 0.492504 0.758207 0.261618 0.321167 0.201350
0.416527 0.439159 0.734942 0.578002 0.563799 0.676069 0.858344 0.425483 0.842020 0.247751 0.255547 0.183846
0.392872 0.449814 0.705037 0.510963 0.637454 0.659380 0.908965 0.528701 0.761003 0.122995 0.168437 0.084316
0.333467 0.456360 0.717564 0.309199 0.652226 0.726573 0.933166 0.569079 0.983624 0.160272 0.336112 0.202250
0.335179 0.388158 0.679737 0.428929 0.544900 0.771307 0.867714 0.483564 0.769288 0.170841 0.301573 0.105813
0.358510 0.354853 0.734887 0.663350 0.627827 0.756022 0.930422 0.311306 0.804155 0.144819 0.205781 0.150325
0.380456 0.378027 0.655877 0.410565 0.610815 0.798253 0.958732 0.467560 0.828572 0.212167 0.239268 0.268557
0.400319 0.381358 0.646704 0.482522 0.693952 0.705236 0.952130 0.369510 0.778958 0.166695 0.266199 0.133126
0.407964 0.368956 0.694606 0.536769 0.558291 0.725558 0.905494 0.465092 0.800789 0.214308 0.327616 0.176292
0.336297 0.371312 0.779966 0.396816 0.567704 0.694263 0.967135 0.484869 0.807533 0.202505 0.321693 0.166524
0.366732 0.416555 0.675466 0.525130 0.510830 0.705939 0.853990 0.521838 0.764986 0.189257 0.338537 0.145219
0.366079 0.386345 0.647889 0.505306 0.652255 0.727632 0.949467 0.391109 0.756896 0.141520 0.299395 0.140329
0.422419 0.428445 0.736528 0.553852 0.690067 0.720809 0.945093 0.570758 0.744848 0.180326 0.413548 0.219101
0.383777 0.452865 0.777753 0.520345 0.641598 0.776688 0.943020 0.470279 0.850146 0.151320 0.255757 0.148267
0.413691 0.422041 0.763730 0.446740 0.696110 0.661366 0.931235 0.572101 0.744709 0.259805 0.317577 0.137628
0.350068 0.440821 0.674263 0.475281 0.700975 0.767555 0.958579 0.463000 0.655777 0.163761 0.267186 0.159800
0.266015 0.472535 0.740946 0.532224 0.660717 0.700021 0.946446 0.485852 0.732061 0.154601 0.229230 0.096994
0.392902 0.358980 0.807905 0.470873 0.626766 0.699492 1.037148 0.476082 0.745811 0.090222 0.314524 0.150095
0.446514 0.517248 0.694768 0.572719 0.733055 0.666383 0.873470 0.542827 0.807368 0.144617 0.312918 0.213323
0.344650 0.422006 0.711902 0.413978 0.657262 0.674378 0.872203 0.476740 0.756611 0.206366 0.315936 0.176166
0.342093 0.400352 0.792735 0.479923 0.698321 0.733436 0.913967 0.452708 0.836463 0.279609 0.305340 0.051516
0.226886 0.531760 0.693556 0.515456 0.631496 0.765855 0.937236 0.595761 0.763148 0.139476 0.266960 0.137619
0.419484 0.487792 0.778657 0.481870 0.547444 0.743307 0.947008 0.471891 0.880893 0.092130 0.281503 0.144333
0.447320 0.497602 0.601169 0.119400 0.047046 0.483323 0.509905 0.623456 0.534151 0.279054 0.588770 0.535437
0.452730 0.547480 0.645264 0.070539 -0.000962 0.500694 0.578686 0.623975 0.667976 0.280466 0.673786 0.533030
0.382532 0.611816 0.620879 0.099820 0.088462 0.514815 0.507174 0.661753 0.655935 0.247452 0.604196 0.506798
0.484686 0.592012 0.631707 0.086937 0.049927 0.452493 0.485473 0.684042 0.633427 0.300843 0.746638 0.481364
0.439246 0.607704 0.616613 -0.005648 0.081341 0.454437 0.583454 0.630310 0.664711 0.304191 0.647145 0.506461
0.457621 0.520980 0.622471 0.092456 -0.003721 0.501128 0.509016 0.644864 0.516715 0.340247 0.665854 0.539960
0.615064 0.543805 0.509491 0.031874 0.029081 0.428278 0.513150 0.697102 0.537059 0.288765 0.680950 0.438736
0.408947 0.482855 0.583041 0.160102 0.048133 0.383300 0.532422 0.774889 0.622342 0.240021 0.652242 0.408014
0.384124 0.510004 0.709778 0.088254 -0.053867 0.390793 0.536677 0.712327 0.614939 0.296834 0.627146 0.458516
0.438089 0.586420 0.686919 0.080099 0.054591 0.458275 0.485326 0.680697 0.715009 0.253357 0.638548 0.390932
0.427785 0.514953 0.545583 0.072743 0.047843 0.415393 0.565414 0.695630 0.585244 0.308106 0.605316 0.483201
0.486145 0.545237 0.590465 0.125414 0.043699 0.413246 0.491533 0.705888 0.509703 0.322618 0.670974 0.499887
0.481135 0.519601 0.660042 0.006573 0.051809 0.473568 0.539101 0.752079 0.629472 0.200557 0.668125 0.479669
0.392737 0.575222 0.598718 0.010963 0.081795 0.514144 0.491348 0.694151 0.566001 0.318696 0.677424 0.497433
0.505812 0.616621 0.544800 0.081187 -0.061557 0.513637 0.607867 0.715453 0.553834 0.292184 0.625564 0.461286
0.402829 0.499261 0.626890 0.120979 -0.040252 0.397985 0.490206 0.714458 0.654995 0.339130 0.732499 0.300591
0.420869 0.571150 0.621330 -0.032001 0.016735 0.385519 0.590594 0.699507 0.574893 0.291011 0.573975 0.460988
0.256755 0.437649 0.670873 0.436847 0.590245 0.730258 0.943313 0.446775 0.827362 0.057240 0.250571 0.160688
0.306469 0.421807 0.680573 0.472786 0.653779 0.756510 1.001174 0.476668 0.822679 0.220981 0.288096 0.121917
0.376421 0.432783 0.788101 0.396991 0.575966 0.745324 0.980368 0.479033 0.721223 0.165981 0.291167 0.064418
0.388713 0.376192 0.698809 0.419076 0.687493 0.726231 0.966713 0.525638 0.851175 0.151034 0.244619 0.068023
0.331514 0.386310 0.699691 0.446120 0.528140 0.752717 0.877856 0.384929 0.757063 0.180875 0.300469 0.160461
0.403317 0.343659 0.720465 0.503278 0.685545 0.665534 0.896609 0.466056 0.785081 0.208649 0.153508 0.078466
0.345988 0.416840 0.719883 0.398537 0.575494 0.662973 0.931682 0.430240 0.720111 0.191724 0.210250 0.159699
0.339537 0.422189 0.670933 0.471119 0.635975 0.622131 0.853035 0.421933 0.821843 0.241781 0.313456 0.209219
0.436811 0.328816 0.682005 0.513146 0.603661 0.683003 1.000382 0.342859 0.833242 0.275908 0.284043 0.096804
0.344491 0.380356 0.713697 0.542904 0.679550 0.790365 0.833289 0.473524 0.853597 0.161421 0.251673 0.126340
0.383714 0.314205 0.728669 0.531948 0.682727 0.667822 0.893457 0.544432 0.819586 0.180057 0.265690 0.255215
0.375204 0.329259 0.665529 0.421898 0.701039 0.693711 0.809078 0.411019 0.739191 0.150919 0.267741 0.073840
0.336894 0.468043 0.742381 0.456844 0.630713 0.719686 0.840995 0.429561 0.812032 0.236196 0.273101 0.158518
0.275114 0.401225 0.707878 0.405553 0.576954 0.796290 0.984155 0.516052 0.872638 0.178757 0.292570 0.102266
0.395382 0.397102 0.689823 0.406953 0.601161 0.674234 0.862749 0.482008 0.834359 0.174841 0.266857 0.123195
0.363785 0.353035 0.641689 0.408914 0.620452 0.678224 0.902334 0.474865 0.582072 0.067716 0.221348 0.126760
0.341737 0.432950 0.719128 0.514778 0.620353 0.753002 0.959402 0.408813 0.778368 0.234474 0.394196 0.142127
0.358064 0.435287 0.757362 0.487456 0.632500 0.710311 0.843746 0.477979 0.803395 0.151025 0.227453 0.123075
0.375244 0.451954 0.714670 0.431309 0.636679 0.736171 0.955742 0.428845 0.878674 0.159736 0.315528 0.091270
0.389007 0.456651 0.778333 0.459161 0.650259 0.741009 0.979786 0.463675 0.782763 0.180890 0.354809 0.104715
0.270454 0.429507 0.711776 0.374127 0.606408 0.708371 0.880412 0.388320 0.806328 0.243405 0.262252 0.099006
0.349782 0.436619 0.757895 0.550660 0.655506 0.745639 0.944687 0.499364 0.808339 0.218361 0.295112 0.109802
0.432192 0.428290 0.712408 0.493101 0.675403 0.702969 0.945095 0.579863 0.782790 0.242530 0.242751 0.229500
0.250487 0.485575 0.790952 0.435712 0.654388 0.765470 0.948076 0.516523 0.815208 0.210252 0.406193 0.112907
0.266429 0.383736 0.634013 0.500406 0.575980 0.672092 0.907878 0.443659 0.868303 0.265380 0.175401 0.189728
0.294680 0.467457 0.811188 0.386753 0.682531 0.763512 0.922806 0.481554 0.709334 0.234508 0.306838 0.082867
0.433566 0.452211 0.859789 0.516592 0.644604 0.700310 0.910761 0.518791 0.713286 0.129570 0.280649 0.151013
0.337256 0.422057 0.651345 0.461100 0.569368 0.805369 0.886285 0.610340 0.724424 0.217168 0.232695 0.125497
0.312717 0.438009 0.748289 0.424089 0.599766 0.659984 0.907782 0.491210 0.779388 0.165433 0.221174 0.150322
0.348507 0.333859 0.751444 0.500469 0.612804 0.739101 1.009842 0.445941 0.753830 0.245345 0.355806 0.124795
0.375361 0.429621 0.670668 0.477475 0.621654 0.751402 0.858235 0.411729 0.804757 0.232477 0.257107 0.100973
0.305226 0.367951 0.728522 0.576692 0.600873 0.789737 0.951158 0.437961 0.785232 0.206938 0.319018 0.034807
