200 12 150
0.709137 -0.003112 0.183170 0.418391 0.063010 0.365716 0.948210 0.183876 0.476151 0.771103 0.840056 0.143260
0.646351 0.018291 0.230055 0.391316 0.063766 0.406590 0.802464 0.166267 0.467634 0.822095 0.860473 0.074171
0.802637 0.032704 0.115762 0.370671 0.041805 0.492320 0.813653 0.154785 0.443833 0.823808 0.921419 0.077347
0.631018 -0.025179 0.170172 0.340488 -0.004901 0.453612 0.862841 0.272391 0.483943 0.826703 0.819795 0.059567
0.871555 0.076767 0.066094 0.432419 0.019202 0.412766 0.920251 0.209489 0.463353 0.879817 0.804028 0.172249
0.709333 0.044017 0.126153 0.458254 -0.065758 0.456860 0.878797 0.234901 0.392247 0.817313 0.954480 0.136799
0.736718 0.068429 0.225531 0.431313 0.127016 0.451940 0.907579 0.293907 0.507754 0.904088 0.896500 0.018067
0.667103 0.069752 0.212421 0.432809 0.064681 0.448353 0.970074 0.098016 0.404081 0.839086 0.891581 0.162139
0.694472 0.073679 0.129347 0.487752 0.082681 0.360090 0.926931 0.179873 0.489594 0.830615 0.854791 0.145369
0.712934 0.045607 0.118541 0.422127 0.052738 0.435691 0.885864 0.188622 0.514138 0.774662 0.870302 0.125227
0.711657 0.061993 0.123378 0.328676 0.042854 0.282412 0.881900 0.172209 0.478873 0.938465 0.848419 0.056836
0.685189 0.083142 0.188771 0.413858 -0.025394 0.425490 0.938533 0.172046 0.478490 0.891775 0.908590 0.071494
0.632533 0.020807 0.101616 0.344783 -0.065671 0.357103 0.929261 0.129807 0.430070 0.812701 0.851820 0.117464
0.717463 0.047147 0.122094 0.346143 0.015182 0.405411 0.938507 0.236744 0.457851 0.867848 0.870669 0.127777
0.664018 -0.023433 0.140873 0.421626 0.037363 0.462207 0.863203 0.216883 0.469641 0.814428 0.849081 0.076849
0.726623 0.070654 0.204631 0.433681 -0.096967 0.410590 0.871891 0.102866 0.380450 0.832329 0.909776 0.101064
0.728274 0.034145 0.122066 0.392142 0.015090 0.399121 0.861870 0.262324 0.462770 0.853275 0.901290 0.130956
0.650545 -0.008175 0.177596 0.467769 0.154070 0.393277 0.912260 0.238807 0.486488 0.824052 0.861134 0.101738
0.747905 0.058016 0.164462 0.432448 0.031518 0.445466 0.839374 0.122117 0.482383 0.869667 0.851169 0.062567
0.573540 0.023358 0.199088 0.233469 -0.032010 0.454669 0.926699 0.215112 0.468260 0.849550 0.850368 0.079473
0.703619 0.102444 0.169936 0.423562 -0.039132 0.488080 0.915010 0.228818 0.549208 0.813306 0.869884 0.106494
0.788183 0.048849 0.178008 0.353108 0.171792 0.423846 0.855191 0.165914 0.503301 0.915936 0.758307 0.018685
0.632773 0.050826 0.229529 0.414727 0.014081 0.346389 0.908827 0.150482 0.524976 0.807515 0.725231 0.152798
0.716980 0.095776 0.184931 0.427822 0.027246 0.372287 0.912128 0.221744 0.460505 0.865694 0.892413 0.070562
0.692277 -0.049457 0.145095 0.503690 0.138627 0.454526 0.868313 0.133493 0.477513 0.858626 0.846907 0.012017
0.641906 0.097161 0.112338 0.446967 -0.042982 0.503259 0.890061 0.118017 0.455625 0.824202 0.874085 0.146507
0.634090 0.049198 0.305903 0.432409 -0.055505 0.442590 0.875969 0.227091 0.409954 0.876888 0.815283 0.081314
0.739455 0.080537 0.143312 0.419885 0.055425 0.461788 0.817870 0.200614 0.448548 0.787220 0.831493 0.137188
0.734860 0.019823 0.155807 0.440045 0.016511 0.480569 0.786997 0.193437 0.497932 0.809923 0.920836 0.085444
0.711890 0.112527 0.145319 0.389851 0.068690 0.475139 0.856090 0.228369 0.549054 0.818026 0.904894 0.108839
0.691818 0.084471 0.243578 0.428975 0.039957 0.418276 0.862584 0.117908 0.432077 0.819977 0.780966 0.092569
0.706741 0.019030 0.294883 0.380341 -0.003593 0.447878 0.877655 0.158923 0.478438 0.787122 0.794119 0.151840
0.762561 0.031544 0.227940 0.456169 0.046956 0.467884 0.871442 0.217606 0.451900 0.865428 0.887993 0.063816
0.719733 0.036140 0.214043 0.394196 0.055941 0.481197 0.795644 0.266162 0.534251 0.856833 0.843984 0.071276
0.488065 0.109134 0.133781 0.870605 -0.006804 0.436175 0.451802 0.444819 1.004199 0.264297 0.053482 0.795081
0.449444 0.057881 0.052057 0.938192 0.058569 0.414633 0.423712 0.466940 0.912987 0.210042 0.121015 0.872607
0.477527 0.160922 -0.019724 0.935278 0.145688 0.490501 0.397723 0.582111 0.988074 0.221431 0.124544 0.917642
0.503923 0.237415 0.123354 0.929880 0.114886 0.436070 0.390132 0.493801 0.968524 0.247540 0.176699 0.785543
0.426585 0.247636 0.113662 0.910248 0.034045 0.500894 0.418875 0.513220 0.933568 0.187419 0.054579 0.969689
0.426338 0.158267 0.142443 0.910044 0.121610 0.383993 0.417471 0.485611 0.923554 0.354369 0.100507 0.873726
0.411429 0.113443 0.109631 0.982491 -0.054742 0.488745 0.391861 0.474939 0.968494 0.233974 0.152774 0.958726
0.468213 0.218943 0.052338 0.893792 0.018343 0.431572 0.475632 0.389969 0.984515 0.145470 0.095826 0.834526
0.399717 0.199602 0.152387 0.872788 0.020570 0.515299 0.360186 0.458304 0.982009 0.181308 0.116774 0.841116
0.520206 0.160723 0.014140 1.043227 0.134419 0.451735 0.502986 0.413657 0.981245 0.204630 0.205925 0.863034
0.442467 0.086599 -0.049466 0.871118 0.127351 0.391039 0.338152 0.413356 0.975717 0.267745 0.097115 0.801972
0.512730 0.161692 0.155043 0.961581 0.171399 0.455386 0.376680 0.412582 0.946906 0.254403 0.068034 0.808241
0.470760 0.168510 0.097590 0.844059 0.145859 0.448837 0.395666 0.518283 0.900028 0.288586 0.120439 0.844005
0.374384 0.188705 0.143839 0.958319 0.062733 0.454330 0.472149 0.375184 0.892121 0.169923 0.165758 0.891637
0.516651 0.164962 0.150667 0.878748 0.016499 0.512263 0.434754 0.397872 0.990745 0.236651 0.106946 0.845398
0.416417 0.187297 0.073200 0.915479 0.113608 0.396202 0.316760 0.505751 0.969774 0.246462 0.150305 0.938937
0.366964 0.187813 0.015040 0.849622 0.119608 0.374096 0.603379 0.468456 0.980902 0.197294 0.177073 0.825172
0.463347 0.140040 0.099942 0.915551 0.115388 0.494349 0.392204 0.489469 0.931760 0.310707 0.129763 0.897695
0.375917 0.146608 0.150620 0.931141 0.014060 0.529668 0.426026 0.530442 0.933980 0.179455 0.110911 0.888334
0.336937 0.058780 0.076278 0.964306 0.096825 0.502262 0.414815 0.440718 1.061810 0.102615 0.123994 0.835928
0.557267 0.109725 0.074978 0.943611 0.086391 0.454548 0.385215 0.430147 0.963762 0.338713 0.008114 0.946616
0.519090 0.168852 0.086287 0.833084 0.120383 0.402396 0.451532 0.412658 0.883827 0.209845 0.061421 0.892259
0.469679 0.138862 0.078184 0.954427 0.172264 0.511593 0.347848 0.429200 0.959235 0.198407 0.118226 0.852714
0.351099 0.141399 0.025484 0.927363 0.103999 0.456731 0.426145 0.466996 0.950111 0.264809 0.052253 0.826432
0.438619 0.069878 0.102180 0.861348 0.055504 0.418772 0.443391 0.427858 0.989067 0.295292 0.128222 0.951603
0.454539 0.164914 0.097834 0.973449 0.177016 0.440070 0.484800 0.548341 0.982173 0.182102 -0.032665 0.931864
0.416237 0.132278 0.022319 0.918369 0.096889 0.545421 0.395967 0.436162 0.967920 0.200644 0.133030 0.873717
0.408749 0.082073 0.113787 0.956203 0.049258 0.398117 0.417558 0.430087 0.898357 0.244821 0.051473 0.843289
0.486018 0.105201 0.100058 1.022166 0.122855 0.443478 0.366869 0.391871 0.983709 0.179687 0.206979 0.913737
0.377579 0.244613 0.081948 0.987672 0.160190 0.477816 0.445460 0.492660 0.972741 0.168644 -0.032553 0.809075
0.420931 0.163986 0.110070 0.877047 0.084227 0.450846 0.454613 0.421156 1.054743 0.197334 0.096041 0.870506
0.531553 0.169809 0.065837 0.854583 0.181431 0.459479 0.427508 0.583220 1.006916 0.227131 0.113929 0.855124
0.487480 0.132234 0.109965 0.883028 0.012797 0.436295 0.425742 0.437136 1.003563 0.282226 0.155641 0.931665
0.489088 0.161422 0.116601 0.920029 0.137457 0.526934 0.437712 0.480068 1.048674 0.214346 0.091060 0.869382
0.453663 0.214702 0.045848 0.929705 0.137636 0.505106 0.453412 0.595317 0.927021 0.222389 -0.003051 0.768166
0.353293 0.156991 0.134207 0.925269 0.059115 0.422300 0.536635 0.429076 1.017775 0.214858 0.096577 0.807467
0.417709 0.203766 0.043425 0.954941 0.041381 0.380442 0.452519 0.445226 1.068547 0.238125 0.006394 0.841931
0.434299 0.138155 0.041157 0.931385 0.090420 0.432658 0.437912 0.472789 1.069625 0.211572 0.132944 0.792998
0.518263 0.119327 0.072153 0.917543 0.053077 0.410047 0.460640 0.510562 0.890763 0.260725 0.107679 0.909310
0.459458 0.137652 0.036467 0.914522 0.109697 0.441353 0.466105 0.558047 0.911188 0.249822 0.088320 0.820101
0.464674 0.143748 0.017633 0.870260 0.091429 0.479294 0.451423 0.488863 0.990059 0.188298 0.102920 0.979731
0.478149 0.190924 0.056165 0.812619 0.085397 0.433895 0.425172 0.470383 0.986518 0.258800 0.065778 0.833137
0.398333 0.081648 0.054412 0.940644 0.129268 0.441291 0.364092 0.462787 0.885426 0.228773 0.151622 0.860472
0.412535 0.190663 0.076584 0.907983 0.053932 0.513534 0.341856 0.443706 0.959110 0.174251 0.161371 0.858340
0.409208 0.195630 0.157760 0.976861 0.106109 0.461518 0.416657 0.456282 0.982512 0.263781 0.205642 0.826867
0.506011 0.133091 0.050683 0.930194 0.094401 0.412181 0.472765 0.470130 0.945642 0.192015 0.113663 0.774289
0.472333 0.160087 0.101344 0.943924 0.069990 0.538391 0.466916 0.433209 0.953711 0.244973 0.115068 0.829580
0.379620 0.107560 0.049440 0.962213 0.079575 0.402251 0.531510 0.439930 1.015193 0.266296 0.080395 0.914345
0.435107 0.217310 0.098865 0.880272 0.019001 0.482355 0.372420 0.458319 0.932618 0.277637 0.083340 0.790054
0.464836 0.162518 0.048719 0.892232 0.012642 0.485185 0.367833 0.395384 1.003674 0.244407 0.202188 0.871885
0.488912 0.127009 0.057082 0.905833 0.185415 0.455538 0.414774 0.535671 1.002368 0.263529 0.162269 0.938335
0.452989 0.118257 -0.018000 0.961035 0.118387 0.455573 0.458544 0.404540 0.977103 0.192224 0.117807 0.849702
0.437982 0.149277 0.084678 0.841847 0.087908 0.433828 0.353777 0.466617 1.001952 0.170177 0.144684 0.785864
0.472404 0.196595 0.026494 0.946038 0.130100 0.412515 0.452251 0.377195 1.023738 0.270882 0.113028 0.800500
0.453841 0.092339 0.068603 0.874985 0.178931 0.525324 0.412731 0.475131 1.030115 0.258548 0.079685 0.818181
0.562655 0.185957 0.134226 0.978392 0.085596 0.544760 0.422292 0.499058 0.947088 0.131083 0.050574 0.821459
0.382352 0.129517 0.075032 0.888060 0.144045 0.535612 0.419650 0.476282 0.977852 0.195913 0.114470 0.835320
0.411569 0.211158 0.147030 0.943188 0.099926 0.412432 0.426557 0.405891 0.966749 0.185026 0.192349 0.867495
0.489826 0.152222 0.013140 0.922874 0.023139 0.422021 0.447082 0.498664 1.024084 0.256222 0.126212 0.822494
0.479083 0.152181 0.007794 0.891710 0.132887 0.442282 0.322570 0.501672 0.978918 0.094962 0.172504 0.877316
0.456182 0.166650 0.115555 0.919324 0.148259 0.465054 0.361159 0.381852 0.887868 0.157477 0.032956 0.918541
0.422999 0.156399 0.068427 0.873513 0.142510 0.446066 0.442952 0.505621 0.951691 0.183555 0.058007 0.863931
0.434145 0.170999 0.094407 0.868370 0.096437 0.502795 0.439914 0.472609 1.001836 0.154646 0.098603 0.927470
0.429035 0.120111 0.137626 0.963863 0.154374 0.346925 0.419119 0.542252 0.862096 0.194636 0.088244 0.906275
0.488251 0.205869 0.114433 0.917962 0.045378 0.459113 0.454682 0.451380 1.046651 0.213803 0.091394 0.887548
0.519542 0.226648 0.113572 0.926119 0.070558 0.478329 0.411233 0.476903 1.014785 0.252379 0.137362 0.952746
0.499490 0.117748 0.014715 1.045853 0.143663 0.346418 0.410625 0.524356 0.929887 0.175484 0.058238 0.839238
0.430728 0.137849 0.127413 0.993266 0.178527 0.385705 0.384054 0.478113 0.921606 0.213145 0.121884 0.844618
0.796285 0.905401 0.880132 0.871376 0.246472 0.129661 0.588337 0.552711 0.925526 0.126838 0.725170 0.048922
0.794838 0.893386 0.906707 0.820392 0.255795 0.116814 0.675869 0.555559 0.970219 -0.027600 0.853131 0.137493
0.719838 0.828834 0.870470 0.956760 0.402605 0.228696 0.684585 0.605698 0.988214 0.062835 0.933217 0.073290
0.740712 0.833946 0.959846 0.919216 0.409831 0.146289 0.540598 0.508579 0.854700 0.111464 0.765831 0.122213
0.792292 0.842661 0.878742 0.786400 0.239766 0.199926 0.624276 0.550941 0.988254 0.065137 0.890045 -0.026820
0.760489 0.910614 0.918891 0.832356 0.322383 0.127704 0.660365 0.603865 0.977728 0.097702 0.831135 0.012490
0.857664 0.902544 0.873576 0.898766 0.312582 0.099108 0.678070 0.524221 0.866512 0.110713 0.907571 0.095635
0.760802 0.878042 0.898265 0.830117 0.266773 0.186357 0.586080 0.671603 0.887236 0.061083 0.761754 0.092639
0.821029 0.865275 0.930386 0.774954 0.306236 0.241216 0.713019 0.587777 0.948515 0.043462 0.850081 0.058833
0.787428 0.861137 0.940982 0.803735 0.355399 0.170358 0.577525 0.623495 0.944333 0.003942 0.929096 0.057692
0.772575 0.856833 0.930633 0.865211 0.245882 0.217932 0.655698 0.621135 0.996390 0.044961 0.839324 0.060547
0.732595 0.831828 0.890881 0.730649 0.273321 0.200818 0.608174 0.566478 0.972988 0.072349 0.863267 0.074733
0.794684 0.962890 0.959313 0.821721 0.342232 0.193983 0.624066 0.654173 0.921512 0.074727 0.821272 0.073034
0.794198 0.845207 0.994971 0.952350 0.332530 0.171222 0.648689 0.530683 0.974845 -0.053156 0.823142 0.003755
0.819083 0.881555 0.874276 0.889639 0.403955 0.297393 0.549267 0.651553 0.915495 0.029294 0.850527 0.074924
0.816961 0.923160 0.891362 0.834373 0.393010 0.207961 0.569773 0.529804 0.989021 0.007892 0.917344 0.106712
0.644298 0.973606 0.978686 0.878755 0.310853 0.181245 0.697399 0.645494 0.977153 -0.056934 0.810342 0.068603
0.821122 0.850552 0.868766 0.951564 0.414600 0.219918 0.622923 0.620126 0.932889 -0.041408 0.900422 -0.054417
0.753467 0.887062 0.925071 0.873229 0.344154 0.125829 0.639898 0.652087 0.908897 -0.056849 0.871199 0.140592
0.743741 0.901578 0.986634 0.841700 0.275022 0.205275 0.583297 0.570524 0.970153 -0.035141 0.816790 0.015300
0.751255 0.832935 0.973741 0.927808 0.348743 0.186279 0.681312 0.598502 0.877927 0.079359 0.789238 0.121662
0.811853 0.828912 0.812013 0.931367 0.277808 0.261112 0.522967 0.716411 0.976695 -0.005353 0.867983 0.066448
0.824134 0.872213 0.887408 0.934554 0.295570 0.197481 0.586403 0.572838 0.922744 0.083001 0.868187 0.094379
0.805442 0.871439 0.930312 0.861158 0.220906 0.246776 0.574870 0.636364 0.878435 0.028287 0.866127 0.127526
0.786407 0.817528 0.876355 0.854485 0.366388 0.197227 0.657142 0.548371 0.992167 -0.015360 0.702199 -0.021162
0.781824 0.831773 0.962538 0.891751 0.307342 0.135574 0.648807 0.579613 0.982163 0.101588 0.789360 0.149773
0.739632 0.878844 0.891236 0.764592 0.320230 0.184779 0.577683 0.610006 0.974054 -0.037514 0.808754 0.063056
0.774679 0.933130 0.772241 0.786665 0.213031 0.236723 0.678657 0.623445 0.916524 0.123585 0.835973 0.110757
0.696572 0.834186 0.900569 0.881430 0.335089 0.197450 0.668644 0.552863 0.968833 -0.059741 0.766677 0.055751
0.800108 0.777591 0.913921 0.830888 0.272777 0.212835 0.647159 0.520954 0.976604 -0.007752 0.829650 0.083146
0.782953 0.823560 0.888172 0.874515 0.330478 0.223884 0.676406 0.586755 0.954307 0.042601 0.834454 0.122086
0.727640 0.858105 0.934158 1.006812 0.213792 0.162107 0.547629 0.687430 0.938060 0.091380 0.839380 0.037955
0.811783 0.877230 0.868453 0.913634 0.333355 0.227591 0.704370 0.599366 1.023884 0.059158 0.791995 0.135332
0.724600 0.806153 0.888736 0.835389 0.316956 0.155603 0.739059 0.581058 0.918133 0.074119 0.852117 0.015387
0.442093 0.143371 0.170328 0.895466 0.217573 0.452711 0.433701 0.405824 0.905218 0.168485 0.085109 0.839065
0.470298 0.178791 0.039049 0.872247 0.191255 0.418207 0.384127 0.468631 0.957732 0.253664 0.116614 0.852893
0.516973 0.129029 0.050329 0.793608 0.099285 0.486239 0.385552 0.462190 1.007262 0.177820 0.101679 0.976898
0.394048 0.257441 0.012373 0.914126 0.016350 0.474114 0.444546 0.499846 0.969424 0.179096 0.130527 0.868975
0.463885 0.201998 0.051192 1.003590 0.128169 0.369969 0.427213 0.459731 0.906331 0.204598 0.122759 0.834895
0.534684 0.149012 0.100464 1.084589 0.052734 0.468003 0.367948 0.349339 1.060289 0.213021 0.038046 0.918238
0.348662 0.078356 0.065471 0.973319 0.099901 0.407521 0.451128 0.422865 0.953346 0.185557 0.029202 0.908145
0.487130 0.172408 0.085356 0.901150 0.070184 0.350522 0.512981 0.441705 0.955058 0.224331 0.084730 0.881296
0.477968 0.168636 0.178416 0.956759 0.183667 0.479023 0.441998 0.390413 0.892350 0.319204 0.172144 0.730481
0.468239 0.148366 0.021254 0.876483 0.113159 0.497749 0.438812 0.435666 0.958424 0.165080 0.095006 0.845544
0.558397 0.232326 0.132913 0.913385 0.188550 0.429690 0.375221 0.514970 1.006478 0.249484 0.016030 0.876681
0.521091 0.222096 -0.015325 0.943266 0.059346 0.413868 0.414097 0.505682 0.925007 0.201213 0.156666 0.806635
0.472088 0.162055 0.055765 0.954278 0.177162 0.435106 0.414044 0.449094 0.980299 0.174112 0.090681 0.769036
0.534688 0.083281 0.027254 0.936655 0.074062 0.469703 0.484620 0.506362 0.956907 0.117456 0.061909 0.843946
0.363707 0.097384 0.154675 0.959607 0.061092 0.527172 0.519572 0.510123 0.963791 0.333909 0.088128 0.889017
0.439595 0.209322 0.076821 0.932581 0.078930 0.462400 0.450525 0.580492 0.947511 0.235266 0.050175 0.850333
0.543049 0.144088 0.177493 0.904875 0.070994 0.510276 0.409017 0.503030 0.979016 0.202044 0.070015 0.862643
0.347142 0.142020 0.064485 0.927577 0.164347 0.411422 0.376689 0.385598 0.951843 0.261589 0.065543 0.886027
0.539893 0.071262 0.071355 0.904572 0.116347 0.380500 0.344960 0.432672 0.993002 0.148083 0.068734 0.868977
0.521531 0.138187 0.160158 0.919935 0.141727 0.522470 0.391289 0.451237 0.939559 0.222521 0.073730 0.832211
0.536554 0.105781 0.106025 0.912678 0.096306 0.427799 0.293324 0.459395 0.966337 0.203251 0.175291 0.854218
0.366400 0.320151 0.081759 0.966492 0.134409 0.512502 0.532577 0.450721 0.992093 0.205782 0.079907 0.783666
0.439502 0.084286 0.055672 0.951423 0.251732 0.528461 0.369084 0.474823 0.843412 0.145088 0.113562 0.929222
0.477040 0.184527 0.094342 0.939761 0.098502 0.435599 0.423062 0.396067 0.961910 0.189146 0.147768 0.940111
0.310474 0.168599 0.074287 1.011991 0.152671 0.488305 0.368692 0.450145 0.901066 0.149369 0.098252 0.911866
0.466721 0.126836 0.110949 0.939627 0.065090 0.463498 0.444306 0.517977 0.960539 0.265756 0.110350 0.868771
0.449733 0.182273 0.120577 0.825778 0.093038 0.479267 0.411419 0.548811 0.874241 0.264149 0.070924 0.883485
0.488334 0.127146 0.099502 0.914836 0.127190 0.505533 0.440002 0.475555 0.944596 0.233935 0.098069 0.866069
0.306654 0.077654 0.099637 0.883526 0.164975 0.393074 0.311352 0.471125 0.895270 0.216613 0.074424 0.868448
0.476658 0.120698 0.120758 0.926049 0.142730 0.508391 0.423736 0.545475 0.962773 0.187380 0.063735 0.763468
0.429911 0.116158 -0.034070 0.899744 0.087520 0.480321 0.418599 0.439999 0.918317 0.157456 0.106099 0.909404
0.404753 0.131823 0.108063 0.856675 0.061185 0.523549 0.405454 0.461541 0.964868 0.326962 0.144293 0.886067
0.390871 0.217414 0.135140 0.902710 0.022218 0.426878 0.449391 0.470192 0.996885 0.205807 0.073954 0.866558
0.440822 0.234485 0.079282 0.958452 0.067058 0.411469 0.482965 0.503507 0.941491 0.279764 0.070487 0.807155
0.483701 0.170522 0.129542 0.864215 0.023732 0.490966 0.289305 0.503813 0.930348 0.231468 0.069984 0.894339
0.483688 0.093405 0.068087 0.855495 0.093076 0.536623 0.456379 0.416699 0.995423 0.240803 0.063472 0.821082
0.438995 0.131217 0.053417 0.974556 0.117088 0.478209 0.491046 0.510503 0.989610 0.206297 0.114434 0.778783
0.427477 0.126271 0.130804 0.908873 0.116850 0.486882 0.475126 0.464615 1.016273 0.185200 0.075881 0.905832
0.509102 0.072674 0.077579 1.019046 0.133515 0.438752 0.439880 0.495549 0.878965 0.267240 0.110194 0.852559
0.521936 0.144886 0.092756 0.862989 0.150300 0.545183 0.437415 0.451324 0.952116 0.204835 0.127313 0.905064
0.423932 0.153233 0.108723 1.001131 0.101192 0.513219 0.472391 0.447120 0.846143 0.299436 0.105939 0.822246
0.364446 0.182640 0.005301 0.877118 0.098931 0.410778 0.427408 0.507312 0.962972 0.251098 0.034583 0.852803
0.503291 0.172792 0.106775 0.972007 0.140667 0.397211 0.506301 0.472328 1.058351 0.276065 0.146169 0.796882
0.438442 0.210666 0.119873 0.992751 0.073545 0.408668 0.444120 0.497577 0.987720 0.236129 0.050902 0.901433
0.542123 0.135328 -0.024922 0.904006 0.032677 0.597126 0.437387 0.444122 1.001734 0.265317 0.070123 0.918434
0.535455 0.248571 0.081908 0.888758 -0.000893 0.484116 0.390402 0.442395 1.008926 0.385470 0.144124 0.818013
0.500110 0.215716 0.085371 0.943454 0.208647 0.405364 0.407360 0.447688 0.943598 0.202036 0.127914 0.917306
0.380519 0.131826 0.096809 0.923666 0.119872 0.403859 0.392557 0.538199 0.938040 0.272516 0.055823 0.780958
0.546194 0.205012 0.037231 0.945008 0.017064 0.542290 0.356585 0.573944 0.909067 0.127024 0.083728 0.816559
0.487434 0.156666 0.053086 0.918871 0.093133 0.434307 0.456485 0.480431 0.984548 0.290301 0.079350 0.971993
0.460725 0.160927 0.087075 0.976935 0.154433 0.418470 0.504087 0.409811 0.956697 0.257260 0.038960 0.917355
0.470241 0.123410 0.104367 0.876797 0.122698 0.446595 0.440851 0.454371 0.983643 0.234111 0.168641 0.926732
0.402998 0.210779 0.067761 0.880132 0.117628 0.410194 0.399890 0.498167 0.951114 0.244390 0.106772 0.829023
0.442757 0.156075 0.095208 0.948257 0.089200 0.403964 0.439521 0.506690 0.995670 0.289757 0.095374 0.800673
0.445473 0.153141 0.136934 0.790539 0.026100 0.453553 0.496047 0.394499 0.952888 0.321586 0.104208 0.777545
0.343257 0.108262 0.152961 0.961520 0.064095 0.394694 0.418534 0.499858 0.949582 0.314608 0.068648 0.900616
0.509378 0.205082 0.031796 0.863820 0.141430 0.440459 0.406953 0.470919 0.938582 0.232967 0.159303 0.872770
0.506944 0.218551 0.125699 0.920594 0.084693 0.488109 0.414095 0.612372 0.969118 0.271333 0.070995 0.872705
0.463784 0.210585 0.163039 0.866989 0.180329 0.479334 0.408314 0.489279 0.963844 0.132903 0.132359 0.832336
0.439810 0.240892 0.120089 0.853107 0.150697 0.487416 0.384332 0.521981 0.963198 0.174075 0.032995 0.805179
0.351125 0.083247 0.088492 0.897220 0.136189 0.460655 0.488121 0.424910 0.983995 0.170828 0.097790 0.851838
0.460702 0.209221 0.136115 0.940404 0.099473 0.439809 0.432868 0.543378 0.979473 0.272603 0.150588 0.761700
0.463175 0.117850 0.057654 0.967297 0.012997 0.399265 0.463928 0.522288 0.953094 0.304174 0.071884 0.863256
0.468620 0.179633 0.091448 0.930368 0.088925 0.467322 0.510126 0.436672 0.965612 0.249298 0.015767 0.887278
