1000 8 500
0.484032 0.911128 0.086874 0.098005 0.286452 0.814640 0.120985 0.735333
0.419234 0.912418 0.246514 -0.019876 0.195094 0.828248 0.125876 0.709638
0.428229 0.780650 0.208344 0.045197 0.196870 0.866787 0.149114 0.761459
0.365459 0.846075 0.235665 0.122325 0.262293 0.799733 0.149098 0.769742
0.404890 0.806036 0.242526 0.063307 0.178545 0.823185 0.130929 0.834395
0.347986 0.941000 0.146104 0.144085 0.170275 0.821475 0.099636 0.802609
0.521280 0.837067 0.328664 0.135099 0.173141 0.760189 0.128845 0.736529
0.369178 0.904161 0.278496 0.015338 0.371952 0.806274 0.215172 0.718729
0.410112 0.818266 0.257621 0.099613 0.158312 0.885801 0.169755 0.762773
0.437789 0.906718 0.209126 -0.009425 0.180671 0.769460 0.096770 0.797725
0.435344 0.836281 0.164121 0.091152 0.273645 0.836416 0.107586 0.715180
0.231340 0.921143 0.233564 0.074830 0.281240 0.806750 0.176132 0.619903
0.327791 0.939905 0.200398 0.031238 0.239625 0.861282 0.198793 0.792616
0.380080 0.901604 0.213631 0.038172 0.109948 0.817089 0.103491 0.805478
0.312503 0.886853 0.159376 -0.077085 0.267265 0.755700 0.201456 0.740078
0.413460 0.925689 0.236835 0.113787 0.186884 0.789710 0.203877 0.702749
0.392903 0.775983 0.242287 0.053652 0.181416 0.777614 0.149647 0.719278
0.397165 0.803800 0.325288 0.019793 0.204500 0.778609 0.118338 0.672131
0.421047 0.879865 0.218484 0.063106 0.164421 0.774600 0.235063 0.665454
0.289155 0.873755 0.234486 0.009965 0.208117 0.830776 0.119006 0.679937
0.392428 0.818429 0.184599 0.065259 0.205470 0.738616 0.172952 0.820368
0.357986 0.878861 0.200819 0.033514 0.169678 0.782899 0.119628 0.737289
0.350935 0.856083 0.107762 0.115710 0.189652 0.749876 0.123826 0.710118
0.313414 0.846788 0.334949 -0.020116 0.229499 0.848364 0.110325 0.659425
0.349985 0.810369 0.173332 0.064838 0.218012 0.820080 0.240053 0.688480
0.442592 0.854643 0.260682 0.011873 0.198112 0.834267 0.095855 0.780070
0.457724 0.806264 0.193985 0.072566 0.185694 0.808957 0.207031 0.784309
0.379988 0.919915 0.244276 0.034732 0.178272 0.856603 0.236074 0.683512
0.335305 0.975393 0.153253 -0.008465 0.237525 0.849843 0.128725 0.708217
0.437458 0.944260 0.223284 0.034724 0.122221 0.827714 0.175531 0.710950
0.438162 0.978206 0.220440 0.015678 0.178315 0.782623 0.157339 0.654889
0.490253 0.864816 0.242230 0.068535 0.182863 0.674729 0.179942 0.682342
0.392083 0.929438 0.208162 0.135923 0.216838 0.748268 0.144924 0.739234
0.340890 0.849940 0.237694 0.096270 0.181181 0.862176 0.112312 0.735090
0.424541 0.855686 0.338156 0.047987 0.260352 0.782380 0.195727 0.621098
0.367862 0.825611 0.200041 -0.002203 0.176561 0.841041 0.220969 0.635958
0.391669 0.861354 0.289538 -0.053064 0.097463 0.679014 0.119599 0.811091
0.449734 0.914778 0.279009 0.089616 0.239464 0.754037 0.150213 0.812476
0.426230 0.885768 0.324499 0.098407 0.216401 0.870594 0.090742 0.621388
0.364807 0.921810 0.173370 0.075305 0.252448 0.763255 0.076266 0.744285
0.336105 0.946733 0.263447 0.075849 0.166085 0.835152 0.189612 0.684492
0.272322 0.905827 0.330264 0.021247 0.224858 0.850949 0.246387 0.741678
0.449583 0.946286 0.242138 0.051248 0.236341 0.803041 0.183150 0.739534
0.408465 0.794438 0.254226 0.040524 0.111903 0.770533 0.147493 0.764036
0.407169 0.851090 0.278324 0.091395 0.197178 0.893917 0.104505 0.778036
0.417769 0.919555 0.198463 0.076444 0.186090 0.772845 0.199288 0.751690
0.301825 0.772492 0.229874 0.026662 0.224594 0.858376 0.267407 0.692906
0.441056 0.878551 0.298564 0.122485 0.163533 0.686269 -0.000053 0.666443
0.396736 1.014117 0.199119 0.020962 0.194867 0.837206 0.153971 0.735361
0.362782 0.902855 0.249729 0.033318 0.278029 0.793616 0.268845 0.712269
0.407455 0.872400 0.303434 0.093411 0.191192 0.857788 0.176877 0.750984
0.325315 0.807653 0.229829 0.174543 0.176270 0.937214 0.244390 0.720566
0.414341 0.951624 0.284166 0.044240 0.129846 0.864368 0.252788 0.700828
0.374548 0.887526 0.254352 0.031730 0.265154 0.801715 0.198876 0.775364
0.279620 0.939976 0.285669 0.086378 0.186814 0.829310 0.172748 0.732430
0.381637 0.897391 0.244327 0.053537 0.207923 0.763602 0.191956 0.769554
0.349200 0.899718 0.143054 0.037388 0.170353 0.795720 0.189856 0.676717
0.354295 0.873736 0.242836 0.074582 0.089300 0.835040 0.145794 0.638889
0.316339 0.795042 0.207313 0.045018 0.234486 0.758815 0.181861 0.865140
0.359480 0.937452 0.204206 0.113323 0.164383 0.786937 0.123766 0.670165
0.338526 0.928472 0.280556 -0.012881 0.204261 0.781531 0.204413 0.669356
0.408100 0.898529 0.248643 0.069660 0.141662 0.809109 0.185248 0.765876
0.384252 0.890171 0.155053 0.046000 0.204921 0.925744 0.191143 0.669455
0.380403 0.866732 0.248533 0.071578 0.201201 0.816095 0.176678 0.755088
0.289476 0.954979 0.257994 0.063658 0.166463 0.776960 0.159582 0.734459
0.429322 0.938442 0.175793 -0.042371 0.167109 0.750978 0.163928 0.753503
0.372982 0.949443 0.258061 0.045745 0.129505 0.815900 0.205088 0.731149
0.270828 0.846594 0.197822 -0.006567 0.220462 0.749082 0.197162 0.761214
0.425886 0.831358 0.178100 0.051607 0.156920 0.800219 0.101734 0.738605
0.406552 1.045787 0.306213 -0.010106 0.169554 0.726153 0.114951 0.660270
0.322013 0.961805 0.195313 0.003766 0.144192 0.760745 0.130958 0.695834
0.294904 0.853194 0.222100 0.109169 0.248169 0.764405 0.141593 0.703099
0.387017 0.883584 0.161859 0.016064 0.256640 0.686865 0.214065 0.821055
0.413351 0.959057 0.219523 0.046658 0.147792 0.887675 0.237226 0.769905
0.463204 0.855596 0.187249 0.145863 0.247950 0.787485 0.128695 0.691305
0.381047 0.879771 0.247811 0.126141 0.193638 0.806574 0.155681 0.737091
0.333910 0.880292 0.164680 0.021142 0.209300 0.778659 0.197018 0.676804
0.399813 0.882888 0.242878 0.002130 0.213018 0.749429 0.119771 0.756327
0.416830 0.897142 0.285965 0.031393 0.281077 0.756448 0.192478 0.718598
0.413792 0.851180 0.268204 0.109850 0.179017 0.801857 0.158894 0.649441
0.324039 0.906204 0.256279 -0.021114 0.223543 0.771734 0.210441 0.649454
0.398092 0.835219 0.205408 0.087517 0.245370 0.809466 0.238001 0.693110
0.399559 0.889135 0.197381 0.054855 0.186452 0.724861 0.203433 0.707813
0.432372 0.997968 0.272147 0.056072 0.198715 0.706259 0.166477 0.736927
0.370476 0.940543 0.246250 0.057377 0.120310 0.803282 0.228176 0.643832
0.397475 0.819177 0.253146 0.038870 0.311244 0.882330 0.108977 0.716288
0.341724 0.907790 0.308442 0.161477 0.149814 0.741314 0.102775 0.738529
0.445292 0.886193 0.281208 0.017069 0.218461 0.738409 0.288822 0.811054
0.368469 0.872900 0.192759 0.058564 0.222194 0.892059 0.099466 0.738798
0.399472 0.955809 0.228063 0.030871 0.292431 0.806970 0.087485 0.727312
0.338375 0.888019 0.252798 -0.005724 0.133880 0.802596 0.169282 0.805808
0.367731 0.868203 0.253105 -0.017950 0.070418 0.825533 0.184154 0.769769
0.457143 0.859313 0.146274 -0.033724 0.069555 0.798551 0.170866 0.726231
0.468645 0.920870 0.264393 0.007957 0.263020 0.906898 0.145673 0.792513
0.385065 0.894925 0.229309 0.096243 0.202831 0.794173 0.225474 0.751709
0.426245 0.899540 0.182555 0.084038 0.194190 0.754626 0.167933 0.769146
0.452953 0.863357 0.232996 0.059076 0.219752 0.741977 0.177158 0.716036
0.358853 0.888309 0.121269 0.058825 0.160510 0.788104 0.148532 0.657284
0.456728 0.930158 0.167617 -0.038065 0.168679 0.785953 0.100360 0.742494
0.338800 0.968875 0.179526 0.101073 0.256785 0.773022 0.151924 0.844100
0.400845 0.854610 0.123765 0.044048 0.177245 0.779734 0.148948 0.761489
0.419350 0.893216 0.170011 0.097002 0.117811 0.875296 0.192972 0.802501
0.415350 0.982850 0.220390 0.045850 0.158883 0.815220 0.220695 0.690467
0.433246 0.959516 0.244172 -0.043721 0.228114 0.827271 0.226667 0.719801
0.468251 0.972833 0.232988 0.049086 0.198014 0.769169 0.176061 0.771852
0.273267 0.916909 0.157127 0.129079 0.151354 0.742400 0.186624 0.798422
0.452828 0.820260 0.178022 0.051413 0.176164 0.715787 0.104831 0.810728
0.424061 0.947941 0.191023 0.128877 0.194888 0.786977 0.134745 0.667760
0.383034 0.822434 0.184128 0.058186 0.110599 0.853032 0.151317 0.793306
0.335115 0.878577 0.175444 0.033978 0.213713 0.892562 0.210878 0.792792
0.424934 0.824154 0.203601 0.090167 0.188338 0.885673 0.247287 0.744316
0.404127 0.904273 0.269010 0.072777 0.201707 0.855835 0.145661 0.665581
0.389013 0.865341 0.145826 0.068623 0.148668 0.897043 0.117166 0.721541
0.328868 0.773559 0.344981 0.088788 0.220218 0.835855 0.206746 0.717152
0.398204 0.817944 0.247444 0.173556 0.202420 0.798652 0.201603 0.704290
0.445628 0.759650 0.333754 0.001362 0.230928 0.782416 0.264065 0.783612
0.389228 0.923989 0.243844 0.046069 0.054587 0.778668 0.108431 0.805618
0.351347 0.956540 0.261624 0.008014 0.228661 0.739017 0.168944 0.833394
0.377475 0.969993 0.198160 0.023227 0.206949 0.670901 0.145932 0.656972
0.325293 0.867550 0.259613 0.078323 0.214326 0.801097 0.196980 0.734793
0.392286 0.940622 0.234545 -0.039252 0.137993 0.832164 0.188709 0.758899
0.423739 0.871981 0.210859 0.134831 0.198891 0.867155 0.113460 0.762666
0.363675 0.932444 0.280347 0.104267 0.199951 0.816035 0.129938 0.761637
0.311415 0.863917 0.298386 -0.032306 0.111228 0.823500 0.171632 0.737982
0.372928 0.953883 0.252997 0.089905 0.213868 0.765036 0.209297 0.874333
0.404274 0.830642 0.192962 0.088459 0.100737 0.736531 0.168963 0.786137
0.418132 0.889700 0.142223 -0.001050 0.234785 0.761508 0.170155 0.676957
0.390620 0.872350 0.294533 0.064623 0.309193 0.835738 0.065988 0.670555
0.457089 0.906503 0.323483 -0.028950 0.253787 0.812336 0.229648 0.631469
0.479477 0.898829 0.223597 0.037287 0.176308 0.808474 0.205027 0.632655
0.468981 0.877182 0.246785 0.106572 0.174341 0.793685 0.224090 0.698083
0.377701 0.901268 0.143951 0.094509 0.258492 0.783109 0.207994 0.746794
0.394360 0.908607 0.264709 0.104410 0.197694 0.886257 0.060071 0.656274
0.380061 0.816065 0.256145 -0.041841 0.174612 0.820552 0.153134 0.755064
0.519683 0.874196 0.177909 0.014987 0.201436 0.797900 0.225423 0.736968
0.332865 0.973389 0.174470 0.149153 0.139123 0.807785 0.136906 0.657689
0.451473 0.864155 0.283556 -0.002347 0.269782 0.766947 0.303353 0.766588
0.434807 0.909256 0.228808 -0.058290 0.173344 0.751772 0.187120 0.674027
0.475042 0.847826 0.255300 0.090065 0.214583 0.928734 0.188698 0.731108
0.351630 0.801741 0.364708 0.043870 0.225532 0.754870 0.240791 0.697499
0.281045 0.854136 0.167940 0.054165 0.174556 0.833049 0.113379 0.717416
0.471636 0.856294 0.286718 -0.029026 0.232725 0.781798 0.165317 0.767235
0.374998 0.927185 0.215290 0.064199 0.301246 0.913664 0.099738 0.742450
0.413854 0.897980 0.245740 0.059213 0.150909 0.809826 0.062349 0.739483
0.405906 0.925547 0.221218 0.012684 0.149654 0.688577 0.195562 0.791765
0.435451 0.950742 0.307879 -0.003688 0.170495 0.799382 0.194802 0.823205
0.422847 0.828733 0.134750 -0.017212 0.166536 0.829770 0.258879 0.711854
0.477372 0.845699 0.170327 0.051491 0.176594 0.850876 0.155932 0.800367
0.351313 0.875067 0.205662 0.189781 0.261276 0.807139 0.153280 0.625186
0.315991 0.881342 0.368413 0.003408 0.167975 0.825133 0.115864 0.719139
0.501769 0.907241 0.272152 0.144461 0.147612 0.765868 0.206282 0.653309
0.273961 0.876687 0.279784 0.075802 0.261946 0.785048 0.157085 0.664311
0.378218 0.909862 0.205644 0.032484 0.196572 0.845595 0.110618 0.735281
0.393711 0.809323 0.290532 0.088950 0.233157 0.806830 0.163577 0.675986
0.401632 0.866311 0.234444 0.064558 0.275326 0.871961 0.212745 0.670894
0.387561 0.908003 0.159802 0.024579 0.215159 0.774154 0.140851 0.680049
0.412557 0.850128 0.218333 0.065796 0.251710 0.738267 0.137040 0.747249
0.457401 0.914698 0.223084 0.019335 0.230835 0.715240 0.230789 0.743330
0.394262 0.835637 0.212006 0.089591 0.129062 0.804388 0.234591 0.684373
0.391697 0.875545 0.261503 0.073941 0.084125 0.793234 0.110508 0.748129
0.350396 0.860890 0.160100 0.038424 0.168948 0.724423 0.167302 0.749756
0.403354 0.927771 0.223544 0.097059 0.245640 0.755476 0.151999 0.754464
0.425050 0.885287 0.275035 0.009360 0.210407 0.846110 0.184468 0.781640
0.454111 0.884100 0.314021 0.089423 0.075196 0.806768 0.119842 0.756747
0.421657 0.992759 0.290858 0.098869 0.240911 0.833788 0.118943 0.827965
0.567817 0.902271 0.309903 -0.017978 0.189447 0.773671 0.174235 0.672811
0.371576 0.964512 0.152292 -0.009676 0.155546 0.840462 0.163856 0.776207
0.713642 0.503172 0.940318 0.088896 0.287830 0.427086 0.660230 0.264328
0.816541 0.553881 0.974315 0.123335 0.354503 0.413343 0.771534 0.292022
0.820461 0.630293 0.936157 0.188272 0.315177 0.321606 0.817638 0.264883
0.771939 0.523737 1.006048 0.068120 0.336570 0.428903 0.739398 0.250992
0.865017 0.513447 0.969323 0.113721 0.340153 0.430049 0.731967 0.240718
0.781457 0.610465 0.834201 0.116577 0.353901 0.461216 0.752051 0.142075
0.773838 0.521390 0.982745 0.141798 0.299118 0.305200 0.679070 0.289585
0.849911 0.563013 0.905996 0.182458 0.245076 0.383188 0.739479 0.304415
0.798697 0.583985 0.995927 0.225316 0.344279 0.459031 0.758025 0.199793
0.778525 0.552677 0.969478 0.075172 0.302143 0.428198 0.872002 0.258944
0.869399 0.570382 0.934699 0.129986 0.287562 0.417391 0.787880 0.290713
0.833596 0.563560 0.949409 0.169058 0.371411 0.446553 0.789558 0.320909
0.829776 0.525315 0.995116 0.076783 0.396322 0.416637 0.753128 0.258719
0.744470 0.515557 0.926868 0.190414 0.252476 0.365409 0.828172 0.240624
0.827576 0.602548 0.964824 0.150995 0.267971 0.350301 0.749921 0.269150
0.815584 0.510615 1.003426 0.108974 0.336822 0.387357 0.767919 0.297132
0.762240 0.650015 0.906329 0.094882 0.359662 0.397973 0.726056 0.197320
0.756058 0.514788 0.964219 0.104798 0.398366 0.354277 0.762571 0.292205
0.847213 0.641471 0.948320 0.060612 0.329621 0.459551 0.815753 0.256933
0.752933 0.638149 0.921689 0.050396 0.379441 0.452302 0.752959 0.265100
0.800835 0.590748 0.960850 0.143309 0.389298 0.386487 0.761846 0.235874
0.844836 0.484749 0.936372 0.153735 0.363646 0.453951 0.727651 0.288491
0.727406 0.413917 1.046008 0.136461 0.346624 0.393550 0.662681 0.254248
0.817577 0.648267 1.018627 0.114307 0.301530 0.426772 0.833107 0.313683
0.842878 0.575845 0.939976 0.027647 0.382722 0.359014 0.854685 0.256725
0.825597 0.638984 0.915493 0.145913 0.413475 0.476594 0.750623 0.211966
0.856722 0.578470 0.947730 0.198123 0.322865 0.341673 0.695282 0.256555
0.773542 0.490455 0.995472 0.183431 0.296645 0.406433 0.739785 0.239010
0.819343 0.517149 1.010605 0.162728 0.319434 0.403018 0.808801 0.239380
0.852201 0.513190 0.954374 0.047951 0.415120 0.324768 0.782176 0.276994
0.774496 0.551642 1.004130 0.103507 0.302134 0.453175 0.715567 0.211747
0.719655 0.534756 0.906689 0.108756 0.271692 0.407240 0.804459 0.261761
0.769747 0.595560 0.989981 0.115274 0.378109 0.354748 0.735033 0.301020
0.751985 0.594818 0.973485 0.120546 0.315109 0.491704 0.825350 0.274073
0.869644 0.552998 0.962974 0.074411 0.292467 0.390091 0.793198 0.313051
0.762010 0.660992 0.908571 0.151098 0.270693 0.397807 0.726466 0.167812
0.797626 0.623839 0.947902 0.106883 0.339188 0.476618 0.838544 0.202090
0.863309 0.535858 1.042369 -0.009558 0.341639 0.303340 0.840103 0.269536
0.778134 0.559866 0.936529 0.000920 0.301106 0.377886 0.779687 0.253993
0.744051 0.567687 1.028052 0.158467 0.251009 0.417373 0.816980 0.265552
0.855341 0.579813 1.000365 0.152120 0.352131 0.373017 0.806452 0.213794
0.853457 0.569052 0.929669 0.066144 0.416019 0.313250 0.742097 0.302386
0.771471 0.579786 0.889222 -0.007232 0.335812 0.372260 0.860911 0.173445
0.770031 0.528587 0.980682 0.117277 0.373121 0.395623 0.830018 0.230777
0.784950 0.610933 0.981933 0.133569 0.293944 0.359735 0.636101 0.261112
0.841454 0.497941 0.961740 0.182049 0.263758 0.383128 0.757788 0.239054
0.809675 0.600982 0.998843 0.094366 0.310186 0.542590 0.794515 0.257263
0.843163 0.636485 1.011320 0.093307 0.278779 0.407946 0.740506 0.323222
0.717436 0.565911 0.917825 0.185219 0.240795 0.359916 0.725500 0.322142
0.621940 0.489449 0.948092 0.041742 0.340460 0.391844 0.733617 0.269139
0.844642 0.607190 0.942959 0.039451 0.263887 0.449413 0.820887 0.289924
0.781751 0.542794 0.998477 0.096587 0.233287 0.410568 0.771701 0.271428
0.782131 0.475699 1.010920 0.104034 0.344060 0.424779 0.750450 0.213090
0.764815 0.551731 0.860964 0.198850 0.366390 0.403455 0.663862 0.253800
0.846864 0.499875 0.915687 0.167929 0.305901 0.472036 0.767195 0.207428
0.831536 0.611090 0.975371 0.144423 0.324808 0.415899 0.640067 0.214046
0.802329 0.590334 0.980657 0.128762 0.281022 0.353289 0.738033 0.240045
0.758438 0.611034 1.003310 0.191236 0.328892 0.415473 0.814924 0.252894
0.811878 0.509567 0.954408 0.116786 0.382471 0.375143 0.798296 0.250655
0.818048 0.549616 0.974587 0.058202 0.310533 0.395610 0.752169 0.314986
0.894188 0.583703 0.997754 0.037630 0.315941 0.396971 0.779388 0.279478
0.722588 0.564289 1.023604 0.117774 0.289774 0.422882 0.835468 0.228136
0.768305 0.562302 0.906775 0.162642 0.253670 0.366036 0.735747 0.284681
0.722763 0.595623 0.848363 0.131600 0.362448 0.444041 0.768692 0.310718
0.702116 0.554436 0.947518 0.101740 0.353775 0.471724 0.665623 0.288431
0.888031 0.607909 1.014589 0.214947 0.268493 0.458534 0.818360 0.279407
0.788083 0.502690 0.942141 0.030593 0.291488 0.430641 0.772031 0.248970
0.807839 0.508653 0.987516 0.064535 0.390649 0.388369 0.673909 0.230545
0.798913 0.495354 0.936089 0.114318 0.239360 0.392992 0.728719 0.191596
0.790806 0.577197 0.952284 0.139016 0.305951 0.394409 0.781677 0.300782
0.743577 0.574370 0.999901 0.091777 0.354265 0.440244 0.701299 0.287688
0.758305 0.569848 0.984247 0.187618 0.312169 0.515182 0.689073 0.297045
0.777723 0.582717 0.922853 0.172092 0.281334 0.406708 0.743572 0.296599
0.735864 0.527437 0.940339 0.080851 0.274995 0.362271 0.692668 0.265178
0.791090 0.533317 0.949330 0.142794 0.378079 0.425811 0.788573 0.333266
0.731341 0.555907 0.973672 0.070599 0.250621 0.461268 0.763965 0.339913
0.743447 0.482364 0.984459 0.148321 0.415897 0.442343 0.810738 0.237153
0.837727 0.597237 1.032309 0.154894 0.342314 0.359750 0.835092 0.209028
0.911017 0.466321 0.907022 0.029031 0.406472 0.340200 0.789189 0.336998
0.778883 0.524017 1.007159 0.112854 0.367786 0.372917 0.806588 0.330594
0.759080 0.630620 0.939969 0.075112 0.296732 0.482788 0.750645 0.280607
0.794254 0.543477 1.028055 0.168514 0.294450 0.310922 0.787274 0.253164
0.747814 0.464087 1.034670 0.120770 0.339564 0.394918 0.791702 0.169396
0.760589 0.559139 0.997882 0.072530 0.367860 0.392170 0.799319 0.262115
0.815524 0.587187 0.971817 0.127933 0.225517 0.456995 0.756902 0.339353
0.777483 0.584611 0.910492 0.126945 0.391551 0.412668 0.752124 0.271303
0.856108 0.502125 0.922597 0.131515 0.384917 0.477163 0.783897 0.172284
0.835034 0.493355 0.970269 0.037032 0.327109 0.400812 0.685339 0.244681
0.768619 0.582908 0.913755 0.016870 0.294622 0.412254 0.689311 0.253247
0.789994 0.543381 0.949163 0.117522 0.346293 0.348852 0.815392 0.267395
0.726453 0.518071 0.969190 0.151376 0.300288 0.425104 0.779115 0.245783
0.893222 0.515221 1.024057 0.200459 0.400646 0.436537 0.868456 0.277342
0.822381 0.579821 0.983448 0.162922 0.365994 0.471238 0.868770 0.262829
0.781733 0.583568 0.901155 0.177607 0.320748 0.433062 0.807430 0.252467
0.753993 0.532067 0.982606 0.151270 0.425578 0.414310 0.747521 0.418249
0.811843 0.647629 0.927147 0.171745 0.323439 0.419026 0.848620 0.242012
0.795310 0.544990 0.884416 0.167987 0.322425 0.473224 0.766646 0.252823
0.811566 0.629726 0.949418 0.026640 0.347648 0.418949 0.820584 0.217224
0.872226 0.585629 0.940389 0.067331 0.352926 0.495979 0.795982 0.216016
0.749538 0.583604 0.907477 0.044881 0.253970 0.471696 0.802227 0.264613
0.775888 0.568524 0.947552 0.125301 0.306922 0.387887 0.601971 0.290806
0.746113 0.567754 0.971751 0.118973 0.392876 0.452021 0.764870 0.235678
0.674645 0.523604 0.955476 0.115733 0.376433 0.329871 0.751039 0.174595
0.790853 0.590850 0.886451 0.123240 0.313829 0.376484 0.712519 0.250577
0.768919 0.564041 0.908261 0.017842 0.211822 0.407170 0.756350 0.324619
0.753431 0.561889 0.954379 0.107444 0.323286 0.432240 0.810443 0.223922
0.841093 0.472834 0.960857 0.093213 0.308268 0.421092 0.803450 0.334301
0.793289 0.470528 0.993324 0.142838 0.315583 0.465557 0.774715 0.222188
0.795246 0.502898 0.884815 0.095263 0.244518 0.355784 0.836765 0.337564
0.758432 0.515171 1.031356 0.100272 0.340394 0.347048 0.774158 0.220986
0.829386 0.633410 1.001438 0.143350 0.314674 0.397797 0.770374 0.346915
0.796768 0.585481 0.958386 0.208085 0.294787 0.437926 0.722629 0.213444
0.761488 0.585640 0.913086 0.087770 0.335797 0.358730 0.823788 0.167668
0.830909 0.551789 0.947483 0.134271 0.284267 0.432732 0.739698 0.263340
0.781987 0.544946 0.934822 0.107448 0.309635 0.418546 0.806832 0.219143
0.799965 0.587185 0.922289 0.027662 0.456895 0.370208 0.734498 0.305450
0.773177 0.580405 0.953952 0.099195 0.330069 0.367594 0.777693 0.271975
0.907881 0.670319 0.885743 0.071129 0.280754 0.420942 0.793820 0.245206
0.825780 0.512544 0.999007 0.121102 0.369428 0.462513 0.731878 0.220005
0.822494 0.583844 1.020999 0.116629 0.309319 0.409930 0.856903 0.304381
0.888210 0.545031 0.866800 0.081922 0.318698 0.447840 0.866470 0.260538
0.785996 0.574853 0.991894 0.104895 0.428615 0.419655 0.718429 0.211897
0.767801 0.592000 1.031655 0.136139 0.356748 0.491343 0.776878 0.247857
0.715429 0.538978 0.979593 0.112836 0.368565 0.337047 0.826212 0.254343
0.816990 0.676423 0.892242 0.145265 0.432414 0.426916 0.705423 0.307520
0.755802 0.614336 0.963095 0.169263 0.305996 0.409257 0.837230 0.323378
0.786302 0.658725 0.988572 0.184007 0.407747 0.488611 0.786569 0.269568
0.834016 0.558358 0.943981 0.149347 0.344836 0.419800 0.815362 0.323118
0.776394 0.624065 0.975221 0.203381 0.399310 0.363646 0.736141 0.312310
0.885202 0.639114 1.003592 0.094488 0.301088 0.437651 0.771129 0.239453
0.712547 0.518109 0.866207 0.088871 0.343313 0.332202 0.707078 0.176245
0.852313 0.490518 0.930245 0.090955 0.284784 0.348564 0.821168 0.254119
0.797551 0.615636 0.978582 0.096824 0.375737 0.398934 0.802234 0.353754
0.784095 0.597811 0.994093 0.052782 0.348804 0.449116 0.775719 0.190415
0.752118 0.572986 0.984865 0.084594 0.297009 0.359583 0.750075 0.202642
0.750236 0.653285 0.963627 0.152901 0.326291 0.460249 0.646778 0.318429
0.830323 0.493972 0.880474 0.086681 0.325572 0.386438 0.851438 0.256206
0.786274 0.639545 0.960286 0.120484 0.310222 0.391647 0.792244 0.337277
0.865247 0.563283 0.904740 0.225625 0.344827 0.441331 0.782441 0.178692
0.767171 0.598933 0.904131 0.093013 0.263936 0.332573 0.721965 0.287239
0.852203 0.557747 0.937366 0.072317 0.344941 0.429593 0.868494 0.319970
0.861561 0.559527 0.986696 0.181874 0.251982 0.475617 0.721822 0.244709
0.824216 0.548251 0.985945 0.051848 0.395223 0.506629 0.654673 0.291859
0.757333 0.660326 0.990659 0.199395 0.384115 0.423203 0.786098 0.283063
0.890159 0.518363 0.892548 0.154193 0.336759 0.245100 0.687199 0.230787
0.778004 0.561674 0.957101 0.163187 0.404218 0.416557 0.741385 0.233802
0.796161 0.421803 0.994228 0.090325 0.387883 0.407250 0.820090 0.247550
0.745392 0.556000 0.892594 0.058649 0.353775 0.407262 0.807255 0.180669
0.854770 0.501974 0.979359 0.087110 0.279492 0.476626 0.753227 0.296639
0.792068 0.472473 0.957601 0.204428 0.386437 0.487656 0.748566 0.231734
0.721446 0.589405 0.985818 0.130201 0.253853 0.510844 0.797594 0.266686
0.696851 0.564175 1.084481 0.105891 0.248849 0.336588 0.764910 0.287775
0.752177 0.618448 1.028047 0.177632 0.244181 0.426988 0.752316 0.259867
0.787745 0.535822 0.926360 0.130359 0.306629 0.418277 0.774713 0.229169
0.713156 0.570337 0.960089 0.090378 0.312767 0.543856 0.702531 0.156530
0.797247 0.601512 0.961777 0.090722 0.324891 0.386681 0.738487 0.288512
0.871444 0.531649 0.867104 0.132022 0.352986 0.352860 0.610894 0.261078
0.826142 0.578377 0.944931 0.183500 0.321872 0.398276 0.696926 0.260523
0.800780 0.591476 0.996730 0.031680 0.278697 0.365160 0.788101 0.205860
0.617204 0.566621 0.957957 0.110233 0.290865 0.367486 0.726743 0.257157
0.824940 0.566070 0.951672 0.011140 0.394804 0.417393 0.848733 0.186039
0.757307 0.636774 0.939453 0.137616 0.328351 0.393180 0.710267 0.186412
0.918571 0.569544 0.973635 0.151603 0.326824 0.449817 0.752211 0.249435
0.793589 0.468517 1.037519 0.088855 0.382546 0.444464 0.804794 0.416438
0.808558 0.583543 0.893241 0.118846 0.320919 0.439429 0.730515 0.280051
0.818806 0.598832 0.967893 0.001590 0.362809 0.418926 0.701043 0.314875
0.839686 0.584006 0.999444 0.127784 0.376112 0.510188 0.753731 0.245378
0.785727 0.553044 0.957235 0.092889 0.294833 0.384758 0.786274 0.257843
0.842206 0.606997 0.950244 0.023962 0.325717 0.417827 0.663530 0.259928
0.737640 0.668616 0.928300 0.135214 0.338137 0.490615 0.764636 0.288251
0.803216 0.565202 0.908403 0.076429 0.292559 0.341151 0.685195 0.261621
0.729075 0.586054 0.961693 0.063321 0.326419 0.398431 0.781026 0.279204
0.747889 0.534024 0.922869 0.085875 0.272895 0.477490 0.799048 0.220250
0.861712 0.602186 0.940095 0.107780 0.342320 0.361173 0.783122 0.268088
0.744219 0.559160 0.899442 0.085645 0.360487 0.403600 0.813234 0.275170
0.738590 0.655587 0.925553 0.121912 0.327521 0.505438 0.774586 0.324790
0.826490 0.590400 0.934023 0.068062 0.245749 0.374410 0.784808 0.321513
0.849226 0.520839 0.876762 0.074055 0.283780 0.421165 0.691330 0.283205
0.712021 0.551664 0.899304 0.140648 0.290548 0.363375 0.822272 0.296414
0.770600 0.522565 1.018271 0.054564 0.324596 0.413749 0.714501 0.379588
0.824488 0.660446 0.972405 0.121372 0.301493 0.332788 0.850298 0.237992
0.798338 0.586667 0.933234 0.112022 0.311623 0.507358 0.827387 0.256567
0.847242 0.558743 0.960602 0.158251 0.393277 0.391092 0.807227 0.250489
0.809378 0.626279 1.024721 0.164183 0.338852 0.446266 0.792741 0.293387
0.823740 0.552686 0.927435 0.153768 0.412222 0.497997 0.774830 0.298206
0.746168 0.523119 0.869062 0.154937 0.348772 0.435907 0.734034 0.275810
0.744671 0.553672 0.937390 0.079777 0.369209 0.496721 0.696115 0.301335
0.763990 0.597072 1.029198 0.138702 0.402706 0.481811 0.828187 0.271222
0.788992 0.553771 0.963494 0.214937 0.287877 0.472113 0.764127 0.258213
0.817743 0.504478 0.919435 0.127589 0.277073 0.415188 0.794373 0.321906
0.759703 0.558735 0.893477 0.116471 0.302506 0.381372 0.822078 0.218103
0.756124 0.619380 0.912982 0.081870 0.394543 0.418331 0.780210 0.304385
0.866821 0.623986 0.980228 0.187063 0.409959 0.384927 0.776294 0.298731
0.836104 0.576338 0.963338 0.137069 0.235001 0.418854 0.824732 0.267930
0.859073 0.542479 0.929179 0.170350 0.318378 0.462335 0.721937 0.315518
0.683608 0.560689 0.908126 0.115825 0.391779 0.425885 0.734508 0.266825
0.813066 0.702481 0.866911 0.179363 0.352443 0.458336 0.801013 0.251426
0.777306 0.591207 0.884808 0.074245 0.274980 0.313600 0.767462 0.267340
0.814181 0.614355 0.900576 0.150659 0.362123 0.337268 0.699814 0.259066
0.912660 0.612303 0.993245 0.105661 0.253439 0.413054 0.699743 0.302979
0.743319 0.564963 0.970013 0.141213 0.405568 0.417906 0.786815 0.227671
0.765596 0.617414 0.977752 0.146361 0.225534 0.462135 0.735211 0.246168
0.743760 0.511223 0.891498 0.129712 0.287911 0.458576 0.763606 0.263639
0.716316 0.631024 0.953802 0.079555 0.340706 0.399492 0.758227 0.313781
0.866935 0.517337 0.952314 0.112516 0.273920 0.341120 0.788652 0.260877
0.863188 0.626449 0.907297 0.114346 0.396597 0.417947 0.763096 0.277305
0.773335 0.498839 0.885675 0.134799 0.416019 0.437228 0.748354 0.249864
0.814544 0.517753 0.892253 0.103549 0.293898 0.472904 0.736994 0.281085
0.758279 0.565475 0.993721 0.187576 0.372924 0.330127 0.753576 0.220203
0.732209 0.560976 0.997498 0.137017 0.221206 0.402455 0.827634 0.224290
0.788809 0.595796 0.905668 0.034036 0.421283 0.471919 0.842071 0.200218
0.788367 0.513603 0.882986 0.141129 0.320929 0.505293 0.788220 0.168662
0.808095 0.544625 0.941946 0.040956 0.365523 0.401680 0.703410 0.302185
0.800423 0.661953 0.883419 0.034288 0.405061 0.382036 0.785587 0.199023
0.756321 0.604507 0.872819 0.044459 0.371361 0.422486 0.747753 0.273015
0.802011 0.550413 0.997945 0.105233 0.333529 0.444649 0.777603 0.244144
0.819529 0.576509 1.101817 0.075957 0.291990 0.410526 0.775465 0.214187
0.767046 0.521969 0.924387 0.123052 0.271302 0.372659 0.789373 0.271168
0.778547 0.514875 0.913451 0.167169 0.364554 0.380742 0.800739 0.343347
0.800903 0.506556 1.016719 0.041358 0.326942 0.386421 0.820354 0.179419
0.764956 0.571581 0.998202 0.143917 0.290617 0.432946 0.776297 0.300287
0.783842 0.624595 1.014251 0.115755 0.367622 0.409276 0.780025 0.252686
0.812471 0.656118 0.961127 0.137201 0.289873 0.483169 0.789577 0.233765
0.778990 0.563885 0.998163 0.123737 0.361908 0.438951 0.758962 0.321011
0.893671 0.606968 0.901540 0.057589 0.458351 0.318435 0.813407 0.205114
0.882605 0.569444 0.931982 0.186780 0.370053 0.435440 0.779858 0.152043
0.785636 0.686726 0.931943 0.186763 0.399085 0.408466 0.826046 0.253061
0.751059 0.643765 0.960519 0.105517 0.283469 0.409354 0.813094 0.210724
0.831413 0.569338 0.939134 0.110451 0.374291 0.397728 0.780455 0.224260
0.793455 0.558326 0.893723 0.173071 0.353209 0.426025 0.765291 0.244849
0.760481 0.629741 0.996191 0.083691 0.291064 0.380911 0.776595 0.194369
0.760013 0.565103 0.991484 0.088329 0.275137 0.395862 0.651377 0.240910
0.794297 0.579681 0.912392 0.081690 0.314307 0.525229 0.755323 0.224255
0.772734 0.537402 0.929752 0.105399 0.362219 0.408024 0.797242 0.315476
0.778481 0.583921 0.944399 0.120005 0.321138 0.375890 0.670802 0.276861
0.766192 0.519308 0.941439 0.116538 0.454996 0.371300 0.716485 0.224686
0.741090 0.632725 0.826703 0.099580 0.318653 0.444202 0.728252 0.218963
0.818699 0.613278 0.859477 0.108572 0.279473 0.448379 0.824922 0.328205
0.818856 0.500560 0.993723 0.121117 0.301394 0.461033 0.702318 0.319725
0.737574 0.480208 0.998035 0.218801 0.359188 0.370721 0.763044 0.236039
0.779825 0.576567 0.892633 0.158350 0.258837 0.358535 0.784194 0.316975
0.785614 0.417518 0.963930 0.134922 0.394955 0.463014 0.739600 0.232101
0.763772 0.642659 0.940636 0.121594 0.356399 0.360906 0.567940 0.221360
0.789344 0.532605 0.973306 0.198312 0.371932 0.457054 0.674789 0.346094
0.764138 0.549844 0.919548 0.091884 0.333439 0.482917 0.718829 0.247821
0.815198 0.591874 0.898826 0.051731 0.268737 0.437678 0.784439 0.214804
0.762566 0.547921 0.994029 0.160918 0.370715 0.331760 0.747293 0.328748
0.751956 0.539740 0.982993 0.109617 0.308612 0.481304 0.763709 0.230736
0.793085 0.529878 0.981794 0.102897 0.327968 0.398708 0.803323 0.240653
0.833444 0.472478 0.988147 0.141299 0.388711 0.428619 0.704751 0.375791
0.783628 0.524123 0.926690 0.171155 0.302610 0.417698 0.747044 0.322557
0.875460 0.529377 0.985044 0.148868 0.284245 0.435596 0.757329 0.289764
0.814549 0.547148 0.967032 0.041550 0.388082 0.409111 0.836538 0.258786
0.750229 0.587876 0.941017 0.097573 0.287099 0.436089 0.845365 0.329845
0.852263 0.669176 0.940608 0.139907 0.388823 0.486574 0.785550 0.258568
0.669589 0.541746 0.947040 0.071198 0.415432 0.355653 0.723231 0.239425
0.714144 0.606920 0.934874 0.095958 0.294600 0.499409 0.744263 0.215098
0.736851 0.513548 1.015503 0.073159 0.378491 0.408900 0.791289 0.251589
0.783085 0.634084 0.945843 0.021139 0.274264 0.409078 0.755059 0.307525
0.769919 0.519476 0.889407 0.105845 0.362137 0.430824 0.779504 0.304067
0.799737 0.581406 1.026101 0.128975 0.381868 0.419260 0.777144 0.225199
0.853961 0.615142 0.981670 0.127488 0.311475 0.404592 0.774787 0.275344
0.813558 0.603596 1.008576 0.091532 0.346124 0.397759 0.742661 0.275283
0.777802 0.592725 0.923767 0.153386 0.275176 0.387110 0.775831 0.237897
0.747135 0.502303 0.962787 0.156537 0.320771 0.464377 0.708722 0.215256
0.780463 0.588505 0.992623 0.169107 0.260652 0.397221 0.776418 0.205900
0.751244 0.559250 0.971740 0.033138 0.379421 0.480029 0.772474 0.243032
0.848102 0.565164 0.960688 0.223304 0.330144 0.449720 0.752322 0.290618
0.760608 0.563295 0.902114 0.162286 0.320308 0.382881 0.747610 0.173757
0.747347 0.598213 0.912055 0.130596 0.300799 0.457111 0.749163 0.213063
0.854738 0.543035 0.920363 0.135887 0.341729 0.393274 0.783654 0.244228
0.806338 0.652357 0.900440 0.072718 0.416859 0.412180 0.731065 0.150356
0.812042 0.496531 0.908644 0.166740 0.318674 0.489856 0.829335 0.213907
0.883632 0.534182 1.028402 0.233058 0.253409 0.454707 0.685882 0.276075
0.776958 0.583831 1.021183 0.112899 0.423434 0.366064 0.813015 0.328465
0.821008 0.633956 0.955293 0.055894 0.328553 0.413397 0.773869 0.257003
0.769797 0.516051 0.917648 0.185164 0.355029 0.300497 0.710985 0.346887
0.787681 0.565370 0.932309 0.148910 0.295096 0.384204 0.732860 0.178497
0.750570 0.499783 0.986186 0.140148 0.355127 0.418178 0.834143 0.287987
0.850061 0.482461 1.009280 0.034406 0.286371 0.401368 0.838780 0.213613
0.803729 0.614939 0.996892 0.123379 0.282280 0.389248 0.855527 0.189008
0.712121 0.560002 0.931673 0.044995 0.424467 0.388943 0.851746 0.318687
0.887137 0.519563 0.947036 0.058886 0.355834 0.423533 0.836367 0.220392
0.777060 0.521306 1.002420 0.223002 0.310281 0.453856 0.750455 0.252799
0.833276 0.600633 0.974497 0.107465 0.341282 0.388148 0.846520 0.301208
0.812035 0.652955 1.007337 0.130136 0.381265 0.383239 0.799222 0.261547
0.808976 0.566194 0.958310 0.137498 0.331262 0.355656 0.730574 0.230557
0.712093 0.505624 0.983635 0.103554 0.412064 0.341130 0.838495 0.272039
0.762656 0.682531 0.935703 0.190001 0.309504 0.411645 0.712094 0.244680
0.787007 0.701314 0.971740 0.151109 0.382432 0.380134 0.779158 0.204052
0.641202 0.687356 1.017531 0.189731 0.377642 0.407380 0.793304 0.285461
0.816014 0.569671 0.957106 0.082843 0.301567 0.485166 0.723399 0.224587
0.745346 0.521856 1.014087 0.058966 0.303693 0.411727 0.812381 0.295742
0.786835 0.575524 0.912549 0.085894 0.419926 0.331399 0.695079 0.292106
0.741987 0.558236 1.007943 0.185740 0.344388 0.385118 0.921117 0.292450
0.839849 0.562580 1.018662 0.105960 0.412884 0.438791 0.760377 0.265659
0.796581 0.572485 0.933163 0.060656 0.376473 0.394191 0.761825 0.259899
0.755286 0.461910 0.953106 0.013503 0.379080 0.343618 0.749608 0.336624
0.850632 0.573374 1.033891 0.063688 0.343852 0.389764 0.791145 0.298028
0.763865 0.627657 0.963414 0.017893 0.302137 0.529235 0.697675 0.221849
0.751618 0.666286 0.999951 0.066839 0.311492 0.511416 0.767698 0.321122
0.793590 0.655620 1.041597 0.009751 0.259720 0.342770 0.836641 0.241915
0.747303 0.661996 1.005692 0.093858 0.260342 0.450283 0.706783 0.220663
0.735037 0.567211 0.959124 0.135221 0.321523 0.477610 0.863109 0.256829
0.734013 0.549983 1.006613 0.096661 0.350749 0.428925 0.749361 0.260353
0.728931 0.610652 1.034722 0.172259 0.342362 0.417816 0.690737 0.304811
0.823077 0.631934 0.968510 0.156841 0.387317 0.492986 0.761656 0.243893
0.860203 0.593931 0.940053 0.116946 0.312720 0.443234 0.691684 0.284289
0.754726 0.647129 0.943139 0.135776 0.214447 0.387546 0.738911 0.229959
0.807414 0.609102 0.890302 0.066325 0.413394 0.398520 0.720252 0.279920
0.845065 0.514661 0.929288 0.115873 0.340312 0.460733 0.685973 0.253005
0.810855 0.445207 0.926527 0.119044 0.344972 0.421438 0.667248 0.264718
0.812091 0.581645 0.978945 0.134624 0.245133 0.341892 0.818334 0.244249
0.747549 0.455175 0.950936 0.053690 0.221490 0.378136 0.738937 0.225754
0.719619 0.555087 0.957867 0.069991 0.413733 0.582884 0.735521 0.283604
0.818603 0.513909 0.994255 0.174685 0.344361 0.417743 0.760636 0.303374
0.780642 0.570072 0.954453 0.106607 0.267475 0.397130 0.760055 0.243703
0.830371 0.513755 1.040161 0.114576 0.300021 0.366517 0.815124 0.242488
0.796219 0.550389 0.950436 0.170427 0.335825 0.507552 0.852917 0.226135
0.771312 0.644248 0.980442 0.140878 0.376840 0.389170 0.773507 0.277468
0.750592 0.625858 0.955303 0.077582 0.382362 0.390526 0.740880 0.255702
0.777834 0.560053 0.984091 0.108549 0.356724 0.401539 0.770358 0.326291
0.689726 0.565276 0.965050 0.085637 0.392064 0.446461 0.797959 0.231104
0.844401 0.547939 0.996690 0.140774 0.235801 0.421929 0.678716 0.349632
0.822929 0.591937 1.001936 0.168570 0.379571 0.417747 0.847824 0.389817
0.871770 0.600991 0.906779 0.082961 0.314377 0.335500 0.749464 0.250671
0.769601 0.705654 0.908574 0.194013 0.323487 0.464926 0.826316 0.198904
0.751219 0.574267 0.871376 0.104957 0.369738 0.487664 0.768821 0.249600
0.795673 0.529151 0.911020 0.158312 0.270590 0.465524 0.784108 0.253215
0.815571 0.564811 0.952856 -0.017384 0.316303 0.394822 0.759843 0.289475
0.806385 0.578118 0.920468 0.029269 0.372171 0.450798 0.804321 0.291213
0.752373 0.597606 0.972478 0.149857 0.361221 0.443844 0.734752 0.297011
0.818300 0.587726 0.961440 0.135380 0.327927 0.350283 0.759021 0.280129
0.726880 0.503727 0.943141 0.193904 0.417421 0.396372 0.744718 0.236741
0.402786 0.729707 0.797148 0.838829 0.643438 0.063209 0.484259 0.111876
0.473041 0.832972 0.911526 0.842478 0.666409 0.132502 0.353612 0.151228
0.363655 0.800706 0.947529 0.723853 0.656591 0.218211 0.406221 0.189849
0.380505 0.895740 0.887068 0.871904 0.598664 0.052869 0.404547 0.253856
0.466197 0.765920 0.760944 0.767477 0.613112 0.043056 0.424863 0.150001
0.374439 0.859336 0.875280 0.742989 0.709499 0.133714 0.401594 0.206925
0.380105 0.840889 0.763955 0.803572 0.647954 0.108681 0.496176 0.207935
0.393716 0.949510 0.817811 0.755416 0.607407 0.116607 0.426823 0.173969
0.447974 0.885824 0.771033 0.936157 0.589674 0.046892 0.446168 0.162131
0.452892 0.852395 0.777464 0.899439 0.697835 0.185016 0.495257 0.214980
0.387912 0.898733 0.863987 0.791765 0.633404 0.121129 0.436740 0.138285
0.467135 0.817550 0.896907 0.769298 0.652914 0.135818 0.403253 0.140029
0.371239 0.785609 0.908192 0.815077 0.666363 0.108265 0.370205 0.205942
0.359265 0.782817 0.935042 0.743326 0.561232 0.189909 0.275643 0.160028
0.536879 0.847842 1.015573 0.790632 0.682068 0.144425 0.407300 0.182185
0.384276 0.807566 0.913397 0.788905 0.639881 0.123689 0.485062 0.163040
0.418637 0.884734 0.879505 0.769790 0.681776 0.218043 0.491254 0.280997
0.430662 0.795863 0.905893 0.698687 0.677771 0.106046 0.419037 0.204288
0.373034 0.896967 0.950657 0.803104 0.614982 0.099985 0.414482 0.129120
0.450460 0.918748 0.871252 0.720154 0.642230 0.140392 0.411142 0.131477
0.409761 0.764938 0.812422 0.857331 0.631294 0.154909 0.440047 0.214739
0.387344 0.770326 0.842334 0.761583 0.571549 0.107010 0.547732 0.157579
0.418108 0.792700 0.844746 0.836983 0.619034 0.117848 0.407573 0.239616
0.357173 0.844942 0.844996 0.778314 0.645566 0.099431 0.519256 0.211222
0.359890 0.814407 0.875043 0.771118 0.600134 0.047876 0.451100 0.194034
0.404043 0.802306 0.832520 0.847956 0.581200 0.093726 0.457338 0.248192
0.415898 0.850633 0.868359 0.822611 0.586307 0.108068 0.400226 0.147832
0.410441 0.795363 0.804894 0.754328 0.697328 0.046568 0.414285 0.060970
0.364675 0.896496 0.815570 0.797618 0.628498 0.163147 0.372063 0.281407
0.374713 0.835342 0.938741 0.810625 0.642445 0.107055 0.423066 0.143364
0.348024 0.831564 0.953415 0.775732 0.593460 0.140867 0.449135 0.196108
0.422910 0.822349 0.838668 0.876289 0.696451 0.078698 0.356264 0.266555
0.317530 0.783817 0.920003 0.924527 0.596367 0.076901 0.396495 0.155087
0.466034 0.926494 0.888410 0.765103 0.738424 0.054228 0.332325 0.326382
0.332531 0.787852 0.858410 0.730326 0.585822 0.162333 0.400344 0.209940
0.380636 0.791966 0.853140 0.717056 0.674004 0.144038 0.430020 0.185960
0.381729 0.890664 0.837991 0.804342 0.565887 0.093314 0.427068 0.198744
0.389227 0.844774 0.861353 0.781058 0.681718 0.161924 0.466498 0.122995
0.376186 0.875769 0.905538 0.744635 0.707430 0.128107 0.423208 0.176582
0.413044 0.791732 0.829656 0.839747 0.754120 0.151739 0.481914 0.050483
0.396501 0.815915 0.867958 0.813077 0.627042 0.163451 0.408180 0.119357
0.435537 0.841446 0.916623 0.775052 0.719917 0.134572 0.399277 0.125904
0.302174 0.827510 0.964609 0.847350 0.570093 0.142715 0.400358 0.250224
0.411953 0.775849 0.850433 0.831511 0.698176 0.054337 0.369271 0.267804
0.373498 0.827597 0.871902 0.760956 0.672158 0.111698 0.441134 0.182242
0.408021 0.821757 0.845163 0.751000 0.586430 0.157120 0.458780 0.198924
0.354844 0.907594 0.831133 0.735165 0.625133 0.152521 0.389028 0.121854
0.347418 0.828613 0.967148 0.766558 0.625192 0.252901 0.369186 0.096472
0.300010 0.737647 0.858550 0.826988 0.715559 0.074067 0.447583 0.175248
0.282914 0.856582 0.864059 0.730102 0.694517 0.178846 0.385165 0.117506
0.333772 0.795350 0.915524 0.762705 0.621879 0.059796 0.469975 0.211570
0.479399 0.852773 0.854672 0.772517 0.639040 0.041734 0.492960 0.233459
0.477437 0.833320 0.872070 0.825102 0.627159 0.139622 0.538622 0.139009
0.484380 0.834254 0.855190 0.808101 0.686957 0.085882 0.430428 0.203703
0.416527 0.875052 0.864041 0.778767 0.652134 0.045788 0.437704 0.160977
0.476293 0.763137 0.830237 0.755924 0.675176 0.173000 0.458231 0.100128
0.368305 0.820070 0.883111 0.864061 0.682877 0.180661 0.416322 0.116840
0.393000 0.801339 0.843888 0.852851 0.664267 0.107151 0.347498 0.210591
0.359690 0.910380 0.932096 0.776496 0.721581 0.056461 0.479346 0.190245
0.398966 0.889924 0.933834 0.889023 0.591158 0.251824 0.405876 0.212444
0.427105 0.922858 0.883770 0.709342 0.631794 0.150425 0.440596 0.202566
0.349543 0.875904 0.962146 0.833416 0.601560 0.102652 0.408675 0.002074
0.415359 0.850831 0.821987 0.721779 0.633376 0.096548 0.362405 0.187291
0.415485 0.917358 0.891717 0.890172 0.599732 0.202549 0.458850 0.128739
0.346191 0.840751 0.939186 0.791106 0.639358 0.098033 0.391980 0.098475
0.407617 0.844317 0.785999 0.757650 0.703062 0.151527 0.401035 0.155152
0.398709 0.834184 0.846751 0.785994 0.731500 0.081659 0.483159 0.098396
0.314545 0.845883 0.890286 0.786703 0.646122 0.208153 0.472871 0.244969
0.393015 0.873741 0.897087 0.735496 0.676319 0.177957 0.410594 0.136343
0.293585 0.844161 0.814799 0.730724 0.641014 0.209561 0.345299 0.191020
0.534223 0.823954 0.927241 0.702532 0.642491 0.069543 0.439873 0.132430
0.430140 0.838961 0.910890 0.736996 0.596355 0.160210 0.459295 0.250755
0.328438 0.843412 0.891269 0.846526 0.690320 0.110513 0.451436 0.076503
0.400581 0.843429 0.812502 0.854665 0.693637 0.129814 0.380719 0.236657
0.306136 0.883336 0.883169 0.712056 0.680310 0.037833 0.417801 0.174608
0.378450 0.912914 0.825971 0.750025 0.603144 -0.005829 0.478906 0.152247
0.411210 0.748893 0.848214 0.728495 0.633665 0.114725 0.433993 0.263361
0.411941 0.794547 0.896180 0.890910 0.608610 0.118641 0.484385 0.205413
0.370753 0.765719 0.822436 0.836002 0.685889 0.208717 0.460159 0.163767
0.406201 0.820887 0.922638 0.846132 0.616869 0.104469 0.350518 0.184528
0.507610 0.938233 0.810052 0.773999 0.597764 0.087786 0.342481 0.117048
0.418573 0.997552 0.790922 0.820905 0.633819 0.070984 0.478773 0.236037
0.444429 0.906740 0.916670 0.840313 0.663159 0.045901 0.406883 0.300240
0.472964 0.797434 0.786680 0.757847 0.546104 0.108048 0.366703 0.110897
0.450606 0.831628 0.915819 0.822381 0.683032 0.090415 0.363123 0.204983
0.326934 0.882566 0.883029 0.752730 0.580906 0.171912 0.450382 0.118172
0.423431 0.809021 1.014608 0.813807 0.676714 0.084601 0.366919 0.184614
0.418026 0.878744 0.746750 0.786504 0.661459 0.129015 0.447974 0.085814
0.445253 0.825627 0.851612 0.807661 0.598241 0.187213 0.362005 0.180539
0.341352 0.831974 0.890344 0.644397 0.694118 0.148127 0.357239 0.169909
0.373876 0.854395 0.865663 0.810913 0.627791 0.102629 0.385194 0.175883
0.478175 0.837161 0.812146 0.878889 0.570988 0.143047 0.476188 0.219225
0.398556 0.825658 0.837562 0.725527 0.621117 0.123754 0.376468 0.148354
0.304095 0.865489 0.904530 0.782748 0.650764 0.139058 0.411640 0.159342
0.439555 0.892235 0.870384 0.870657 0.647271 0.181385 0.477553 0.225153
0.375481 0.913014 0.894181 0.809837 0.705815 0.149711 0.444284 0.208763
0.472629 0.823807 0.935786 0.791939 0.608524 0.069065 0.499864 0.221092
0.347923 0.889022 0.903711 0.728283 0.640409 0.211785 0.367431 0.109179
0.388440 0.847344 0.779872 0.766317 0.649915 0.167214 0.440891 0.079836
0.410487 0.866871 0.855506 0.739224 0.616997 0.099733 0.462860 0.179691
0.294353 0.841033 0.859311 0.809002 0.688756 0.067269 0.463138 0.197990
0.412406 0.777780 0.922890 0.718633 0.622746 0.086482 0.466963 0.150544
0.308340 0.721335 0.914021 0.912343 0.623262 0.140752 0.384384 0.153518
0.368112 0.797680 0.983015 0.802644 0.610935 0.126688 0.371328 0.154004
0.292545 0.782802 0.930602 0.750970 0.623738 0.065537 0.402678 0.136696
0.510474 0.811482 0.945799 0.742425 0.609641 0.187440 0.430238 0.181747
0.335410 0.930692 0.906082 0.756808 0.548302 0.091656 0.373252 0.172077
0.409708 0.828821 0.878655 0.700802 0.602662 0.158814 0.305935 0.174266
0.355867 0.925968 0.819347 0.723208 0.589426 0.167810 0.374122 0.116222
0.516539 0.805008 0.870037 0.792325 0.602580 0.100923 0.457569 0.169987
0.365199 0.908021 0.842653 0.787403 0.640932 0.094495 0.434267 0.130815
0.408905 0.766086 0.944645 0.833747 0.583084 0.209344 0.373159 0.221504
0.488511 0.802526 0.896337 0.711642 0.593854 0.125040 0.359128 0.172536
0.323961 0.872284 0.900101 0.850506 0.693848 0.060395 0.366583 0.109289
0.434330 0.866525 0.847733 0.832005 0.639034 0.154760 0.434210 0.190425
0.337940 0.861633 0.861995 0.836616 0.685079 0.117504 0.438817 0.191565
0.357988 0.796612 0.807707 0.867805 0.647703 0.089290 0.459243 0.143531
0.375449 0.935424 0.855509 0.796984 0.623852 0.085551 0.362771 0.175373
0.381732 0.898502 0.753458 0.683732 0.652349 0.082998 0.392511 0.096847
0.443001 0.852197 0.849502 0.869952 0.582330 0.042551 0.420045 0.155924
0.467217 0.785927 0.928067 0.763619 0.709131 0.092318 0.364656 0.100175
0.356173 0.839675 0.863440 0.801033 0.659272 0.123512 0.392978 0.173997
0.407495 0.865368 0.949435 0.778103 0.652584 0.075351 0.406025 0.131102
0.345907 0.688116 0.851849 0.836746 0.582320 0.156593 0.415652 0.203098
0.379562 0.802648 0.899181 0.863642 0.701919 0.071083 0.445035 0.216484
0.353596 0.920137 0.944878 0.764449 0.592594 0.155335 0.412367 0.190165
0.483853 0.881442 0.808893 0.724661 0.612620 0.138175 0.451002 0.162415
0.369392 0.819538 0.797120 0.830682 0.650392 0.083383 0.417636 0.111871
0.346320 0.859987 0.927143 0.808925 0.571815 0.122971 0.430913 0.196881
0.401848 0.859337 0.855382 0.774922 0.652229 0.146447 0.416673 0.196483
0.373285 0.779436 0.883392 0.892956 0.642862 0.124662 0.345216 0.281970
0.419005 0.854061 0.873293 0.827338 0.670882 0.063904 0.481036 0.109581
0.486217 0.875869 0.914504 0.732401 0.639352 0.148287 0.467597 0.262180
0.333382 0.851865 0.924518 0.821702 0.661137 0.098152 0.428996 0.253460
0.360007 0.870477 0.869957 0.741161 0.617166 0.150640 0.394223 0.160400
0.381233 0.876425 0.836278 0.696323 0.630498 0.098801 0.434758 0.216105
0.441787 0.819166 0.891099 0.872350 0.660120 0.084988 0.450668 0.168034
0.452378 0.817055 0.797149 0.743993 0.671068 0.158919 0.419545 0.220656
0.359157 0.723901 0.905547 0.776367 0.653963 0.123989 0.464876 0.078847
0.376048 0.830503 0.877708 0.752393 0.592560 0.117494 0.385302 0.205175
0.329997 0.829420 0.852376 0.725243 0.673359 0.159934 0.389330 0.122755
0.313953 0.845393 0.916273 0.832865 0.696061 0.128597 0.332165 0.222601
0.413161 0.792565 0.854896 0.762540 0.659358 0.079007 0.476460 0.149341
0.381914 0.847102 0.934146 0.758061 0.651900 0.155702 0.382339 0.247415
0.331935 0.873609 0.870180 0.839379 0.617314 0.168606 0.419805 0.110138
0.327603 0.834053 0.856539 0.812099 0.662034 0.102012 0.566366 0.180816
0.369966 0.825708 0.854002 0.836675 0.704279 0.169973 0.405396 0.184942
0.510694 0.797690 0.909982 0.796450 0.647021 0.125341 0.312424 0.218084
0.432559 0.873611 0.905251 0.784448 0.616229 0.111727 0.443719 0.172020
0.383037 0.827870 0.881147 0.701515 0.594492 0.062509 0.403075 0.168119
0.361138 0.907486 0.909376 0.702671 0.606884 0.158815 0.445401 0.187242
0.454112 0.815895 0.825247 0.765516 0.643225 0.095353 0.368577 0.115138
0.404455 0.863487 0.851764 0.826854 0.517844 0.113109 0.421100 0.232979
0.430700 0.842765 0.909179 0.842832 0.529149 0.208315 0.467202 0.259151
0.408807 0.831400 0.844419 0.774446 0.653676 0.100376 0.551944 0.221208
0.353636 0.813007 0.823162 0.878353 0.652735 0.052285 0.444424 0.174635
0.401429 0.836155 0.817775 0.793186 0.565445 0.145393 0.401191 0.156624
0.422072 0.771059 0.833463 0.780708 0.631020 0.083462 0.395361 0.188534
0.310268 0.913502 0.828626 0.758561 0.501115 0.000022 0.479127 0.136713
0.429965 0.836753 0.873481 0.823752 0.670721 0.185422 0.438122 0.194659
0.414433 0.839859 0.815460 0.798682 0.653698 0.101199 0.463737 0.148406
0.411675 0.889702 0.902369 0.846633 0.720313 0.163936 0.392164 0.197476
0.391214 0.918594 0.868047 0.745057 0.601865 0.152751 0.464575 0.169155
0.352996 0.941635 0.818064 0.775193 0.643737 0.177072 0.379247 0.226180
0.388038 0.843965 0.810080 0.826067 0.603844 0.084936 0.367710 0.135681
0.394437 0.827871 0.901967 0.720521 0.684286 0.163873 0.404963 0.136780
0.324503 0.873765 0.905977 0.758334 0.689958 0.147584 0.452886 0.058826
0.791262 0.543192 0.891877 0.022609 0.322068 0.378427 0.730405 0.231664
0.762707 0.593010 0.974760 0.055412 0.328069 0.481860 0.801444 0.183132
0.821495 0.568525 0.870183 0.116126 0.317858 0.390025 0.819693 0.212020
0.766274 0.522109 1.010706 0.052811 0.341208 0.409140 0.679058 0.291325
0.873477 0.445300 0.983698 0.066386 0.331745 0.340595 0.799686 0.198267
0.753458 0.548118 0.899219 0.081170 0.359830 0.408073 0.776528 0.262698
0.822375 0.593530 0.917075 0.104516 0.354478 0.437818 0.648177 0.301179
0.827769 0.583033 0.993555 0.101013 0.316466 0.453366 0.671149 0.266806
0.938108 0.560711 1.041812 0.156095 0.263910 0.471943 0.817967 0.222483
0.792804 0.516779 0.902091 0.076981 0.320962 0.366043 0.714265 0.329261
0.799867 0.623952 1.005207 0.127614 0.228496 0.434275 0.730018 0.389790
0.833510 0.558948 0.884427 0.112709 0.325043 0.425045 0.707416 0.247101
0.743211 0.558909 0.929167 0.134747 0.317236 0.348670 0.761614 0.247179
0.712769 0.480289 1.018278 0.161215 0.270524 0.454363 0.704718 0.305590
0.880959 0.657855 0.967632 0.039899 0.244107 0.403729 0.685768 0.318145
0.682393 0.543262 0.882679 0.067454 0.227759 0.512337 0.716086 0.171915
0.743679 0.573839 0.927172 0.041652 0.359963 0.424212 0.779395 0.368692
0.793710 0.580349 1.036937 0.074647 0.360412 0.382243 0.690518 0.208032
0.850953 0.488224 0.939866 0.016176 0.347672 0.411565 0.753678 0.181956
0.775196 0.594832 0.946145 0.109087 0.392953 0.410524 0.778165 0.229806
0.765239 0.548600 0.922304 0.110988 0.395853 0.468170 0.703993 0.362642
0.749964 0.543104 1.040046 0.060849 0.253231 0.410154 0.767547 0.311218
0.730784 0.684992 0.944863 0.016181 0.371707 0.379373 0.776453 0.227093
0.738225 0.530411 1.041100 0.164767 0.345198 0.339377 0.766961 0.288986
0.814924 0.548290 0.926311 0.138472 0.276654 0.362440 0.799375 0.286259
0.895163 0.440325 0.972394 0.021408 0.334378 0.348604 0.730261 0.274510
0.830044 0.604506 0.873714 0.113281 0.376420 0.433348 0.715746 0.335916
0.735088 0.611288 0.923512 0.149161 0.277623 0.481283 0.790207 0.307551
0.730580 0.545440 0.917272 0.046584 0.293966 0.459641 0.798974 0.211204
0.825426 0.640689 0.952596 0.120553 0.373924 0.323929 0.767601 0.257141
0.822382 0.464295 0.993615 0.057318 0.253241 0.416782 0.734474 0.311110
0.722570 0.629442 0.899964 0.192550 0.349073 0.427801 0.749322 0.338115
0.771506 0.533452 0.896918 0.056536 0.385989 0.394095 0.773966 0.250836
0.784409 0.484952 0.968516 0.132633 0.381264 0.491073 0.696941 0.202533
0.816614 0.571890 0.987422 0.102289 0.297875 0.392616 0.771627 0.363482
0.777234 0.550257 0.828933 0.173438 0.339098 0.383078 0.810322 0.268421
0.746157 0.523204 0.912199 0.104705 0.318344 0.486327 0.837232 0.221354
0.703578 0.557685 0.973691 0.123890 0.242011 0.391703 0.715209 0.179213
0.859187 0.579635 0.950268 0.125649 0.353815 0.444385 0.766033 0.176310
0.797417 0.638964 0.923704 0.120389 0.199366 0.345712 0.829951 0.282118
0.758917 0.624066 0.983671 -0.036941 0.264643 0.537526 0.732630 0.233276
0.778861 0.566553 1.038737 0.082755 0.389245 0.412514 0.756393 0.306216
0.857659 0.568425 1.022812 0.116915 0.322468 0.360225 0.653112 0.263287
0.797971 0.508149 1.039121 0.055182 0.372463 0.391052 0.722488 0.283800
0.809260 0.566391 0.956369 0.030192 0.331924 0.479877 0.819054 0.297749
0.796244 0.579639 1.003010 0.138593 0.292304 0.332101 0.770018 0.311487
0.839859 0.576765 1.015253 0.105669 0.325467 0.470006 0.736714 0.237368
0.868672 0.498320 0.889752 0.236307 0.319539 0.458183 0.749670 0.163136
0.769733 0.625528 0.884533 0.146485 0.331541 0.448749 0.754524 0.300988
0.778999 0.622550 0.974403 0.164840 0.316637 0.411229 0.740973 0.249470
0.834064 0.607851 0.977848 0.104141 0.334804 0.435875 0.697403 0.196636
0.825627 0.524564 0.935290 0.119642 0.374580 0.414517 0.741565 0.261917
0.824235 0.488164 0.848161 0.118063 0.261146 0.412206 0.792482 0.294669
0.781958 0.458040 1.062200 0.068455 0.273183 0.391240 0.766431 0.342677
0.875187 0.517515 0.919902 0.098758 0.301803 0.418159 0.632179 0.242732
0.750178 0.599334 0.916326 0.117747 0.401165 0.419519 0.731748 0.290873
0.754221 0.541652 0.955134 0.115232 0.338366 0.329827 0.720659 0.253773
0.711595 0.535963 1.018924 0.169301 0.315739 0.526822 0.735164 0.163642
0.810101 0.602512 0.912282 0.130394 0.344537 0.376399 0.787167 0.248448
0.743499 0.518699 1.004915 0.161318 0.329286 0.407488 0.746722 0.271189
0.736469 0.662497 0.988237 0.013487 0.334288 0.481080 0.716131 0.255708
0.808680 0.620064 0.901623 0.205669 0.393114 0.416609 0.781244 0.277240
0.838071 0.541034 1.019949 0.130725 0.330295 0.453811 0.745042 0.210555
0.778034 0.556759 0.964096 0.140179 0.375647 0.311079 0.761552 0.346742
0.710488 0.483077 0.928799 0.153228 0.356434 0.418876 0.797917 0.351282
0.764179 0.633565 0.997953 0.088388 0.342704 0.406436 0.735256 0.272747
0.714179 0.590546 0.924896 0.130850 0.373276 0.418869 0.779008 0.295708
0.797887 0.657906 0.967331 0.094857 0.310821 0.445379 0.938001 0.266431
0.789683 0.586419 0.895653 0.151750 0.330115 0.371202 0.776134 0.303395
0.781997 0.525029 0.934594 0.219068 0.344963 0.377634 0.790810 0.295824
0.704027 0.642009 0.839599 0.152906 0.326480 0.376309 0.736661 0.217987
0.709362 0.528615 0.922652 0.192360 0.370186 0.331636 0.784706 0.331616
0.790632 0.528259 0.955148 0.107793 0.350952 0.479831 0.753389 0.186999
0.830393 0.608230 0.995105 0.016822 0.337379 0.374380 0.626234 0.321610
0.816028 0.616135 1.018367 0.111412 0.362654 0.454006 0.750966 0.357487
0.755443 0.546215 0.849434 0.033081 0.245281 0.427330 0.761345 0.273358
0.845737 0.563068 0.958698 0.135020 0.280308 0.390607 0.805623 0.175012
0.745888 0.529358 0.869718 0.152344 0.268211 0.450202 0.733205 0.239019
0.773233 0.582777 0.929545 0.137222 0.306126 0.504144 0.745254 0.274023
0.780205 0.558454 0.991915 0.111757 0.365161 0.509065 0.781740 0.294574
0.819133 0.565513 1.029695 0.065850 0.294465 0.468404 0.804555 0.200077
0.784855 0.534519 0.945623 0.058053 0.263726 0.335595 0.840124 0.282862
0.834798 0.682636 0.950629 0.089224 0.359788 0.369191 0.783393 0.280927
0.891336 0.622555 1.022181 0.173679 0.424932 0.388934 0.831330 0.258886
0.724365 0.553445 0.988348 0.181143 0.302737 0.448601 0.726520 0.282738
0.712349 0.461105 0.892960 0.131181 0.306043 0.507329 0.621717 0.285245
0.729504 0.606682 0.908561 0.123404 0.328274 0.335433 0.770498 0.161072
0.784334 0.563003 0.922289 0.014875 0.338022 0.390895 0.755106 0.220914
0.871811 0.580137 0.977604 0.087864 0.308590 0.488114 0.821745 0.372502
0.794983 0.578082 0.922043 0.060693 0.189201 0.464454 0.768410 0.279442
0.800114 0.646254 0.961008 0.035638 0.327814 0.471097 0.809860 0.195771
0.795818 0.599416 0.991829 0.157597 0.302701 0.357211 0.726903 0.229463
0.736204 0.507078 0.914097 0.134563 0.355686 0.369395 0.790763 0.252270
0.854372 0.480312 0.921691 0.081966 0.305444 0.451617 0.756695 0.236203
0.849317 0.707501 0.945914 0.081769 0.371792 0.449015 0.800009 0.325585
0.717916 0.570976 0.938295 -0.073103 0.376338 0.436415 0.735934 0.263105
0.762371 0.632485 0.954204 0.088291 0.372000 0.384865 0.744800 0.296170
0.793855 0.602512 0.900488 0.102197 0.352640 0.309309 0.815018 0.202759
0.768693 0.582879 0.868403 0.041128 0.345115 0.461124 0.810767 0.164954
0.835965 0.599467 1.014954 0.143934 0.292427 0.376239 0.640406 0.297441
0.764680 0.422238 0.854992 0.099443 0.299276 0.381697 0.749025 0.328870
0.890841 0.510568 0.971168 0.068299 0.410745 0.539751 0.749996 0.314841
0.715265 0.584864 0.944419 0.164032 0.316243 0.460347 0.817040 0.330215
0.762595 0.549257 0.883983 0.053291 0.418685 0.459462 0.787705 0.264003
0.778747 0.618623 0.887170 0.057002 0.319908 0.409850 0.760304 0.286856
0.793421 0.551313 0.920549 0.115763 0.254711 0.431339 0.749650 0.146446
0.792691 0.586152 0.955694 0.075309 0.283266 0.451353 0.764409 0.324149
0.804218 0.503363 0.935018 0.115072 0.377880 0.416799 0.699919 0.220006
0.782028 0.549674 0.930318 0.115091 0.312842 0.468191 0.768091 0.189529
0.801475 0.580833 0.917758 0.132211 0.467976 0.370547 0.762042 0.302436
0.723228 0.573926 0.965141 0.028370 0.333680 0.316444 0.787293 0.242829
0.793335 0.585344 0.859335 0.095658 0.402487 0.380578 0.761924 0.271112
0.917818 0.608264 0.966982 0.100211 0.325179 0.440157 0.738585 0.304809
0.813253 0.656121 0.918356 0.222805 0.326194 0.457713 0.723165 0.295201
0.811408 0.597757 0.971730 0.092050 0.419590 0.323077 0.731753 0.313654
0.695835 0.586370 0.921713 0.104686 0.253399 0.467497 0.822844 0.280404
0.800119 0.572845 0.816255 0.098877 0.248196 0.463284 0.850942 0.268975
0.738562 0.567322 0.889618 0.147389 0.359940 0.509714 0.747879 0.218673
0.783508 0.428356 0.869170 0.083544 0.373517 0.357883 0.735401 0.309268
0.821957 0.620743 0.956734 0.100524 0.406341 0.401647 0.786972 0.237666
0.810255 0.585604 0.937992 0.121255 0.349808 0.361328 0.826504 0.304636
0.819002 0.594963 0.931499 0.089176 0.277781 0.402443 0.690936 0.261151
0.753058 0.581703 0.974603 0.022843 0.334818 0.363947 0.701944 0.314678
0.813841 0.517744 0.900674 0.057312 0.284053 0.378986 0.749405 0.204763
0.707794 0.604976 0.941521 0.001219 0.344008 0.442075 0.816649 0.212247
0.780993 0.516097 1.020950 0.073515 0.396395 0.393941 0.723012 0.218954
0.762680 0.601715 0.886400 0.132214 0.262847 0.343108 0.800294 0.268927
0.788449 0.460405 0.906122 0.132859 0.309486 0.337243 0.755258 0.280928
0.783733 0.500609 0.943968 0.019130 0.248118 0.501607 0.788745 0.218136
0.781098 0.594867 0.985491 0.132223 0.370745 0.401746 0.753441 0.223911
0.719580 0.532541 0.945701 0.072180 0.310073 0.397898 0.749489 0.285900
0.722476 0.611989 0.879967 0.091590 0.342761 0.419517 0.756087 0.258953
0.797925 0.688358 1.049265 0.163723 0.316344 0.461055 0.851270 0.220496
0.798468 0.576005 0.898058 0.051473 0.338631 0.315257 0.700868 0.281551
0.808939 0.520063 0.950698 0.166654 0.310572 0.421558 0.733687 0.285133
0.802822 0.565416 0.869147 0.053718 0.396356 0.468758 0.773712 0.292972
0.780895 0.602425 0.881698 0.058143 0.338061 0.506972 0.770107 0.368662
0.822235 0.565834 1.008477 0.124486 0.353092 0.428979 0.709765 0.304691
0.809599 0.476548 0.988980 0.134442 0.365114 0.443851 0.794338 0.231208
0.777122 0.565517 0.934509 0.091247 0.319687 0.372756 0.773187 0.272808
0.839258 0.549408 0.994135 0.092767 0.379137 0.483510 0.811212 0.260907
0.814349 0.588479 0.904814 0.120613 0.365289 0.386597 0.715152 0.312434
0.681891 0.534836 0.948813 0.148732 0.313295 0.271715 0.813888 0.266934
0.646103 0.611879 0.976074 0.185308 0.346745 0.432726 0.786972 0.237824
0.727304 0.482111 0.919489 0.109397 0.352492 0.367470 0.817043 0.204561
0.750548 0.573706 1.018638 0.124247 0.324134 0.461926 0.745408 0.219603
0.774103 0.625400 0.921741 0.207282 0.268141 0.340914 0.758414 0.308028
0.834178 0.552510 0.941730 0.084693 0.384962 0.328247 0.746659 0.276726
0.721961 0.567035 0.967144 0.165302 0.314134 0.476119 0.772973 0.280539
0.800547 0.486032 1.022723 0.188362 0.305254 0.320593 0.782818 0.240083
0.831402 0.548904 1.023863 0.113075 0.367406 0.389662 0.784578 0.342837
0.794259 0.522316 0.998258 0.194747 0.251109 0.460855 0.697182 0.272985
0.774830 0.549309 0.981280 0.141151 0.361255 0.458064 0.753080 0.203915
0.670304 0.545626 0.909570 0.115426 0.307233 0.436127 0.771618 0.367523
0.779115 0.544073 0.956862 0.064611 0.340047 0.451509 0.827981 0.282770
0.801773 0.609413 0.941431 0.081524 0.268262 0.415852 0.837853 0.309764
0.811143 0.648396 0.884804 0.132906 0.395807 0.366458 0.708935 0.288632
0.755558 0.654072 1.003762 0.106001 0.323560 0.336690 0.720532 0.347284
0.808429 0.617203 0.918133 0.059808 0.208884 0.389243 0.723688 0.200969
0.831886 0.566861 0.859328 0.144764 0.324169 0.385968 0.765969 0.287384
0.813741 0.523030 0.858526 0.131803 0.331711 0.413199 0.784413 0.247985
0.864771 0.561832 0.863713 0.167309 0.336731 0.404374 0.800958 0.302144
0.869871 0.523084 0.914398 0.135969 0.389465 0.369130 0.786230 0.280979
0.807785 0.540107 0.962776 0.043041 0.311546 0.402655 0.781082 0.298224
0.751607 0.581823 1.055150 0.157064 0.384337 0.513000 0.675202 0.254322
0.790361 0.580766 0.965019 0.105593 0.328406 0.444383 0.743047 0.213859
0.791515 0.599883 0.972340 0.133388 0.295575 0.416626 0.799654 0.264654
0.788154 0.520942 1.022478 0.123413 0.323287 0.412612 0.779578 0.264212
0.789949 0.605030 0.939589 0.190335 0.255339 0.260477 0.823539 0.269553
0.760568 0.596759 1.009873 0.066038 0.331419 0.273449 0.808151 0.183589
0.774260 0.612908 0.975280 0.049437 0.378309 0.409341 0.759674 0.291292
0.742387 0.516528 0.979820 0.058492 0.382896 0.418812 0.787813 0.270274
0.872786 0.592980 0.926204 0.072983 0.330279 0.437416 0.790610 0.268410
0.879984 0.623955 0.925488 0.111503 0.370183 0.453428 0.761758 0.287283
0.792779 0.499384 0.939428 0.153180 0.208924 0.458928 0.796339 0.278247
0.770378 0.568921 0.995215 0.107692 0.273922 0.412032 0.743433 0.192908
0.799838 0.517195 1.000268 0.141748 0.271519 0.425356 0.778635 0.272588
0.835038 0.591623 1.009112 0.192502 0.247668 0.448717 0.736471 0.303740
0.796128 0.483452 0.965523 0.100128 0.323873 0.439821 0.677331 0.222540
0.712281 0.490257 1.017570 0.059349 0.302027 0.428693 0.806999 0.150269
0.819378 0.669312 0.877369 0.125470 0.336649 0.426821 0.723888 0.242233
0.700395 0.567502 0.908148 0.048276 0.366583 0.362723 0.741495 0.294339
0.746755 0.637240 1.026862 0.098231 0.278640 0.390445 0.835550 0.310953
0.780022 0.605654 0.991428 0.068173 0.336368 0.395286 0.826947 0.208050
0.901725 0.570116 0.953508 0.238042 0.256568 0.374607 0.758694 0.243153
0.706222 0.658213 0.949594 0.092211 0.262881 0.381802 0.793429 0.274429
0.749441 0.516913 1.023794 0.154100 0.446535 0.453055 0.765847 0.397854
0.854156 0.578980 1.008001 0.002090 0.363450 0.315493 0.774790 0.266147
0.809381 0.548409 0.959617 0.068759 0.300627 0.478292 0.817110 0.218698
0.817930 0.581477 0.943295 0.176630 0.326383 0.438673 0.708620 0.189894
0.793261 0.518258 0.955789 0.088753 0.336246 0.349621 0.747027 0.281747
0.811818 0.546694 0.911777 0.074418 0.265025 0.498497 0.843526 0.264270
0.763122 0.490794 0.951680 0.131110 0.442355 0.405294 0.708883 0.316258
0.772033 0.483154 0.980011 0.077196 0.234552 0.361562 0.726370 0.344180
0.821907 0.613844 0.990741 0.152070 0.321055 0.434362 0.736655 0.241854
0.748832 0.519082 0.896153 0.111894 0.292942 0.443887 0.687078 0.195871
0.773435 0.669639 0.964078 0.134149 0.422717 0.378317 0.767403 0.254519
0.772724 0.538233 0.918930 0.147278 0.411767 0.388145 0.783814 0.220636
0.836688 0.614519 0.967668 0.103608 0.366540 0.426696 0.766101 0.317839
0.720575 0.565428 0.929115 0.047261 0.354617 0.392749 0.698147 0.131190
0.766262 0.607249 1.010800 0.068910 0.224485 0.422791 0.686947 0.306278
0.801756 0.583699 0.892117 0.098368 0.380529 0.402083 0.702171 0.234465
0.765959 0.599204 0.973376 0.133754 0.321375 0.453434 0.767793 0.217676
0.746358 0.504957 0.965232 0.104086 0.312500 0.442062 0.772240 0.322532
0.725959 0.576363 0.855642 0.184324 0.311756 0.365144 0.708983 0.248757
0.831764 0.548415 0.937003 0.001411 0.276684 0.502251 0.804318 0.295308
0.816561 0.527445 1.009965 -0.008985 0.408340 0.508130 0.738763 0.245981
0.736514 0.550470 1.084965 0.191057 0.283002 0.398218 0.834208 0.194896
0.842478 0.529935 0.933367 0.156558 0.308024 0.347311 0.651250 0.314843
0.800081 0.602597 0.924141 0.162867 0.211135 0.376879 0.765226 0.353995
0.792575 0.459435 1.009361 0.061498 0.297428 0.330505 0.748330 0.291839
0.798062 0.612430 0.875038 0.151900 0.364283 0.374994 0.732677 0.250742
0.746898 0.511170 0.971938 0.078535 0.404548 0.468009 0.819162 0.390209
0.890723 0.544543 0.962243 0.094806 0.411090 0.349396 0.758803 0.279717
0.704569 0.618006 1.008116 0.179057 0.326973 0.402291 0.828074 0.306517
0.850401 0.450331 0.953466 0.130809 0.319230 0.433968 0.724452 0.238918
0.866431 0.518568 0.881339 0.112323 0.354993 0.354340 0.693337 0.260232
0.787492 0.493711 0.920361 0.137485 0.237010 0.369194 0.749465 0.268891
0.857664 0.597490 1.003774 0.009680 0.248857 0.368011 0.773498 0.220514
0.712907 0.659121 0.927204 0.126279 0.410247 0.367187 0.805549 0.351970
0.815449 0.575433 0.950865 0.095773 0.337885 0.456706 0.813850 0.278713
0.787624 0.483631 0.987720 0.072235 0.275588 0.412938 0.679128 0.295721
0.841783 0.621059 0.989828 0.116337 0.353306 0.449811 0.780888 0.199019
0.723840 0.593379 0.947874 0.024183 0.297630 0.331639 0.648037 0.171840
0.893773 0.534327 0.948784 0.140462 0.318982 0.342518 0.816520 0.292655
0.881548 0.516958 0.956063 0.163869 0.366806 0.510884 0.798635 0.236550
0.773322 0.611863 0.872834 0.190105 0.383117 0.398051 0.751907 0.328078
0.842854 0.576415 0.870289 0.063797 0.366345 0.408885 0.808897 0.261849
0.768520 0.521370 1.002205 0.163379 0.386368 0.411073 0.771487 0.304122
0.855278 0.570999 0.921150 0.160856 0.329114 0.405310 0.746101 0.292242
0.754393 0.655793 0.956737 -0.011030 0.457984 0.341811 0.661615 0.180574
0.837886 0.533158 0.952646 0.141899 0.290025 0.464286 0.821846 0.260482
0.759001 0.593586 0.998373 0.163673 0.369240 0.433939 0.741450 0.168747
0.783238 0.630311 1.006180 0.064730 0.236766 0.481778 0.780726 0.202641
0.748482 0.573499 0.924459 0.128527 0.327257 0.379746 0.787721 0.239177
0.857251 0.551080 0.807644 0.064336 0.317815 0.442938 0.854870 0.209778
0.825015 0.594709 0.990386 0.148437 0.334864 0.318405 0.765752 0.274522
0.751472 0.469251 1.027008 0.127101 0.341061 0.464367 0.826821 0.389497
0.812971 0.529256 0.931313 0.102424 0.371323 0.389107 0.767118 0.367163
0.870687 0.535862 0.820385 0.122460 0.399543 0.392713 0.795031 0.295287
0.724686 0.620474 0.949070 0.089325 0.317692 0.297101 0.766281 0.293063
0.791873 0.504114 0.972413 0.125978 0.331352 0.457221 0.791243 0.249878
0.759947 0.587974 0.964120 0.164658 0.332802 0.395562 0.752280 0.316721
0.774031 0.667751 0.990622 0.128847 0.297627 0.424090 0.688548 0.368076
0.854210 0.558750 0.908185 0.208828 0.298128 0.444073 0.753172 0.283123
0.725264 0.592357 0.909325 0.075607 0.312521 0.397078 0.823839 0.301183
0.693131 0.464800 0.901993 0.037062 0.385931 0.368722 0.733046 0.255291
0.779149 0.601322 0.942666 0.045125 0.321556 0.368441 0.796057 0.175450
0.749810 0.539192 0.951992 0.124064 0.403831 0.488381 0.783725 0.353971
0.777316 0.551807 0.986078 0.178149 0.285531 0.387354 0.757689 0.237721
0.830093 0.520651 0.963799 0.065727 0.229899 0.403926 0.768283 0.274264
0.760208 0.579819 0.948699 0.220959 0.333567 0.464763 0.776777 0.298665
0.862322 0.615079 0.957122 0.180420 0.293014 0.455805 0.817505 0.281657
0.756060 0.499608 0.952204 0.179145 0.387002 0.455467 0.738505 0.309560
0.803724 0.553009 1.018375 0.171413 0.395796 0.513284 0.726407 0.278773
0.865373 0.594021 0.957502 0.163377 0.310128 0.436496 0.809164 0.249058
0.757944 0.524104 0.981115 0.078606 0.325084 0.346455 0.752836 0.281982
0.718120 0.597049 0.949529 0.152455 0.378052 0.441661 0.793329 0.147743
0.815455 0.642131 0.964735 0.131020 0.330388 0.405730 0.744741 0.210101
0.772001 0.629223 0.955634 0.058562 0.363315 0.431034 0.825738 0.325429
0.685939 0.585882 0.980796 0.091669 0.412153 0.336541 0.778390 0.205086
0.826769 0.579104 0.943971 0.240096 0.375401 0.398896 0.761423 0.229613
0.900372 0.530064 0.969137 0.239275 0.317030 0.461860 0.720855 0.204321
0.810072 0.563882 0.926294 0.078560 0.330895 0.405530 0.700146 0.332880
0.698220 0.517547 0.946925 0.105868 0.344622 0.491061 0.721023 0.242969
0.793642 0.604318 1.018967 0.136936 0.329084 0.397303 0.757860 0.210791
0.779081 0.582191 0.997990 0.131359 0.392191 0.420916 0.672527 0.294216
0.779333 0.632748 0.959014 0.092046 0.259815 0.458177 0.732580 0.305344
0.855991 0.475368 1.014167 0.064039 0.361649 0.356766 0.876407 0.310932
0.767500 0.570673 0.967067 0.063568 0.385969 0.438122 0.758018 0.315391
0.828088 0.604998 1.059417 0.111096 0.349300 0.421287 0.763890 0.187023
0.844346 0.561763 0.871287 0.059345 0.326923 0.404605 0.732677 0.304331
0.785641 0.556157 0.898401 0.106742 0.339411 0.335209 0.733600 0.262473
0.854580 0.634247 0.887344 0.105263 0.331183 0.444459 0.730783 0.338795
0.785177 0.528096 1.025823 0.103511 0.224122 0.370042 0.797647 0.304317
0.768741 0.535577 0.968299 0.080834 0.351854 0.469278 0.756715 0.216766
0.741353 0.511350 0.919989 0.200041 0.311766 0.412376 0.822547 0.291506
0.831488 0.557050 0.963466 0.167553 0.302407 0.453462 0.749377 0.210105
0.865930 0.594478 0.839248 0.112676 0.180034 0.455190 0.717790 0.175793
0.806914 0.581091 0.900610 0.149266 0.421499 0.440432 0.820467 0.307318
0.840738 0.501435 0.933419 0.086854 0.324449 0.463309 0.860837 0.293601
0.786354 0.520673 0.982632 0.045280 0.292616 0.365954 0.814951 0.288866
0.789367 0.626186 0.989489 0.096706 0.295337 0.432037 0.863988 0.321887
0.813622 0.604703 0.990627 0.169096 0.284690 0.424841 0.716379 0.271239
0.750129 0.562114 0.965699 0.069800 0.348190 0.380320 0.764302 0.233356
0.706153 0.600000 0.875003 0.195265 0.360065 0.337441 0.709245 0.301784
0.822306 0.688472 0.981073 0.168631 0.201206 0.344073 0.798383 0.207521
0.794335 0.543611 0.899271 0.113342 0.296339 0.360849 0.685652 0.328132
0.811963 0.489057 0.837214 0.005349 0.217785 0.419166 0.658723 0.280075
0.836812 0.538100 0.932520 0.060853 0.255976 0.292502 0.749898 0.212323
0.823107 0.616537 1.046695 0.165397 0.314913 0.379467 0.738779 0.239281
0.825222 0.553624 0.967785 0.029763 0.367288 0.374116 0.779565 0.312015
0.611698 0.546811 1.058613 0.074210 0.325689 0.466698 0.670410 0.200370
0.818883 0.550482 0.990331 0.141149 0.328291 0.433873 0.817799 0.332743
0.799106 0.533324 0.916600 0.148388 0.345554 0.431455 0.809684 0.151044
0.823741 0.583462 0.947654 0.172594 0.292808 0.450446 0.617061 0.238668
0.849939 0.620800 0.992646 0.134504 0.361444 0.493044 0.749228 0.333826
0.754271 0.565730 0.980948 0.114100 0.417249 0.359244 0.737289 0.233539
0.822122 0.488143 0.987821 0.061280 0.409887 0.442242 0.760075 0.374657
0.790706 0.625573 1.019704 0.158888 0.288025 0.400679 0.850568 0.278672
0.822394 0.586681 0.961572 0.098078 0.404315 0.444796 0.732952 0.327593
0.765437 0.650038 0.971834 0.112139 0.352284 0.418882 0.766040 0.267195
0.778837 0.609555 0.931763 0.049103 0.313083 0.369517 0.805975 0.231236
0.801402 0.515309 0.984595 0.090226 0.410642 0.341067 0.749451 0.291773
0.833139 0.455619 1.107873 0.171263 0.232381 0.402255 0.807272 0.269690
0.730615 0.484258 0.890312 0.140137 0.389097 0.343901 0.768267 0.311975
0.881489 0.546090 0.982236 0.112431 0.320580 0.448139 0.767714 0.251389
0.867723 0.588344 0.990249 0.076670 0.321575 0.473961 0.730748 0.337774
0.871479 0.603240 0.947045 0.082805 0.406453 0.512984 0.743814 0.254918
0.830240 0.626295 0.935762 0.210843 0.307282 0.402918 0.803881 0.314522
0.724942 0.513850 0.906634 0.186082 0.278366 0.354105 0.810162 0.307656
0.790743 0.562670 0.886517 0.065079 0.348019 0.380722 0.829387 0.256152
0.795113 0.661635 0.932541 0.058231 0.419990 0.366921 0.838806 0.277903
0.853509 0.578784 0.924231 0.131054 0.358569 0.404770 0.725446 0.257003
0.779878 0.589151 0.946550 0.095060 0.333640 0.333360 0.739497 0.275719
0.791549 0.556496 0.948133 0.028245 0.278026 0.392492 0.719202 0.271861
0.745818 0.494637 0.923870 0.065347 0.327725 0.438762 0.810013 0.210135
0.773073 0.636527 0.820764 0.179833 0.300154 0.404617 0.776041 0.276059
0.749381 0.495024 0.995622 0.117758 0.292797 0.452559 0.826615 0.265100
0.798054 0.535504 1.027497 0.065946 0.347150 0.435406 0.728417 0.264100
0.755018 0.508673 0.953251 0.104836 0.325588 0.431583 0.847407 0.271762
0.824174 0.623117 1.047609 0.043826 0.345122 0.469699 0.802681 0.247345
0.839353 0.569463 1.031005 0.122534 0.300649 0.463319 0.842744 0.314865
0.777743 0.644352 1.044865 0.062111 0.395109 0.460668 0.826278 0.242638
0.814072 0.483133 0.937945 0.049607 0.335857 0.451046 0.763823 0.277960
0.778904 0.707347 0.923887 0.125547 0.365403 0.412504 0.786611 0.254063
0.801246 0.550053 0.984634 0.147457 0.385655 0.372963 0.759912 0.313673
0.730416 0.601272 0.879056 0.123685 0.316346 0.394483 0.777598 0.325771
0.810034 0.516875 0.961946 0.071028 0.388733 0.349141 0.816951 0.236582
0.793368 0.527846 0.972606 0.056436 0.237784 0.389339 0.731450 0.369925
0.796700 0.623081 0.948140 0.057742 0.326985 0.412121 0.653014 0.326951
0.758461 0.617165 1.004237 0.092628 0.276245 0.355945 0.755782 0.267591
