10 12 5
0.434323 0.578011 0.837991 0.253593 0.392577 0.732632 0.520414 0.454913 0.931229 0.472387 1.001300 0.804894
0.307611 0.737318 0.813191 0.334358 0.354118 0.670257 0.569482 0.593881 0.981593 0.522049 0.906787 0.799279
0.105036 0.872432 0.142761 0.347479 0.852627 0.161410 0.644604 0.204609 0.733441 0.628611 0.846713 0.690097
0.041185 0.755837 0.196036 0.369061 0.802386 0.149926 0.759552 0.097122 0.693392 0.633933 0.827811 0.737918
0.011714 0.874055 0.181527 0.318331 0.792296 0.210167 0.626731 0.106431 0.683547 0.562656 0.912486 0.718191
0.144034 0.870198 0.251776 0.312519 0.778644 0.160589 0.693098 0.228707 0.763096 0.751257 0.894716 0.782298
0.258770 0.872512 0.147899 0.823470 0.476864 0.574696 0.856271 0.744224 0.150917 0.150762 0.487547 0.905232
0.361757 0.797633 0.179097 0.841693 0.482094 0.703591 0.812341 0.653166 0.166985 0.287455 0.513876 0.960402
0.169196 0.783606 0.142663 0.300612 0.864207 0.121261 0.640177 0.115582 0.816669 0.650321 0.898110 0.765929
0.165430 0.754032 0.121014 0.311201 0.712411 0.093613 0.711585 0.178706 0.768823 0.610837 0.910629 0.675949
