28 12 21
0.682687 0.790276 0.558935 0.554875 0.777694 0.202105 0.434720 0.518049 0.886653 0.426119 0.749107 0.558749
0.582312 0.684955 0.617962 0.456491 0.683357 0.199254 0.428778 0.620991 0.910319 0.413730 0.770383 0.493037
0.617862 0.599097 0.629602 0.519681 0.677760 0.151321 0.438872 0.539444 0.985503 0.419704 0.816074 0.488288
0.621488 0.678718 0.645818 0.589885 0.678475 0.154125 0.443473 0.556619 0.924985 0.447232 0.805066 0.515958
0.575215 0.621972 0.519246 0.439931 0.655688 0.172439 0.452010 0.555193 0.883062 0.481269 0.772796 0.477666
0.704707 0.652723 0.785792 0.655169 0.368817 0.374606 0.550387 0.670191 0.688975 0.837395 0.686705 0.084618
0.594191 0.614909 0.725410 0.653182 0.386974 0.359408 0.465871 0.642858 0.622553 0.829165 0.770774 0.064817
0.602818 0.653032 0.767715 0.670805 0.272318 0.406764 0.489853 0.655132 0.711415 0.859055 0.724614 0.069870
0.604195 0.681674 0.865722 0.741061 0.383278 0.376704 0.571690 0.605261 0.719573 0.929477 0.736421 0.064017
0.712669 0.443418 0.767746 0.696840 0.384046 0.265506 0.540486 0.688739 0.600343 0.796129 0.701652 -0.043087
0.523152 0.681766 0.755338 0.741155 0.393909 0.328804 0.509197 0.757357 0.725853 0.947488 0.664180 0.038824
0.519834 0.624556 0.753861 0.675715 0.307364 0.376253 0.585717 0.586504 0.661680 0.786995 0.718343 0.054755
0.556334 0.650086 0.802555 0.711272 0.403966 0.292517 0.496328 0.633269 0.693804 0.817440 0.642019 -0.004942
0.601217 0.740172 0.894635 0.765046 0.347667 0.282616 0.421887 0.566566 0.707694 0.912828 0.771767 0.134465
0.593705 0.614754 0.819229 0.808176 0.460075 0.429842 0.499327 0.591744 0.750751 0.730890 0.719616 0.062923
0.575071 0.677155 -0.018887 0.426762 0.185216 0.422583 0.648633 1.088136 0.779855 0.277299 0.060162 0.757899
0.551659 0.764370 -0.007151 0.487514 0.288799 0.460622 0.739508 1.059338 0.753748 0.141598 0.036204 0.686540
0.455059 0.578694 0.049151 0.435088 0.269203 0.427050 0.785098 0.905070 0.779789 0.224637 0.078820 0.801809
0.619478 0.700927 -0.014514 0.460430 0.222061 0.440043 0.746144 0.940728 0.771244 0.302988 0.041437 0.804015
0.559966 0.685071 -0.049789 0.432440 0.206839 0.487258 0.806644 0.938078 0.822452 0.258466 -0.028598 0.829923
0.708540 0.639496 0.738001 0.669054 0.481750 0.331505 0.462608 0.568336 0.676984 0.843393 0.605100 0.059649
0.647511 0.632475 0.812205 0.680162 0.345910 0.334332 0.499976 0.595697 0.729912 0.795941 0.609227 0.069320
0.545828 0.661525 0.768017 0.821513 0.411023 0.381811 0.415615 0.620915 0.737556 0.858382 0.708785 0.061268
0.634104 0.569536 0.767838 0.753308 0.334076 0.367281 0.544147 0.641124 0.748960 0.703268 0.728752 0.079876
0.529205 0.564831 0.676643 0.709388 0.439378 0.348620 0.461282 0.657794 0.696131 0.824252 0.744852 0.057911
0.630069 0.664250 0.688508 0.736980 0.262338 0.363922 0.522126 0.623680 0.729415 0.820852 0.667535 0.019879
0.613257 0.661566 0.841506 0.674221 0.353561 0.316842 0.558255 0.682108 0.576923 0.857817 0.722762 0.031545
0.599118 0.589620 0.916480 0.742222 0.274830 0.429461 0.474852 0.619652 0.641041 0.885906 0.753418 0.043493
