12 12 8
0.670533 0.744590 0.448611 0.643126 0.180155 0.440248 0.776549 0.400131 0.414598 0.487574 0.724754 0.221263
0.690852 0.713573 0.418859 0.605665 0.169686 0.513710 0.855598 0.451058 0.375215 0.518027 0.704662 0.282690
0.691282 0.682471 0.086910 1.035585 0.139152 0.486749 0.160888 0.396992 0.088257 0.531050 0.417068 0.914712
0.681568 0.589329 0.122906 1.009574 0.117840 0.509494 0.143080 0.391987 0.118211 0.472862 0.375621 1.013860
0.667989 0.518592 0.088420 0.937016 0.215096 0.428920 0.046574 0.404253 0.048707 0.516444 0.425907 1.033424
0.642312 0.591820 0.048671 0.947087 0.093227 0.509367 0.042099 0.330998 0.138100 0.495105 0.411405 0.953114
0.092840 0.760440 0.280554 0.585732 0.285603 0.356492 0.179440 0.027270 0.746064 0.438417 0.891639 0.246595
0.241518 0.612563 0.147060 0.449056 0.379739 0.389393 0.233572 0.043755 0.712291 0.549985 0.895366 0.299609
0.690128 0.542781 0.193916 1.032518 0.065192 0.469303 0.173985 0.342357 0.126107 0.469320 0.408171 0.941173
0.674626 0.480787 0.129495 0.932933 0.061843 0.484587 0.055898 0.360456 0.159360 0.518687 0.380431 0.982723
0.680364 0.648659 0.081933 0.871775 0.109546 0.489374 0.076945 0.342739 0.094231 0.473191 0.313235 0.983043
0.662827 0.664924 0.223683 0.942381 0.124563 0.455977 0.151614 0.224534 0.061382 0.512407 0.342552 0.987040
