12 12 12
0.476352 0.649699 0.908795 0.035593 0.302374 0.193490 0.094668 0.656684 0.796993 0.360084 0.513913 0.317373
0.529046 0.821592 0.965994 -0.039055 0.451107 0.293898 0.104136 0.647353 0.851254 0.376317 0.561061 0.332433
0.947158 0.493776 0.581941 0.427920 0.427568 0.649192 0.469163 0.021587 0.522657 0.342283 0.757253 0.138643
0.942853 0.373656 0.515743 0.382810 0.366945 0.663980 0.485744 -0.116575 0.646298 0.315708 0.775999 0.223654
0.897066 0.514935 0.516092 0.388683 0.449581 0.735365 0.525974 0.045079 0.578509 0.290588 0.692500 0.226680
0.951311 0.371070 0.561815 0.465289 0.423070 0.707434 0.367233 0.085888 0.597181 0.253292 0.813670 0.226923
0.188727 0.668182 0.631910 0.306581 0.158117 0.469374 0.669302 0.904980 0.851348 0.854259 0.861873 0.871666
0.065342 0.733447 0.588495 0.282054 0.236648 0.532550 0.751118 0.895840 0.872520 0.748207 0.954999 0.881284
0.924426 0.418776 0.517510 0.394410 0.326673 0.752993 0.414871 0.032368 0.595369 0.371757 0.690978 0.174520
1.029978 0.479016 0.525501 0.428917 0.308966 0.728493 0.374342 0.053030 0.557267 0.352520 0.751364 0.184980
0.924210 0.418906 0.541812 0.390490 0.420798 0.727012 0.406180 -0.034400 0.500246 0.322038 0.780014 0.146432
0.947158 0.439113 0.588739 0.336144 0.377195 0.741032 0.419089 -0.094013 0.553891 0.305328 0.816234 0.201162
