20 12 10
0.686020 0.675609 0.231101 0.695445 0.916695 0.027115 0.861745 0.513081 0.680264 0.291411 0.370940 0.754157
0.660121 0.607234 0.310836 0.748255 0.886790 0.041536 0.826757 0.548361 0.756297 0.301989 0.239330 0.684819
0.690196 0.634612 0.288817 0.790653 0.770366 -0.050009 0.790391 0.578123 0.708852 0.305224 0.329887 0.682662
0.661001 0.511002 0.242595 0.755024 0.931582 0.082131 0.828719 0.641923 0.666360 0.337964 0.356605 0.671707
0.961115 0.946927 0.111128 0.118677 0.804481 0.943138 1.000263 0.526901 0.519898 0.910197 0.565198 0.896896
0.960251 0.879371 0.184860 0.086482 0.700796 1.025493 1.121997 0.652975 0.520491 0.930008 0.575283 0.917350
0.928438 0.891177 0.138908 0.072940 0.828819 0.921474 0.948760 0.657854 0.423539 0.887737 0.702169 0.889919
0.876420 1.033334 0.194473 0.078206 0.743602 0.938746 0.956576 0.715866 0.421742 1.004134 0.637913 0.928145
0.988670 0.961404 0.080086 0.165786 0.855954 0.919279 0.980129 0.687845 0.483297 0.897742 0.631699 0.879541
0.889931 0.941586 0.070535 0.045345 0.814198 0.852393 1.029107 0.657971 0.434669 1.000188 0.596508 0.881466
0.963582 1.051419 0.087634 0.098417 0.779124 0.888574 1.008257 0.652083 0.447975 0.942820 0.617380 0.994490
0.915661 0.932282 0.120883 0.134356 0.812542 0.921275 1.047468 0.676375 0.486805 0.956044 0.680639 1.001585
0.870929 0.006538 0.632396 0.157930 0.137797 0.603319 0.818492 0.699515 0.701623 0.928426 0.246682 0.643507
0.779079 0.002118 0.671848 0.111818 0.086165 0.667948 0.780292 0.719008 0.683815 0.896232 0.202018 0.565837
0.846441 -0.003402 0.622848 0.230687 0.043059 0.547900 0.686913 0.667276 0.779827 0.860926 0.253406 0.601642
0.832181 -0.020814 0.570599 0.190625 0.051630 0.609151 0.795003 0.710398 0.790365 0.883169 0.203864 0.562603
1.008353 0.997871 0.187262 0.121155 0.664321 0.929331 1.056159 0.725302 0.533336 0.952333 0.688050 0.921877
0.872922 0.943154 0.135899 0.049259 0.793489 0.952067 0.976781 0.702994 0.523148 0.962909 0.664620 0.979237
0.941885 1.000498 0.126529 0.054450 0.672191 0.976047 1.014425 0.625136 0.516875 0.953605 0.688645 0.871060
0.906936 1.007065 0.088908 0.127843 0.781644 0.863991 0.988543 0.632233 0.477845 0.853730 0.690422 0.891018
