20 12 15
0.275337 0.320437 0.528447 0.654935 0.180638 0.369150 0.522941 0.147676 -0.033169 0.756470 0.822373 0.915635
0.251472 0.374144 0.507599 0.598226 0.156610 0.477117 0.485226 0.033725 0.001432 0.693509 0.747800 0.897848
0.371958 0.275339 0.600285 0.645719 0.184299 0.508761 0.449624 0.112322 -0.008501 0.810363 0.789482 0.868525
0.279748 0.371834 0.442115 0.575867 0.246479 0.450036 0.495822 0.057294 0.016523 0.789533 0.745436 0.953047
0.983628 0.587086 0.036258 0.938603 0.312557 0.170037 0.546101 0.149170 0.100599 0.570643 -0.001174 0.487035
0.845655 0.592194 0.014364 0.972087 0.304882 0.080217 0.569953 0.267444 0.067226 0.551255 0.094865 0.536310
0.791976 0.555264 0.134611 0.982955 0.218775 0.222093 0.485483 0.150829 0.045230 0.569446 0.024302 0.373407
0.993261 0.491845 0.062618 0.891066 0.161054 0.187274 0.520839 0.117523 0.090360 0.512409 0.119565 0.382441
0.921508 0.636369 0.065708 0.876116 0.258999 0.235034 0.516827 0.190076 0.095475 0.575671 0.042017 0.369221
0.999522 0.603766 0.019006 0.922031 0.307788 0.275434 0.529764 0.126351 0.030815 0.563397 0.088957 0.481294
0.976796 0.611507 0.098963 0.975541 0.237431 0.110428 0.479466 0.150276 0.051967 0.524575 0.090794 0.351529
0.991197 0.553717 0.134500 0.920796 0.230447 0.218624 0.566927 0.256278 0.158102 0.557817 0.047721 0.379374
0.166918 0.526195 0.688955 0.906867 0.963459 0.794851 0.779413 0.736434 0.983282 0.608747 0.621690 0.210611
0.115813 0.531328 0.774250 0.911546 1.042619 0.809444 0.786141 0.782493 0.954216 0.403547 0.688750 0.211103
0.154912 0.557715 0.748083 0.976221 0.927982 0.743320 0.748532 0.758505 0.931672 0.531186 0.752404 0.127941
0.137954 0.636903 0.719192 0.901713 0.996257 0.823902 0.798048 0.775271 0.884631 0.515638 0.730883 0.260621
0.969556 0.660742 0.082136 0.984964 0.194629 0.143641 0.513783 0.196925 0.099514 0.425337 0.148285 0.359135
0.957670 0.614701 0.099761 0.892661 0.184799 0.169249 0.415553 0.207513 0.065728 0.548517 0.154904 0.366537
0.935678 0.555665 0.046948 0.922557 0.187147 0.253498 0.470404 0.165502 0.034096 0.572383 0.016278 0.406425
0.929985 0.656127 0.120257 0.831961 0.259944 0.207585 0.454602 0.132105 0.006894 0.550748 0.092007 0.445925
