16 12 8
0.553397 0.883984 0.646300 0.415573 0.208838 0.451442 0.436030 0.687704 0.404076 0.432682 0.503864 0.552720
0.673017 0.863232 0.615294 0.355373 0.238323 0.423551 0.419381 0.699814 0.430072 0.421623 0.419030 0.604059
0.703104 0.911428 0.681673 0.411658 0.254030 0.423825 0.515377 0.686702 0.417971 0.436139 0.511596 0.679771
0.714813 1.015973 0.210803 0.798671 0.507973 0.680911 0.803051 -0.005216 0.078212 0.331669 0.379511 0.058303
0.700947 1.030980 0.200811 0.773126 0.514868 0.717499 0.591280 -0.029040 0.173175 0.349012 0.316311 0.144611
0.793245 0.971753 0.390407 0.720522 0.550429 0.732158 0.696311 0.022002 0.062580 0.206731 0.367962 0.146079
0.823808 1.056530 0.324388 0.738593 0.509816 0.738268 0.685787 0.030256 0.195426 0.226261 0.387758 0.076607
0.840305 1.082928 0.259058 0.759523 0.491536 0.666444 0.718846 0.083760 0.182985 0.308877 0.301457 0.164849
0.731988 0.943959 0.306320 0.710556 0.542026 0.689731 0.691158 0.035517 0.082155 0.265722 0.349522 0.119219
0.966224 0.480794 0.063842 0.854123 0.879038 0.566089 0.640433 0.580967 0.260402 0.628926 0.591866 0.399068
0.894106 0.499626 0.102955 0.719711 0.942080 0.502138 0.714352 0.572742 0.287335 0.703145 0.551377 0.427669
0.983459 0.427365 0.125777 0.760086 1.023424 0.660011 0.744436 0.577067 0.272010 0.684059 0.675255 0.424950
0.813170 0.941930 0.334102 0.715251 0.476621 0.707261 0.843133 0.057913 0.108477 0.360288 0.276367 0.139567
0.725903 0.969787 0.168650 0.736746 0.488610 0.818657 0.753389 -0.053705 0.143676 0.356547 0.268643 0.125548
0.779622 0.958364 0.146761 0.781601 0.513451 0.736974 0.580007 -0.007841 0.173586 0.268375 0.356210 0.119205
0.782849 0.987968 0.267008 0.641185 0.449947 0.789396 0.700562 0.000467 0.096181 0.289680 0.336353 0.122587
