200 12 200
0.875919 0.524074 0.280566 0.760471 0.711603 0.040837 0.210684 0.425300 0.356234 0.065997 0.162745 0.663238
0.776203 0.455111 0.260482 0.819711 0.837530 0.054565 0.303739 0.444540 0.288276 0.063812 0.150902 0.761223
1.016627 0.504102 0.292929 0.789099 0.784440 0.092863 0.219862 0.385449 0.413325 0.037908 0.005122 0.658897
0.887882 0.537291 0.282265 0.779590 0.772207 0.009777 0.188456 0.446818 0.342589 -0.015030 0.091064 0.668809
0.859570 0.442657 0.318290 0.759903 0.741365 0.048510 0.177248 0.368060 0.356476 0.039525 0.106265 0.696035
0.915139 0.422769 0.348212 0.731993 0.786316 0.057331 0.215864 0.478013 0.423265 -0.017678 0.031582 0.815857
0.914337 0.504910 0.236195 0.767356 0.839085 -0.030416 0.162131 0.336734 0.337237 0.024850 0.086039 0.720885
0.842443 0.455081 0.213516 0.801114 0.727657 0.109873 0.202716 0.424419 0.278079 0.045917 0.176568 0.771135
0.931693 0.484631 0.277967 0.820289 0.750076 0.011461 0.210450 0.421309 0.285562 -0.050011 0.100614 0.667216
0.854056 0.548574 0.282996 0.821969 0.738544 -0.001589 0.186385 0.454559 0.287820 0.069607 0.091784 0.674686
0.903681 0.506910 0.310815 0.778132 0.725156 0.015852 0.238886 0.404603 0.398518 0.074520 0.063149 0.574973
0.855104 0.532631 0.228669 0.815044 0.706438 0.031662 0.258244 0.370838 0.418592 0.145596 0.116064 0.769734
0.874716 0.484120 0.296912 0.901543 0.828423 0.034823 0.227766 0.454911 0.320873 -0.036684 0.021542 0.722740
0.926817 0.519322 0.232643 0.817756 0.793863 0.100618 0.237803 0.408742 0.349771 0.039086 0.050694 0.741060
0.850881 0.516757 0.299159 0.812818 0.735651 0.060057 0.183899 0.339110 0.402949 0.094868 0.148785 0.735932
1.017257 0.510123 0.284966 0.741614 0.743917 0.006809 0.193473 0.504283 0.372921 0.033513 -0.036738 0.653908
0.823008 0.503763 0.300665 0.808435 0.786985 0.043985 0.159717 0.463277 0.373227 0.090587 0.053486 0.630670
0.888375 0.537890 0.324340 0.762818 0.834031 0.020356 0.170042 0.428752 0.369986 -0.041396 0.044337 0.664951
0.818951 0.401941 0.320500 0.765859 0.732140 0.002981 0.199447 0.386782 0.368172 0.109167 0.138484 0.781048
0.953999 0.530928 0.269578 0.777893 0.730877 0.073701 0.220252 0.363709 0.351670 0.096358 0.051255 0.724792
0.819169 0.446177 0.280959 0.776935 0.705414 0.059339 0.215380 0.337248 0.507987 -0.051661 0.157617 0.725798
0.986856 0.560741 0.198272 0.716523 0.768120 0.084964 0.165048 0.330549 0.299096 0.084391 0.170893 0.728793
0.833845 0.505494 0.276405 0.737149 0.781598 0.034621 0.219603 0.460364 0.385698 0.038766 0.098979 0.708756
0.886936 0.444640 0.205255 0.884438 0.779213 -0.006895 0.214776 0.458802 0.447585 -0.055828 0.080149 0.666546
0.895621 0.578668 0.350534 0.779064 0.729049 0.032933 0.133167 0.384055 0.367697 -0.007645 0.033710 0.710710
0.863293 0.449982 0.314016 0.775309 0.848424 0.045737 0.158317 0.329592 0.352795 0.039184 0.098859 0.611815
0.875441 0.505728 0.380102 0.764849 0.765318 0.047816 0.205295 0.375211 0.337037 0.118140 0.078414 0.714556
0.790219 0.476698 0.234951 0.731075 0.804895 0.048251 0.138931 0.440779 0.363750 0.124086 0.161745 0.704974
0.870884 0.510610 0.222614 0.812438 0.708946 0.079483 0.127337 0.466201 0.376874 0.091038 0.084574 0.730431
0.914641 0.603142 0.321758 0.845616 0.761825 0.006997 0.137970 0.423387 0.270015 -0.038797 0.178096 0.740545
0.871971 0.530435 0.254211 0.855395 0.723568 0.051614 0.286117 0.357472 0.294227 -0.025661 0.087182 0.722935
0.860985 0.525804 0.360231 0.801982 0.755794 0.011739 0.233717 0.367272 0.389005 0.047689 0.085321 0.755192
0.933054 0.513896 0.315949 0.855139 0.676257 -0.005572 0.148438 0.419839 0.294729 0.136857 0.067853 0.648476
0.870983 0.413149 0.275314 0.747285 0.834263 0.018703 0.293403 0.484141 0.321944 -0.113950 0.118913 0.789361
0.163601 0.149486 0.796892 0.382113 1.045132 0.686914 0.636222 0.436560 0.070547 0.572218 0.467072 0.022519
0.059020 0.196364 0.881169 0.361336 0.944557 0.662133 0.575583 0.493176 0.060977 0.548685 0.528265 0.041804
0.062621 0.193119 0.806206 0.453129 0.897749 0.664344 0.583837 0.477519 0.062924 0.541315 0.486809 0.159085
0.127494 0.142806 0.932584 0.327623 0.990836 0.711965 0.581721 0.515910 0.086420 0.546078 0.500136 -0.049259
0.143374 0.167247 0.880109 0.393145 0.952597 0.790944 0.563497 0.449539 0.081471 0.576668 0.490418 0.069013
0.128106 0.069995 0.718586 0.340311 1.027292 0.665042 0.561468 0.520285 0.049372 0.571541 0.535080 0.139730
0.137648 0.182256 0.797702 0.354364 0.981902 0.609799 0.495204 0.519001 0.120116 0.671790 0.539066 -0.010750
0.106202 0.054820 0.807162 0.370032 0.982433 0.694790 0.565762 0.398212 0.032984 0.638491 0.446408 0.094745
0.117108 0.177662 0.881036 0.421857 0.999649 0.683482 0.642644 0.433356 -0.003723 0.556325 0.418417 0.063314
0.147805 0.190140 0.711228 0.304219 1.011258 0.513620 0.531579 0.537314 0.077160 0.652661 0.593276 0.027084
0.081664 0.121619 0.782100 0.407940 0.960195 0.614489 0.495931 0.501328 0.127831 0.497996 0.571138 0.084098
0.072458 0.068694 0.865406 0.377917 0.919932 0.657810 0.530843 0.557836 0.071735 0.605261 0.517153 -0.020189
0.097653 0.177580 0.782186 0.391698 1.103812 0.771941 0.480064 0.379021 0.124621 0.502329 0.499713 0.034336
0.087175 0.148560 0.772299 0.337518 1.134079 0.649743 0.437562 0.481001 0.060565 0.570828 0.505662 0.087422
0.188768 0.153031 0.865508 0.317004 0.968852 0.678161 0.483216 0.530064 0.057651 0.594197 0.497705 0.113053
0.167586 0.105627 0.788443 0.485019 1.014745 0.660015 0.511286 0.537379 0.080149 0.529466 0.557074 -0.002571
0.209848 0.229368 0.831497 0.468473 1.007452 0.636502 0.461721 0.529250 0.077176 0.601561 0.473277 0.093363
0.136713 0.251445 0.825598 0.303246 1.101775 0.676971 0.552698 0.508484 0.021692 0.511423 0.515073 0.022975
0.208493 0.136186 0.848761 0.397468 1.053387 0.623768 0.608681 0.375202 0.091495 0.549368 0.510806 -0.042682
0.184372 0.225409 0.805306 0.387001 0.986998 0.663943 0.515848 0.479300 0.042387 0.570752 0.535977 0.083207
0.106018 0.204359 0.727796 0.479967 0.950272 0.686724 0.555560 0.459706 0.085050 0.549259 0.465218 0.062344
0.176344 0.136725 0.833290 0.376366 0.966352 0.731545 0.577543 0.488572 0.056202 0.509851 0.498923 0.053271
0.112274 0.136858 0.764672 0.433966 1.033855 0.735572 0.558086 0.455251 0.086193 0.508356 0.515075 0.013345
0.170259 0.161354 0.798045 0.344742 0.977043 0.669133 0.544013 0.518999 0.145697 0.523668 0.443241 0.073955
0.068899 0.232691 0.897185 0.374623 1.018018 0.588686 0.511214 0.542033 0.039914 0.576254 0.541749 0.024525
0.108453 0.131759 0.846126 0.407925 1.122262 0.651500 0.450685 0.445449 0.121852 0.563707 0.539478 0.062929
0.068486 0.200077 0.781467 0.307956 1.007883 0.704801 0.550450 0.530780 0.016332 0.616772 0.493024 0.064792
0.188369 0.080159 0.824275 0.312731 1.010001 0.726901 0.536846 0.418343 0.108489 0.600876 0.449995 0.095987
0.181216 0.166687 0.766671 0.457012 0.904543 0.689147 0.568439 0.444442 0.029184 0.640910 0.462935 0.033240
0.125050 0.088777 0.859650 0.300272 1.005207 0.661307 0.516768 0.479883 0.053918 0.525508 0.495398 0.015102
0.123869 0.088963 0.813122 0.326936 1.013518 0.657329 0.482505 0.484967 0.083654 0.528411 0.566535 0.063809
0.016063 0.040206 0.842841 0.283461 0.980645 0.697514 0.575759 0.476526 0.208485 0.608485 0.523843 0.034573
0.139860 0.102102 0.739968 0.327545 1.002332 0.568787 0.616894 0.452977 0.078532 0.590972 0.530691 0.081773
0.212403 0.153714 0.900425 0.357749 0.951877 0.644315 0.595663 0.520771 0.061765 0.538889 0.538888 0.048312
0.091808 0.129098 0.834701 0.455925 1.130031 0.651848 0.554374 0.504655 0.078029 0.613366 0.501323 0.101119
0.122787 0.132216 0.881402 0.367000 0.973518 0.722021 0.561111 0.610989 0.136184 0.547134 0.443127 -0.043523
0.104251 0.148726 0.778043 0.410384 1.054935 0.786687 0.666813 0.597842 0.049746 0.576187 0.611263 0.060315
0.182983 0.074652 0.905175 0.453569 0.920397 0.680271 0.590797 0.395029 0.015980 0.620173 0.567545 0.117497
0.145937 0.149342 0.794595 0.382940 0.996656 0.698668 0.548914 0.461452 0.071354 0.546657 0.474066 0.163016
0.150557 0.112836 0.839620 0.382548 0.902652 0.679488 0.605688 0.420986 0.072509 0.492048 0.572077 0.034854
0.080972 0.127469 0.853374 0.372934 0.979307 0.709087 0.590422 0.532782 0.111477 0.568696 0.469800 0.044014
0.131705 0.218899 0.843638 0.342542 1.017796 0.607405 0.542996 0.492576 0.025766 0.573144 0.569838 0.050475
0.182004 0.184922 0.756912 0.379404 1.042031 0.730485 0.460573 0.437249 0.001165 0.598998 0.546588 -0.023126
0.109596 0.136015 0.742097 0.351281 0.955315 0.747097 0.507654 0.521742 0.073111 0.516094 0.517231 0.052456
0.176598 0.117328 0.862676 0.366879 1.068107 0.611289 0.516326 0.570238 0.078362 0.482183 0.495707 0.045832
0.091734 0.078985 0.797392 0.421744 1.093461 0.672500 0.576715 0.490877 0.104362 0.529072 0.584490 0.090943
0.169462 0.122178 0.766517 0.335574 1.102524 0.692258 0.516736 0.484343 0.050530 0.522027 0.551683 0.098932
0.083799 0.128474 0.845426 0.313231 0.987018 0.679779 0.493999 0.553984 0.076801 0.460424 0.506253 -0.065047
0.167801 0.170409 0.858673 0.383837 0.964379 0.736585 0.564328 0.508362 0.140094 0.538989 0.476151 -0.024785
0.110761 0.124690 0.805168 0.468303 0.908838 0.655783 0.546787 0.455341 0.071031 0.507160 0.571935 0.053079
0.205094 0.074455 0.868127 0.319402 0.956109 0.586691 0.548061 0.522362 -0.013959 0.661067 0.537911 -0.018112
0.020673 0.172356 0.878012 0.356927 1.027917 0.637564 0.488854 0.474548 0.012695 0.621193 0.507137 0.065395
0.160052 0.158426 0.755135 0.412228 0.874942 0.742948 0.549071 0.482228 0.105032 0.612010 0.509680 -0.045445
0.065552 0.149165 0.871149 0.346159 0.989670 0.697721 0.562934 0.572611 0.005946 0.513567 0.480842 -0.010184
0.119329 0.146971 0.848853 0.424907 0.975629 0.698035 0.528969 0.520940 0.044925 0.526466 0.466766 0.060576
0.127937 0.082358 0.864123 0.273389 0.979297 0.697664 0.538124 0.507729 0.061617 0.548960 0.606542 0.094516
0.115411 0.230483 0.827967 0.353213 1.014098 0.667287 0.551782 0.447640 0.030116 0.596205 0.405370 0.033821
0.134174 0.140289 0.827459 0.425276 0.972293 0.650566 0.561070 0.506464 0.078511 0.560370 0.472231 0.176507
0.182010 0.180009 0.751599 0.336587 0.905422 0.683454 0.510025 0.434937 0.026844 0.690555 0.463499 -0.039510
0.050130 0.049478 0.815798 0.379516 1.006959 0.620004 0.487259 0.526907 0.119593 0.653572 0.525247 0.008417
0.161679 0.133980 0.876591 0.455319 1.000770 0.627392 0.551021 0.460441 0.118903 0.596768 0.497873 -0.031650
0.115791 0.177105 0.838636 0.323228 1.040238 0.630055 0.660719 0.457555 0.034857 0.582765 0.470397 0.035035
0.123895 0.203773 0.875547 0.343828 0.904525 0.690100 0.585826 0.517914 0.099728 0.479164 0.534286 0.072421
0.183194 0.050397 0.757354 0.315996 0.979941 0.716931 0.562703 0.399516 0.027917 0.535293 0.551125 -0.024142
0.058233 0.173419 0.818129 0.354202 0.939556 0.706942 0.546605 0.484237 0.096079 0.613793 0.549644 -0.046147
0.131714 0.081824 0.765153 0.314340 1.069733 0.760625 0.600157 0.405500 0.122802 0.503535 0.560890 0.155599
0.120650 0.046023 0.816867 0.392426 0.925442 0.627894 0.524170 0.453103 0.125917 0.539654 0.468938 0.058561
0.194421 0.293050 0.879170 0.428789 1.045932 0.585445 0.503606 0.542820 0.094122 0.613811 0.391153 0.085962
0.479891 0.122445 0.894830 0.607977 0.878254 0.800412 0.813950 0.950367 0.361573 0.836810 0.846142 0.877222
0.449247 0.030196 0.952164 0.604662 0.786260 0.829241 0.674289 0.950670 0.245121 0.932590 0.826562 0.934607
0.436086 0.102330 0.970730 0.620591 0.865138 0.927072 0.678352 0.986149 0.296063 0.894102 0.880244 0.851318
0.451882 0.041334 0.978632 0.756878 0.798148 0.840346 0.626847 0.858575 0.347621 0.906639 0.771272 0.879416
0.425134 0.021772 0.925744 0.610269 0.938509 0.724115 0.652299 0.943122 0.316322 0.950938 0.863976 0.864278
0.519386 0.055290 0.899260 0.608501 0.855721 0.836948 0.678986 0.924571 0.360414 1.000379 0.764450 0.882301
0.554235 0.064752 0.919279 0.649328 0.954475 0.869902 0.674436 0.942015 0.342662 0.903475 0.857861 0.915858
0.426773 0.195155 0.918440 0.633525 0.841555 0.841262 0.783606 0.884391 0.333057 0.923220 0.851697 0.845203
0.503278 0.102371 1.028266 0.540801 0.867775 0.790894 0.689001 0.919037 0.350887 0.868017 0.825432 0.900981
0.406709 0.076923 0.847358 0.710619 0.999998 0.829350 0.589547 0.851751 0.363835 0.899804 0.863623 0.911466
0.421374 0.022930 1.043682 0.615887 0.882611 0.718605 0.757065 0.853549 0.387648 0.952134 0.812916 0.931132
0.464199 0.100426 0.971815 0.599058 0.883405 0.809145 0.672151 0.882367 0.315141 0.877490 0.847742 0.822600
0.466177 0.001520 0.820467 0.580061 0.845066 0.795385 0.683215 1.012522 0.315513 0.888448 0.837176 0.877036
0.428249 0.036384 0.907698 0.590210 0.849828 0.762943 0.628623 0.992553 0.352470 0.948838 0.803956 0.896922
0.444274 0.047064 0.863146 0.608126 0.868936 0.822577 0.659229 0.866872 0.351067 0.914146 0.795445 0.921711
0.491211 0.037334 0.989031 0.630711 0.857630 0.740210 0.708245 0.885987 0.307780 0.882204 0.865654 0.932146
0.546342 0.083665 0.937816 0.678428 0.900923 0.964134 0.648340 0.927738 0.401657 0.854848 0.830725 0.862053
0.427460 -0.003926 0.884066 0.605729 0.924247 0.848673 0.712046 0.860453 0.281018 0.942056 0.849029 0.817331
0.519540 0.131137 0.968737 0.774780 0.798239 0.870952 0.656737 0.938026 0.344061 0.967585 0.812034 0.895984
0.467096 0.000746 0.866161 0.529290 0.938482 0.956325 0.719129 0.873039 0.351909 0.959755 0.842094 0.821797
0.490379 0.095841 0.978248 0.573995 0.971912 0.768578 0.625092 0.893739 0.361157 0.838572 0.865605 0.867916
0.515255 -0.001291 1.006542 0.663208 0.896842 0.841762 0.652171 0.960698 0.397543 0.960814 0.842926 0.829387
0.533484 0.048135 0.875495 0.683390 0.875985 0.799009 0.734885 0.858537 0.345456 0.864047 0.818721 0.860406
0.532266 0.091528 0.896581 0.688086 0.816138 0.931461 0.715109 0.885847 0.318574 0.863415 0.798883 0.887605
0.534019 0.065113 0.899595 0.601296 0.830025 0.813747 0.697010 0.916499 0.325791 0.905075 0.737415 0.858291
0.520302 0.030421 0.899691 0.659750 0.909291 0.847668 0.705689 1.052534 0.331399 0.868030 0.815287 0.851991
0.489563 0.033337 0.884839 0.668682 0.855651 0.915790 0.619279 0.850713 0.310681 0.874233 0.805980 0.966845
0.463811 0.097784 0.944839 0.647273 0.773746 0.816093 0.593124 0.847378 0.359692 1.011287 0.892570 0.897196
0.575752 0.005307 0.947428 0.681673 0.937627 0.854995 0.641117 0.864899 0.413879 0.894234 0.849632 0.912936
0.440609 -0.004564 0.927093 0.740349 0.903969 0.876272 0.685161 0.934399 0.288647 0.945640 0.731384 0.891388
0.476411 0.082273 0.983895 0.559448 0.873282 0.832649 0.734567 0.939957 0.347986 0.924392 0.856053 0.896284
0.524779 0.075109 0.888725 0.646235 0.763420 0.958222 0.713552 0.962676 0.319873 0.831950 0.868900 0.927664
0.514314 -0.012165 0.809853 0.605425 0.943482 0.826713 0.727946 0.926432 0.403479 0.914750 0.740591 0.924499
0.426398 0.022485 0.972656 0.623339 0.794826 0.929982 0.705394 0.903848 0.373379 0.925241 0.696209 0.851055
0.198323 0.130602 0.879801 0.500466 0.982046 0.664140 0.529868 0.518129 0.065864 0.464616 0.535022 0.037109
0.077789 0.144688 0.858646 0.360237 0.994507 0.680399 0.596651 0.473122 0.105620 0.579805 0.538215 0.099480
0.112558 0.222562 0.870399 0.335754 0.932391 0.602064 0.554858 0.485625 -0.036933 0.528415 0.455633 0.068876
0.226650 0.161620 0.791581 0.338993 0.994056 0.580450 0.619107 0.496644 0.032674 0.636001 0.493233 -0.022394
0.077295 0.122506 0.773399 0.426553 1.020419 0.657797 0.555655 0.543784 -0.021250 0.624420 0.515498 0.089336
0.029398 0.150846 0.698532 0.423797 1.034496 0.666700 0.588801 0.487722 -0.006532 0.492052 0.490215 0.005561
0.143598 0.080077 0.862532 0.344047 1.048556 0.708180 0.615505 0.536343 -0.011743 0.552335 0.576602 0.104671
0.155441 0.111670 0.841367 0.357304 1.048471 0.656450 0.569954 0.471969 0.079396 0.552931 0.482418 0.067891
0.191032 0.173680 0.769053 0.304390 0.957697 0.718229 0.541842 0.570035 0.024796 0.573283 0.518105 -0.031453
0.136566 0.157169 0.808441 0.347489 1.077577 0.603487 0.551601 0.442004 0.065965 0.594197 0.480090 0.017001
0.124829 0.129466 0.878905 0.347310 1.001703 0.634923 0.504616 0.541238 -0.007737 0.512042 0.524596 0.084188
0.174081 0.130490 0.789586 0.351239 0.939150 0.703936 0.562920 0.502417 0.093084 0.452228 0.552721 0.075179
0.131318 0.127216 0.792500 0.383293 1.035936 0.637871 0.490736 0.455654 0.063184 0.548043 0.524466 0.088867
0.181241 0.177584 0.771822 0.412713 0.936687 0.663910 0.548374 0.494907 -0.020075 0.567547 0.567735 -0.098640
0.102718 0.172281 0.837694 0.406963 1.034440 0.670839 0.631427 0.464200 0.127542 0.558057 0.555039 0.017098
0.219286 0.171282 0.870066 0.386593 0.996310 0.696861 0.610436 0.476392 0.026233 0.549564 0.488452 0.046277
0.000156 0.116987 0.814259 0.391405 0.957361 0.720415 0.620892 0.529241 0.012721 0.585932 0.533733 0.025761
0.131057 0.077435 0.759471 0.407593 1.033300 0.744756 0.586539 0.426106 0.117079 0.548587 0.547186 0.041268
0.083990 0.154037 0.847552 0.343083 1.045622 0.667113 0.560164 0.456891 0.056046 0.636135 0.447704 0.035730
0.100718 0.142220 0.835287 0.452881 0.970608 0.691196 0.623083 0.478083 0.038258 0.608692 0.471271 0.068713
0.170023 0.250301 0.738489 0.369128 1.030517 0.654641 0.571880 0.494063 0.138049 0.530262 0.384128 -0.017867
0.191671 0.220935 0.767362 0.346816 0.904993 0.666944 0.526893 0.453262 0.056602 0.523866 0.484865 0.108880
0.189176 0.169171 0.771602 0.390030 1.027818 0.545674 0.507505 0.468918 0.078695 0.522115 0.547296 0.178451
0.137330 0.170608 0.870311 0.348185 0.961419 0.778155 0.594899 0.426244 -0.097963 0.686092 0.545708 0.106032
0.181794 0.148284 0.835757 0.354340 1.054077 0.604238 0.582540 0.609472 0.056477 0.564178 0.432802 0.010094
0.109165 0.180438 0.795153 0.282956 1.044859 0.677242 0.513393 0.481816 0.060148 0.541691 0.460395 0.092039
0.073457 0.060210 0.808900 0.428076 1.039722 0.623071 0.554771 0.588338 -0.016051 0.587455 0.521008 -0.038851
0.106384 0.153956 0.845775 0.397793 0.994494 0.662368 0.511349 0.446329 0.074505 0.531997 0.579122 0.080075
0.165213 0.185370 0.829535 0.356095 0.973688 0.678903 0.600382 0.527648 0.025875 0.665802 0.556999 0.098841
0.141342 0.179959 0.751028 0.414624 0.908518 0.629106 0.505242 0.487316 0.103788 0.532616 0.537778 0.101773
0.133969 0.079326 0.844882 0.431744 1.073371 0.645808 0.562169 0.526350 -0.024299 0.574787 0.511054 0.072131
0.100399 0.187302 0.826098 0.347986 1.002582 0.740275 0.588126 0.535230 0.081038 0.610820 0.483829 0.010023
0.106363 0.171319 0.765077 0.365571 1.101657 0.727849 0.497379 0.501854 0.038136 0.503960 0.480071 0.076513
0.123213 0.179035 0.794020 0.362733 1.048959 0.673240 0.499792 0.506079 -0.007174 0.478601 0.573768 0.131923
0.153631 0.222117 0.908082 0.305657 1.064403 0.678564 0.486956 0.495762 0.091421 0.558038 0.519621 0.010407
0.166958 0.140483 0.810482 0.346151 0.941458 0.785439 0.538460 0.433280 0.037154 0.557081 0.458516 0.061506
0.088201 0.175849 0.838805 0.454923 1.035899 0.674707 0.607473 0.481799 0.076814 0.452705 0.508123 0.015741
0.065282 0.109285 0.796462 0.304419 1.100500 0.686888 0.433299 0.417124 0.102395 0.583695 0.463356 -0.048331
0.152073 0.154015 0.781454 0.374744 1.047951 0.653753 0.549429 0.448693 0.119878 0.419610 0.460535 0.114922
0.108312 0.140764 0.741795 0.399968 1.074187 0.642153 0.457318 0.437759 0.064979 0.576407 0.530861 0.035461
0.012618 0.166771 0.827929 0.456709 1.041933 0.707559 0.538073 0.546313 0.040726 0.581097 0.452479 0.051429
0.158874 0.179246 0.790247 0.435635 1.016201 0.636490 0.570015 0.502271 0.105516 0.518316 0.517362 0.051005
0.072624 0.102399 0.788485 0.357766 0.972175 0.690526 0.513577 0.512287 0.112861 0.597709 0.554427 0.095364
0.105970 0.208734 0.800221 0.371423 1.007114 0.689124 0.499079 0.480951 0.033009 0.508964 0.551971 0.023441
0.163289 0.117610 0.935002 0.383436 0.978888 0.641125 0.531288 0.573548 0.072204 0.556977 0.519133 -0.010034
0.167937 0.204262 0.825612 0.431985 1.047225 0.664357 0.515186 0.536090 0.012056 0.527157 0.592154 -0.002099
0.122608 0.065513 0.758979 0.278861 1.090140 0.686776 0.521425 0.487410 0.064602 0.592298 0.541249 0.068206
0.192895 0.161581 0.822345 0.278209 0.932579 0.654989 0.601958 0.534848 0.110968 0.564769 0.497046 -0.043075
0.114389 0.076512 0.863122 0.406812 1.003505 0.678228 0.558701 0.455690 0.083384 0.628498 0.549215 0.088564
0.178897 0.090448 0.901149 0.366084 1.011157 0.764027 0.452562 0.433009 0.072479 0.497820 0.442809 0.087640
0.092516 0.170273 0.773981 0.382635 1.002351 0.645752 0.597275 0.517633 0.010646 0.549655 0.526285 0.090461
0.113765 0.145922 0.748671 0.390461 0.947280 0.642391 0.459508 0.470998 -0.004671 0.600443 0.486340 0.058569
0.131407 0.157495 0.728153 0.445453 0.941935 0.751901 0.550383 0.563849 0.101972 0.606052 0.435754 0.047822
0.253926 0.202204 0.821363 0.348344 0.978913 0.761470 0.509757 0.482428 -0.004387 0.589995 0.465702 -0.010649
0.204956 0.035870 0.761288 0.432490 1.006328 0.717923 0.473044 0.542376 0.105590 0.620510 0.424418 0.030316
0.111315 0.119874 0.919153 0.371106 0.987297 0.685204 0.533542 0.533962 0.052117 0.544082 0.426172 0.117699
0.183537 0.237273 0.797503 0.337430 1.051979 0.689162 0.569543 0.518882 0.098297 0.546187 0.547038 0.003937
0.035759 0.160817 0.819747 0.313740 0.934308 0.703895 0.546561 0.475184 0.015066 0.530767 0.562912 0.047008
0.220426 0.190021 0.852672 0.389595 0.934541 0.649320 0.590942 0.439481 0.180825 0.538434 0.502848 0.016606
0.043459 0.113884 0.857431 0.309095 1.007573 0.671757 0.653876 0.533291 -0.030157 0.491138 0.504645 0.049667
0.199151 0.162296 0.799986 0.346764 1.012771 0.633998 0.451215 0.455573 0.005142 0.496106 0.557158 0.070688
0.194459 0.211973 0.771549 0.335540 0.879899 0.683746 0.559263 0.514102 0.005846 0.538948 0.493076 0.021096
0.104338 0.155870 0.835695 0.344366 1.001985 0.645283 0.503012 0.495592 0.053292 0.571564 0.469288 0.083138
0.099934 0.106494 0.804710 0.450488 0.949144 0.733113 0.487169 0.496867 0.087174 0.581168 0.518875 0.084394
