28 12 14
0.106598 0.513400 0.720346 0.496781 0.551892 0.712718 0.123599 0.924325 0.491330 0.914344 0.070494 -0.021134
0.078546 0.508692 0.595191 0.522687 0.593594 0.756087 0.164221 0.970490 0.519991 0.912844 0.109234 0.003371
0.058749 0.615964 0.690520 0.453056 0.560034 0.733104 0.082913 0.832956 0.498797 0.977220 0.046208 0.040301
0.119211 0.562951 0.678757 0.506736 0.664937 0.690776 0.077503 0.856927 0.527647 0.914524 0.166703 0.007499
0.015618 0.514346 0.606934 0.378775 0.586582 0.710735 0.110030 0.934813 0.520636 0.939547 0.022972 0.027542
0.125401 0.604945 0.845083 0.900783 0.505174 0.782672 0.482859 1.013084 0.040625 0.407413 0.871664 0.432416
0.017156 0.673843 0.860912 0.975325 0.504256 0.814792 0.454881 1.005391 -0.024778 0.296290 0.856410 0.425795
0.200986 0.715474 0.802314 0.817513 0.632708 0.766867 0.491565 1.148608 0.033911 0.421552 0.900445 0.327424
0.165098 0.643761 0.728202 0.784596 0.550421 0.761876 0.402577 0.866615 0.015921 0.427989 0.874936 0.388209
0.196798 0.624801 0.865293 0.826441 0.481811 0.892570 0.442317 1.047894 -0.020899 0.408914 0.988250 0.378434
0.142127 0.671449 0.758559 0.818335 0.538719 0.730482 0.442283 1.015484 0.079042 0.435117 0.914725 0.431164
0.160232 0.666780 0.890392 0.913167 0.536284 0.723983 0.367268 0.963136 0.072175 0.305117 0.994432 0.482119
0.198351 0.608149 0.843012 0.820943 0.374067 0.738759 0.442159 0.923063 0.027885 0.385027 0.892885 0.377661
0.139831 0.603199 0.835346 0.817255 0.550361 0.785107 0.391935 0.992560 0.097813 0.351471 0.870692 0.413248
0.166430 0.548263 0.754196 0.836840 0.569011 0.838770 0.461787 1.014338 0.063500 0.448433 0.829295 0.401164
0.168524 0.676810 -0.058391 0.657746 0.975474 0.276693 0.384252 0.115513 0.535549 0.472016 0.866204 0.424822
0.255463 0.762667 -0.078096 0.765275 0.974420 0.199911 0.380066 0.151635 0.599700 0.518563 0.814083 0.467238
0.207071 0.742300 0.088367 0.712296 0.896911 0.240927 0.407973 0.177901 0.561392 0.451770 0.744532 0.373909
0.144835 0.645658 0.035773 0.706040 0.954332 0.206543 0.471603 0.149469 0.608736 0.519785 0.716319 0.335510
0.306374 0.673686 0.049561 0.713801 1.025034 0.255839 0.472275 0.233243 0.586279 0.456070 0.750514 0.448492
0.213162 0.604742 0.891607 0.895162 0.525807 0.860338 0.506839 1.073934 0.058636 0.388513 0.862521 0.371630
0.134969 0.675776 0.687447 0.771223 0.542808 0.738943 0.411493 0.870931 -0.025317 0.461066 0.940845 0.334573
0.201344 0.703327 0.823398 0.863998 0.559731 0.817051 0.453610 1.090845 0.019083 0.334197 0.901475 0.314270
0.182121 0.521542 0.717605 0.873105 0.552198 0.798271 0.361623 0.938448 0.161967 0.365486 1.002940 0.341666
0.154307 0.745849 0.881779 0.847083 0.520304 0.772310 0.430033 0.905615 0.036213 0.389349 0.968675 0.406608
0.146390 0.573009 0.794055 0.817475 0.566991 0.752698 0.341538 1.051736 0.039952 0.426260 0.845294 0.369229
0.148927 0.609123 0.775123 0.783952 0.570614 0.849515 0.466154 0.910212 0.039858 0.385524 0.887066 0.268746
0.215469 0.601723 0.842093 0.896705 0.456003 0.756601 0.426070 1.056035 0.032828 0.391604 0.837006 0.418874
