200 12 50
0.028425 0.698570 0.398253 0.556296 0.249967 0.319951 0.707594 0.224450 0.383841 0.837982 0.354617 0.881263
0.059320 0.810732 0.351694 0.572117 0.345669 0.328809 0.682994 0.311065 0.437761 0.697370 0.410778 0.903813
-0.037022 0.814447 0.438948 0.573198 0.221217 0.262860 0.782874 0.220740 0.373962 0.707603 0.399096 0.930958
0.033242 0.771661 0.401501 0.446431 0.220833 0.283244 0.750516 0.281143 0.358177 0.701780 0.310846 0.952426
-0.033306 0.814482 0.375518 0.434676 0.143673 0.270602 0.721420 0.241685 0.327475 0.767098 0.421446 0.981928
-0.024034 0.734228 0.338521 0.587070 0.178763 0.342415 0.720979 0.246942 0.345641 0.743746 0.355860 0.965634
0.138955 0.773013 0.560299 0.472983 0.135511 0.316046 0.747026 0.180840 0.397934 0.766542 0.422361 0.926732
0.051837 0.785149 0.475423 0.664225 0.176725 0.281014 0.738070 0.278985 0.292180 0.782017 0.343434 0.958731
0.020197 0.692736 0.388404 0.583684 0.283206 0.308532 0.785455 0.327037 0.337771 0.749943 0.286874 0.861364
-0.066832 0.667313 0.363269 0.481142 0.249418 0.227313 0.680906 0.190848 0.473285 0.816110 0.373352 0.914841
0.050473 0.786676 0.477867 0.507624 0.076289 0.470401 0.708248 0.242584 0.361583 0.724149 0.384234 0.946578
0.051643 0.829187 0.395753 0.494886 0.202056 0.296745 0.691210 0.237989 0.434460 0.730426 0.309633 0.873982
-0.039854 0.815393 0.432238 0.589878 0.205625 0.329966 0.823195 0.214128 0.340855 0.717721 0.379852 0.928034
0.008288 0.719384 0.327622 0.485624 0.166727 0.311608 0.755694 0.246202 0.398564 0.668999 0.368777 0.854405
0.025854 0.838356 0.368039 0.496387 0.139385 0.230805 0.757069 0.295286 0.328252 0.685270 0.397079 0.886061
-0.010435 0.693637 0.463907 0.453581 0.176769 0.262320 0.697069 0.243703 0.315792 0.897628 0.270205 0.892657
-0.002336 0.751815 0.451234 0.539834 0.241280 0.298691 0.703400 0.229220 0.293068 0.845440 0.470984 0.898701
0.037908 0.792435 0.370414 0.527571 0.217025 0.211948 0.821216 0.182857 0.381889 0.753851 0.369401 0.957573
0.057731 0.729192 0.421404 0.661048 0.165330 0.302348 0.723079 0.271998 0.388030 0.808597 0.353353 0.937240
-0.005615 0.811912 0.463356 0.610963 0.154406 0.208772 0.697597 0.240036 0.422179 0.803972 0.292290 0.930472
0.005129 0.782216 0.471187 0.531918 0.182613 0.292942 0.675049 0.196178 0.449608 0.737319 0.370156 0.893140
0.102395 0.731355 0.473732 0.601923 0.182370 0.363698 0.713281 0.155214 0.325676 0.836974 0.398679 0.904800
0.054768 0.766372 0.410855 0.562889 0.202906 0.345912 0.698601 0.293259 0.405269 0.782495 0.403188 0.992334
0.010860 0.827428 0.494956 0.489235 0.156953 0.330401 0.700650 0.256238 0.429506 0.773555 0.385251 0.926220
-0.061685 0.851127 0.642481 0.515930 0.234176 0.304914 0.665675 0.298273 0.374490 0.753863 0.428199 0.955574
0.064411 0.752765 0.434220 0.507443 0.242854 0.348906 0.705016 0.278411 0.442521 0.816094 0.416381 0.926329
0.037703 0.899483 0.353407 0.615366 0.193151 0.275054 0.720658 0.200230 0.386348 0.802178 0.341087 0.968411
-0.067315 0.871168 0.521043 0.544144 0.184483 0.297754 0.769863 0.221155 0.357465 0.704741 0.290061 0.886223
0.020997 0.665011 0.521513 0.592279 0.246435 0.343278 0.715542 0.319342 0.442568 0.871771 0.327862 0.933095
0.081501 0.704510 0.445266 0.537481 0.117644 0.256468 0.724535 0.292566 0.423028 0.767032 0.352378 0.943354
0.016512 0.757729 0.458731 0.623712 0.155154 0.268618 0.676735 0.225109 0.377643 0.736952 0.322478 0.881319
-0.021776 0.744186 0.378998 0.391286 0.223071 0.350110 0.660410 0.244687 0.356097 0.773236 0.410725 0.955647
0.007664 0.839955 0.373177 0.538514 0.224653 0.335403 0.748453 0.215681 0.344143 0.763410 0.343104 0.944713
0.001547 0.795700 0.517554 0.519355 0.249951 0.328613 0.719923 0.288344 0.355032 0.907698 0.343257 0.969402
0.404332 0.113249 0.526664 0.779815 0.197712 0.583339 0.573447 1.022768 0.864515 0.687723 0.618068 0.357300
0.416260 0.020086 0.444164 0.865524 0.197126 0.543012 0.578500 0.994423 0.845858 0.683399 0.764437 0.332394
0.439741 -0.002583 0.467234 0.871012 0.193085 0.548059 0.545906 1.009720 0.938069 0.634093 0.701958 0.423992
0.381688 0.065268 0.507203 0.976562 0.184711 0.590092 0.547098 0.988423 0.904445 0.656769 0.590066 0.293232
0.298588 0.072534 0.453202 0.869580 0.173888 0.522560 0.646141 0.999293 0.826628 0.714648 0.606602 0.368506
0.412524 0.086014 0.392229 0.807190 0.254202 0.500923 0.619174 1.029562 0.913263 0.734691 0.529898 0.418657
0.364267 0.092304 0.491239 0.891047 0.166694 0.627374 0.486938 1.060199 0.874298 0.669219 0.657972 0.380364
0.376347 0.035620 0.505573 0.773835 0.096080 0.553730 0.584610 0.951011 0.805356 0.677229 0.619546 0.306356
0.453709 0.026557 0.478200 0.875093 0.094464 0.688648 0.662337 0.957745 0.797695 0.661567 0.682749 0.323333
0.395208 0.018367 0.439101 0.789442 0.205201 0.611747 0.621473 1.053381 0.871867 0.714213 0.613833 0.336186
0.357005 0.003488 0.510575 0.894926 0.172478 0.475261 0.512804 0.990834 0.826878 0.690885 0.724847 0.335302
0.454681 0.102669 0.499577 0.859019 0.211074 0.594779 0.611860 1.059326 0.893687 0.694531 0.661596 0.329931
0.340765 0.066346 0.479149 0.797937 0.163874 0.548123 0.558770 0.918793 0.867657 0.737723 0.580459 0.299060
0.306865 0.070658 0.642307 0.924545 0.290989 0.592283 0.594465 0.984181 0.922577 0.640561 0.652500 0.357914
0.450026 0.104022 0.544617 0.785125 0.180342 0.502188 0.561501 0.958171 0.924054 0.685875 0.644058 0.361373
0.314030 0.046947 0.526992 0.878949 0.184899 0.468914 0.577159 0.903793 0.802084 0.779116 0.617843 0.248237
0.283289 0.148638 0.558538 0.845948 0.186782 0.592080 0.497528 0.963731 0.864704 0.688493 0.641754 0.391025
0.439802 0.130303 0.464892 0.807236 0.183535 0.544516 0.575529 0.900673 0.843888 0.741768 0.627386 0.320918
0.452709 0.042850 0.417738 0.820925 0.151947 0.649728 0.490948 0.954829 0.848472 0.608845 0.641096 0.354546
0.483642 0.040068 0.600413 0.879028 0.175187 0.587303 0.553720 1.023390 0.895002 0.685615 0.593113 0.327370
0.381871 0.119805 0.514799 0.838995 0.162880 0.587366 0.506113 0.934737 0.885646 0.647731 0.671455 0.252009
0.442335 0.110723 0.497448 0.808387 0.295073 0.558512 0.474096 0.953095 0.878970 0.732238 0.612850 0.374706
0.495824 0.114750 0.464987 0.838712 0.098178 0.570069 0.540428 1.050919 0.881545 0.667115 0.634626 0.331970
0.377320 0.069000 0.494837 0.925705 0.110774 0.503732 0.641847 0.917947 0.832355 0.625806 0.590776 0.356774
0.348315 0.085971 0.521263 0.859580 0.265864 0.584674 0.515613 0.976877 0.798907 0.680295 0.640332 0.337373
0.498488 0.062049 0.545584 0.862684 0.194661 0.572273 0.533614 0.967687 0.908548 0.771959 0.671992 0.330285
0.349508 0.090240 0.486454 0.868341 0.203941 0.422727 0.474616 1.063528 0.940349 0.670835 0.599012 0.327505
0.462220 0.076990 0.593185 0.886220 0.127501 0.481630 0.577452 0.983510 0.895173 0.733343 0.641607 0.422903
0.406740 -0.010678 0.434691 0.934929 0.160254 0.507175 0.577351 0.931564 0.870789 0.709412 0.698363 0.355993
0.359127 0.072534 0.480485 0.864667 0.220886 0.539733 0.633104 0.947647 0.891345 0.689247 0.600006 0.298629
0.384936 0.043041 0.515058 0.932005 0.204654 0.586358 0.500428 0.971612 0.869119 0.582638 0.568389 0.368170
0.277426 0.013426 0.521591 0.884730 0.195585 0.475610 0.507592 1.006062 0.855079 0.719296 0.527133 0.415943
0.282374 0.093336 0.535904 0.870732 0.211403 0.629739 0.556279 1.024734 0.919450 0.722526 0.760213 0.372757
0.377940 0.143525 0.526819 0.882736 0.231478 0.483720 0.598560 0.987152 0.839608 0.583637 0.509633 0.317629
0.443171 0.148368 0.438580 0.859210 0.227348 0.688909 0.502057 1.004787 0.868873 0.730889 0.575149 0.409677
0.425173 0.062439 0.492067 0.827766 0.163708 0.525529 0.536354 0.968667 0.820925 0.665661 0.534876 0.396159
0.390858 -0.001203 0.509580 0.878474 0.214665 0.522225 0.649120 0.954773 0.930866 0.754257 0.578230 0.317039
0.318236 0.109836 0.519646 0.837426 0.220445 0.527432 0.580016 1.034694 0.804242 0.676040 0.525084 0.322817
0.429623 0.131029 0.559612 0.818672 0.185834 0.527438 0.511816 0.923929 0.942111 0.668966 0.528087 0.279034
0.321829 0.102988 0.428778 0.821158 0.151504 0.467274 0.521656 1.054016 0.854520 0.656855 0.595844 0.419751
0.361171 0.095347 0.458255 0.926180 0.133399 0.587491 0.542126 0.932538 0.883672 0.777014 0.550262 0.297273
0.509112 0.017089 0.506802 0.852085 0.148439 0.531782 0.534922 1.078797 0.946589 0.667017 0.620457 0.313286
0.362791 -0.045573 0.497960 0.807282 0.244723 0.634900 0.485002 1.017327 0.830632 0.763429 0.606543 0.399990
0.405793 0.053534 0.496520 0.872348 0.127434 0.537377 0.518810 0.935084 0.849476 0.729642 0.552026 0.311484
0.336070 0.164084 0.510472 0.910355 0.284662 0.535893 0.524854 0.888514 0.940921 0.631909 0.607611 0.399381
0.380993 0.064351 0.547195 0.875889 0.114094 0.482814 0.600396 1.070869 0.836280 0.749572 0.563024 0.390495
0.361694 0.047721 0.481329 0.901400 0.206176 0.600083 0.528512 0.965392 0.962530 0.713229 0.575253 0.331658
0.310200 0.086072 0.606928 0.876764 0.171461 0.494803 0.611787 1.011636 0.878782 0.724574 0.609752 0.326928
0.380695 0.163206 0.470308 0.840488 0.120424 0.607881 0.494440 0.927009 0.858398 0.700374 0.609364 0.292394
0.382366 0.115742 0.517327 0.859904 0.196159 0.563508 0.594227 1.063402 0.854791 0.720985 0.600057 0.422296
0.435299 0.009745 0.518143 0.794792 0.215992 0.566913 0.565385 0.958171 0.939625 0.701977 0.597023 0.272067
0.383918 0.025677 0.444430 0.818948 0.149181 0.554699 0.547032 1.003197 0.834817 0.591527 0.679833 0.423980
0.411310 0.077842 0.572465 0.797529 0.169542 0.558516 0.605058 0.998239 0.988452 0.615969 0.564443 0.291907
0.355821 0.063136 0.574879 0.821583 0.162560 0.573606 0.532475 0.947421 0.879043 0.637271 0.702199 0.332781
0.434584 0.023061 0.405157 0.861202 0.111600 0.515849 0.484896 1.045901 0.889637 0.709252 0.625974 0.417359
0.430923 0.102266 0.466489 0.928904 0.261797 0.542126 0.527172 0.911513 0.911798 0.669853 0.626202 0.289985
0.357199 0.053350 0.433332 0.867554 0.223155 0.540894 0.544123 1.011752 0.799160 0.601858 0.573898 0.324257
0.344262 0.042622 0.508236 0.909811 0.175396 0.508840 0.552373 0.923769 0.916223 0.715020 0.566927 0.333587
0.387878 0.089265 0.433408 0.927427 0.155226 0.480765 0.530378 1.012583 0.776207 0.708439 0.573156 0.322833
0.417654 0.130659 0.433444 0.866690 0.234447 0.523705 0.561142 0.896934 0.873114 0.706802 0.614318 0.392308
0.409959 0.015415 0.528766 0.784633 0.141142 0.568038 0.580241 0.953145 0.955634 0.655434 0.654502 0.335660
0.326452 -0.011721 0.567380 0.978866 0.211231 0.472391 0.626291 0.957707 0.837572 0.616207 0.643196 0.308653
0.420348 0.084714 0.538462 0.824046 0.243348 0.642586 0.626341 1.021770 0.907371 0.672566 0.616152 0.309832
0.369898 0.040038 0.433054 0.889215 0.193243 0.540097 0.489328 1.022816 0.954822 0.675531 0.626367 0.364486
0.363550 0.139043 0.500204 0.807905 0.155881 0.524061 0.559801 1.000599 0.955279 0.658520 0.583349 0.371331
0.381431 0.035553 0.467746 0.849209 0.228656 0.583673 0.628027 0.888866 0.977701 0.677744 0.617503 0.326286
0.379259 0.049877 0.473621 0.800622 0.265860 0.600795 0.574890 0.962804 0.836322 0.637902 0.703257 0.292619
0.464518 0.161888 0.592850 0.859068 0.156627 0.503216 0.597998 1.043520 0.814748 0.771128 0.580668 0.366337
0.565757 0.833659 0.794423 0.144731 0.806575 0.383466 0.448320 0.827550 0.428453 0.598135 0.015715 0.728039
0.663991 0.705712 0.795339 0.200916 0.814964 0.410041 0.475909 0.997792 0.462562 0.600796 0.082319 0.844661
0.708682 0.740409 0.745319 0.092269 0.837848 0.388956 0.381548 0.973503 0.363472 0.572335 0.062803 0.804245
0.517322 0.700949 0.836981 0.156698 0.894193 0.354833 0.391788 0.996066 0.404968 0.525020 -0.008059 0.811655
0.530019 0.776728 0.792491 0.216213 0.856440 0.326253 0.355398 0.923229 0.354169 0.584235 -0.003638 0.727861
0.675611 0.756976 0.760717 0.196907 0.932838 0.477946 0.428581 1.052192 0.434174 0.529688 0.039827 0.732861
0.600818 0.801252 0.769004 0.168595 0.926521 0.362812 0.431199 0.927760 0.383556 0.584932 0.060787 0.716970
0.644051 0.765480 0.718993 0.267220 0.845327 0.390569 0.390110 0.980513 0.455198 0.595046 -0.064586 0.688440
0.633174 0.749707 0.797831 0.200109 0.777494 0.379945 0.371499 0.883050 0.358271 0.464520 0.048311 0.662238
0.636653 0.700070 0.824710 0.171023 0.866095 0.332108 0.358970 0.955557 0.286035 0.611881 0.042645 0.737520
0.590720 0.719827 0.816520 0.192022 0.823363 0.348061 0.359386 0.932641 0.427511 0.615981 0.023624 0.728748
0.658369 0.895869 0.726314 0.152703 0.959196 0.344352 0.386146 0.978688 0.404094 0.544420 0.003474 0.654592
0.640361 0.764051 0.697965 0.114441 0.841581 0.409729 0.397695 0.959377 0.361778 0.475568 -0.004330 0.673062
0.640316 0.761155 0.823259 0.136983 0.898899 0.373661 0.469163 0.964611 0.395195 0.508293 0.003627 0.826763
0.566582 0.794215 0.787625 0.120613 0.896788 0.284577 0.489885 0.984799 0.427133 0.519994 -0.035713 0.809424
0.650515 0.841269 0.834064 0.214240 0.924276 0.351626 0.421059 0.986901 0.411557 0.513955 0.108961 0.736857
0.620017 0.766777 0.817058 0.178374 0.857021 0.371228 0.382887 0.943393 0.264065 0.517441 0.096335 0.780688
0.639386 0.758683 0.802731 0.202103 0.813562 0.361023 0.464401 0.960695 0.353855 0.606146 0.096646 0.766524
0.553825 0.802375 0.790034 0.086570 0.905371 0.282251 0.422966 0.954272 0.382339 0.557195 -0.020065 0.719855
0.683298 0.750489 0.760705 0.178867 0.844779 0.326515 0.316594 1.039492 0.353311 0.612855 -0.006741 0.657922
0.538921 0.839590 0.835651 0.105660 0.820224 0.345278 0.408664 0.920175 0.346499 0.513982 0.004299 0.760761
0.605507 0.735021 0.780897 0.154113 0.842817 0.277530 0.330764 0.972722 0.397991 0.548132 -0.001938 0.819672
0.690405 0.689492 0.725932 0.174217 0.818901 0.358176 0.350445 0.987006 0.402206 0.613059 0.014600 0.786823
0.630101 0.874284 0.732685 0.054664 0.858441 0.367522 0.400692 0.982478 0.291250 0.473016 0.033836 0.802952
0.692031 0.838576 0.824232 0.182064 0.857600 0.405593 0.365246 0.951194 0.388087 0.651536 0.008950 0.646189
0.683776 0.758854 0.787649 0.102021 0.920885 0.285164 0.440976 0.957795 0.377927 0.598202 0.086037 0.741717
0.568819 0.856135 0.834524 0.072631 0.940009 0.364478 0.298035 0.873425 0.335338 0.558454 -0.024316 0.770117
0.641039 0.740744 0.873967 0.105782 0.798567 0.437893 0.387985 0.998995 0.302057 0.491839 0.002000 0.776425
0.616881 0.771523 0.711618 0.161648 0.915347 0.365101 0.425571 0.976415 0.335854 0.552246 -0.036139 0.733130
0.598285 0.700495 0.841264 0.131955 0.857872 0.416713 0.338971 0.966925 0.313658 0.491693 0.049198 0.703584
0.653173 0.766038 0.747938 0.189732 0.970198 0.286146 0.382609 0.983004 0.459045 0.589622 0.055631 0.757053
0.671287 0.773103 0.734941 0.087429 0.803766 0.312581 0.425785 1.062903 0.385347 0.599864 0.123966 0.742944
0.610264 0.785217 0.811812 0.172860 0.834686 0.363804 0.359997 1.004510 0.364936 0.595667 0.164959 0.779691
0.584302 0.744172 0.727344 0.046562 0.872833 0.391355 0.490197 0.948261 0.377950 0.464139 -0.010508 0.723764
0.349080 0.026931 0.545804 0.892465 0.145012 0.618848 0.531320 0.906231 0.949887 0.709552 0.659518 0.383574
0.352080 -0.027140 0.522824 0.888275 0.172446 0.655895 0.527140 1.006934 0.887546 0.707058 0.538300 0.326182
0.370142 0.122160 0.494775 0.827830 0.225444 0.635122 0.603888 0.966972 0.908687 0.689630 0.588093 0.430279
0.385917 -0.019707 0.469914 0.818525 0.110037 0.567565 0.598974 0.974269 0.919527 0.653920 0.609977 0.249442
0.425745 0.050790 0.610786 0.842565 0.189516 0.570766 0.646001 0.904705 0.898215 0.676597 0.734314 0.408106
0.357206 0.096821 0.485556 0.894962 0.074469 0.582977 0.616227 0.914080 0.880927 0.724223 0.578572 0.377388
0.397464 0.086398 0.505336 0.854175 0.131448 0.536450 0.617603 0.941855 0.857713 0.721936 0.552420 0.449998
0.349826 0.025213 0.463812 0.801278 -0.014681 0.553288 0.521647 1.001834 0.823235 0.663016 0.675023 0.316312
0.440002 0.151112 0.563838 0.780947 0.197546 0.586596 0.651308 0.960433 0.883004 0.679367 0.558933 0.405360
0.378017 0.041087 0.474299 0.828326 0.118813 0.566437 0.572780 1.042648 0.953478 0.768430 0.642999 0.397494
0.363937 0.091459 0.456514 0.909808 0.183360 0.533001 0.586877 1.090630 0.958411 0.675076 0.696998 0.399088
0.350962 0.064074 0.407198 0.868393 0.224978 0.581142 0.585103 0.992629 0.864258 0.702910 0.611057 0.318735
0.404282 0.000668 0.495339 0.868844 0.217741 0.539594 0.480910 0.926045 0.869259 0.757697 0.484087 0.294932
0.392673 0.047943 0.495061 0.843827 0.167899 0.599757 0.543152 0.955850 0.864050 0.589914 0.586918 0.340959
0.340511 0.040707 0.420616 0.864928 0.123850 0.529014 0.557462 0.918816 0.795302 0.749211 0.583795 0.388271
0.381506 0.023928 0.434101 0.847303 0.113225 0.525429 0.607246 0.950765 0.932106 0.722495 0.610767 0.232139
0.374888 0.055312 0.473891 0.797007 0.152523 0.557949 0.520248 0.960213 0.865710 0.627804 0.576646 0.326931
0.311692 0.110143 0.450789 0.804733 0.219259 0.536276 0.606682 0.971358 0.994199 0.706296 0.639477 0.335689
0.456527 0.068727 0.491876 0.831669 0.132562 0.476119 0.511287 0.927823 0.832070 0.707929 0.614721 0.348823
0.349676 0.121345 0.445456 0.859957 0.192162 0.554995 0.596286 0.983513 0.914143 0.797334 0.506308 0.314572
0.368505 0.126617 0.479295 0.906778 0.153531 0.550075 0.544693 0.986069 0.823704 0.707188 0.562908 0.377747
0.370147 0.070843 0.593567 0.899748 0.226387 0.608428 0.608491 1.087466 0.927084 0.685272 0.572195 0.351935
0.401011 0.089381 0.512259 0.788636 0.235353 0.565593 0.576525 1.009590 0.821593 0.723875 0.541368 0.347278
0.448406 0.076739 0.474464 0.938562 0.160256 0.489269 0.666756 0.919622 0.923122 0.760925 0.524029 0.384256
0.309636 0.086784 0.522994 0.845478 0.203168 0.596063 0.551547 1.004793 0.945709 0.623383 0.640989 0.361183
0.355880 0.038343 0.442375 0.893585 0.156772 0.500040 0.561618 0.983642 0.917451 0.713348 0.687047 0.406644
0.373823 0.020557 0.502341 0.840073 0.206440 0.599963 0.551554 0.910747 0.877106 0.713276 0.717728 0.305016
0.449125 0.052000 0.469927 0.833377 0.203295 0.504233 0.580799 0.977868 0.877952 0.675086 0.596531 0.394123
0.342208 0.096300 0.499781 0.852426 0.243330 0.542942 0.579331 0.962268 1.065716 0.737916 0.646743 0.434903
0.408802 0.185513 0.492187 0.916525 0.185668 0.542262 0.630140 1.092761 0.955298 0.736240 0.607476 0.357872
0.332956 0.117953 0.402133 0.796387 0.251756 0.590023 0.541820 0.914943 0.805346 0.697220 0.586861 0.357734
0.430517 0.087227 0.526305 0.945879 0.130635 0.640088 0.594764 0.893695 0.934012 0.691703 0.517100 0.425551
0.527293 0.078808 0.458157 0.768212 0.131727 0.517900 0.574974 0.910934 0.918242 0.755175 0.509573 0.445843
0.390885 0.127757 0.443209 0.842059 0.218215 0.585688 0.565542 0.895981 0.865310 0.694212 0.662135 0.308790
0.373756 0.009176 0.492725 0.838591 0.217747 0.526901 0.508977 1.072478 0.896349 0.673084 0.676087 0.333063
0.415202 0.109302 0.516577 0.855987 0.153320 0.621897 0.560254 0.941715 0.867179 0.732205 0.575505 0.437579
0.329125 0.046010 0.524103 0.933083 0.276004 0.503541 0.546140 0.954100 0.870118 0.639897 0.670044 0.350713
0.316857 0.021228 0.512217 0.881703 0.169383 0.538489 0.582393 0.982635 0.916122 0.662813 0.604140 0.410396
0.428768 0.139609 0.572115 0.847188 0.261354 0.591604 0.518851 1.023075 0.897575 0.810132 0.671687 0.357244
0.482324 0.031968 0.490202 0.833232 0.118807 0.613566 0.528115 0.982537 0.856290 0.760522 0.569728 0.357750
0.331383 0.018198 0.552037 0.810440 0.087534 0.540552 0.565493 0.941429 0.854173 0.677582 0.610201 0.366067
0.469195 0.086768 0.574445 0.849980 0.079986 0.597359 0.628506 0.980062 0.896362 0.743188 0.591735 0.325394
0.335894 0.135447 0.472341 0.951238 0.047230 0.537479 0.567258 0.923167 0.760713 0.666566 0.647264 0.220369
0.424616 0.077860 0.434000 0.840452 0.130161 0.495489 0.545926 0.972816 0.865790 0.788811 0.607234 0.311624
0.305726 0.009129 0.527272 0.743021 0.215094 0.484975 0.562249 0.881216 0.911272 0.739787 0.639018 0.268532
0.415261 0.141049 0.530807 0.821845 0.134369 0.632458 0.707210 0.995064 0.837390 0.668996 0.632493 0.289115
0.335030 0.015192 0.444406 0.909248 0.133505 0.487863 0.547010 0.967427 0.836783 0.742586 0.584698 0.350355
0.351822 0.022122 0.616302 0.872255 0.135864 0.498721 0.562192 0.986136 0.851166 0.788311 0.549279 0.338971
0.410472 0.104273 0.671197 0.860009 0.169789 0.506424 0.520483 1.023364 0.875603 0.705562 0.545483 0.353687
0.492723 0.030739 0.408221 0.779130 0.170856 0.585544 0.511293 0.995883 0.905604 0.648379 0.645768 0.344592
0.340493 0.062319 0.454449 0.903190 0.201534 0.603218 0.467431 1.076010 0.905213 0.671949 0.634826 0.388314
0.317870 0.126738 0.470959 0.866637 0.251733 0.582752 0.610069 0.933182 0.827411 0.706743 0.565902 0.280206
0.318741 0.029807 0.476564 0.846221 0.098992 0.633738 0.449232 0.947913 0.871477 0.663937 0.544617 0.386856
0.360461 0.098306 0.522246 0.847784 0.118262 0.566343 0.659907 0.935166 0.939617 0.671974 0.649103 0.256658
0.322522 0.183412 0.523346 0.876318 0.207452 0.540240 0.553668 0.986092 0.916459 0.906871 0.742961 0.344978
0.354244 -0.006427 0.422395 0.868356 0.187339 0.658518 0.461772 0.843028 0.986035 0.700892 0.583673 0.324703
0.429740 0.009053 0.537548 0.870694 0.147213 0.615742 0.498950 0.995147 0.927993 0.773674 0.612639 0.334167
0.382178 0.001027 0.445831 0.910207 0.097618 0.512592 0.529679 1.003304 0.902007 0.790723 0.616979 0.339116
0.387293 0.055427 0.470952 0.857353 0.175244 0.586984 0.532449 0.931353 0.946473 0.734382 0.626755 0.322244
0.369284 0.154052 0.532672 0.857475 0.190159 0.478964 0.578795 0.995367 0.824701 0.688877 0.689143 0.445251
0.302702 0.022172 0.512456 0.935471 0.204954 0.606104 0.523595 1.053552 0.884844 0.698390 0.586949 0.392174
0.396199 0.084026 0.490035 0.853883 0.113475 0.548385 0.650045 1.042570 0.887278 0.756951 0.591455 0.397528
0.313715 0.105933 0.496448 0.913000 0.225624 0.581644 0.498537 0.994854 0.868631 0.615034 0.620632 0.271325
0.429356 0.083271 0.534892 0.926421 0.219012 0.544277 0.535538 0.999034 0.902103 0.669242 0.545616 0.387673
