12 12 6
0.326764 0.578907 0.726191 0.347528 0.798247 0.576157 0.698331 0.320833 0.731306 0.424010 0.499710 0.832601
0.331998 0.593288 0.786952 0.424605 0.800827 0.563850 0.630269 0.362058 0.739552 0.341774 0.618170 0.791999
0.232618 0.506241 0.576185 0.357682 0.501165 0.132635 0.233169 0.141009 0.867742 0.664355 0.254762 0.288559
0.349908 0.470316 0.638930 0.410331 0.521343 0.184028 0.183742 0.217684 0.784703 0.630421 0.305465 0.297157
0.302142 0.550826 0.656159 0.393850 0.479470 0.094624 0.294652 0.061783 0.793123 0.649202 0.138440 0.332778
0.289209 0.434937 0.639938 0.375344 0.455378 0.132919 0.181081 0.193553 0.828746 0.673698 0.220141 0.300673
0.839219 0.598570 0.588976 0.623567 0.395499 0.080653 0.220696 -0.011825 0.338384 0.093258 0.524732 0.849385
0.790158 0.481839 0.582445 0.580822 0.425470 0.044361 0.156299 0.048857 0.292681 0.142227 0.514339 0.825070
0.220957 0.507999 0.673658 0.367792 0.504997 0.145732 0.201736 0.126899 0.744060 0.661723 0.243403 0.243019
0.339782 0.535272 0.598878 0.349269 0.503965 0.170320 0.221511 0.146547 0.797589 0.709349 0.272726 0.285553
0.286351 0.477226 0.642437 0.450602 0.477843 0.087309 0.179503 0.155698 0.812175 0.665242 0.326684 0.286708
0.163209 0.521862 0.697175 0.347027 0.444778 0.100869 0.264118 0.193894 0.782078 0.752537 0.273045 0.292583
