32 12 24
0.867887 0.606130 0.459400 0.341629 0.354705 0.444470 0.906786 0.714539 0.614387 0.762688 0.321496 0.550474
0.884308 0.607399 0.470982 0.269693 0.381373 0.533906 0.776585 0.710835 0.678523 0.910151 0.262129 0.556146
0.941109 0.571430 0.475287 0.371169 0.318591 0.442114 0.714322 0.713424 0.668561 0.842052 0.388324 0.447489
0.881161 0.525895 0.517941 0.280067 0.309729 0.483528 0.879089 0.669530 0.693894 0.894956 0.246991 0.635680
0.955839 0.563798 0.383267 0.242166 0.451835 0.377030 0.909052 0.776116 0.630077 0.848939 0.259200 0.592265
0.979529 0.551519 0.426392 0.374285 0.360934 0.429747 0.798194 0.704979 0.673743 0.844902 0.418080 0.639535
0.729900 0.439964 0.337158 0.409110 0.048388 0.727837 0.276929 0.344563 0.796464 0.467870 0.049839 0.477313
0.756077 0.376059 0.442482 0.425838 0.002398 0.785150 0.245985 0.300053 0.905067 0.457114 0.012867 0.527357
0.658484 0.338571 0.274038 0.450164 0.026513 0.765817 0.236087 0.379984 0.900271 0.421572 0.013222 0.528476
0.751880 0.516736 0.309515 0.396312 -0.034301 0.814200 0.234051 0.384082 0.886847 0.487094 -0.032456 0.477911
0.637878 0.319931 0.297638 0.396794 -0.005069 0.815625 0.292944 0.370819 0.856064 0.516955 -0.007566 0.525428
0.631126 0.373313 0.384868 0.402831 0.025549 0.806518 0.278409 0.365330 0.862368 0.518854 0.023004 0.474264
0.740917 0.364208 0.313989 0.425465 -0.048606 0.738503 0.286824 0.401130 0.796670 0.413478 0.098646 0.538888
0.700501 0.368379 0.390867 0.418355 0.037582 0.778540 0.341014 0.359088 0.845895 0.419885 -0.034614 0.430986
0.691667 0.404324 0.320663 0.411828 0.012948 0.671523 0.308259 0.390773 0.906500 0.470058 0.007991 0.519937
0.647289 0.461433 0.351889 0.402088 0.068168 0.711385 0.347213 0.327511 0.830135 0.491282 0.033251 0.489664
0.701881 0.403073 0.337830 0.385487 0.001264 0.788987 0.288085 0.391007 0.787691 0.489717 0.020923 0.474359
0.765454 0.326247 0.277766 0.364652 -0.040661 0.716435 0.310940 0.330796 0.782036 0.355803 -0.007582 0.443200
0.365804 0.870373 0.724506 0.527201 0.538469 0.009674 0.147741 0.125117 0.850072 0.128994 0.603556 0.324980
0.405741 0.977583 0.700890 0.495343 0.567852 0.002964 0.121359 0.016357 0.803428 0.147592 0.543463 0.367457
0.463507 0.937408 0.682764 0.556914 0.615125 0.090201 0.130850 -0.011773 0.702154 0.157297 0.543163 0.366262
0.365416 0.962566 0.721873 0.627418 0.671360 0.126808 0.179961 0.145193 0.786608 0.132214 0.547595 0.322321
0.333179 0.880399 0.642110 0.650398 0.522423 -0.001490 0.173266 -0.033694 0.863876 0.223054 0.555226 0.303187
0.437707 0.915680 0.670479 0.532268 0.538395 0.035994 0.149814 0.084967 0.753083 0.185657 0.497340 0.419420
0.741099 0.340048 0.226663 0.340155 0.012824 0.810549 0.285812 0.284704 0.896407 0.438890 -0.006530 0.427231
0.663384 0.325718 0.267735 0.446268 -0.050759 0.703356 0.292451 0.349031 0.822183 0.443027 -0.008717 0.410416
0.591288 0.461631 0.416976 0.394372 0.070168 0.767594 0.276679 0.357343 0.716801 0.483510 -0.006404 0.439805
0.621543 0.340905 0.299933 0.481560 0.012993 0.726486 0.258468 0.306193 0.778546 0.420674 0.079235 0.494706
0.668763 0.365889 0.338048 0.318517 0.099973 0.787711 0.322251 0.321862 0.843556 0.467341 -0.026525 0.466878
0.640532 0.446791 0.334568 0.389300 -0.070333 0.771222 0.229450 0.263852 0.839818 0.408856 0.052550 0.444288
0.781366 0.407663 0.360481 0.335790 -0.030704 0.808357 0.345713 0.382050 0.871387 0.519692 0.019323 0.401904
0.734364 0.399031 0.257687 0.373018 -0.037157 0.784326 0.260722 0.318992 0.845304 0.469291 0.011421 0.468089
