30 12 15
0.953770 0.984536 0.546110 0.446612 0.790489 0.062334 0.253815 0.473779 0.099632 0.057971 0.632219 0.553781
0.964012 0.923537 0.593778 0.515806 0.827420 0.131001 0.245396 0.476203 0.134995 -0.012382 0.685992 0.578897
0.962104 0.909609 0.600458 0.493046 0.853096 0.080764 0.205581 0.542645 0.123702 0.058103 0.581956 0.552623
1.037332 0.955592 0.631756 0.356832 0.939895 0.069814 0.369588 0.547314 0.147124 0.018344 0.661322 0.596918
0.970010 0.814238 0.535137 0.435464 0.774264 0.093485 0.342461 0.512230 0.041929 0.080493 0.575854 0.574498
0.352592 0.516537 0.398759 0.705721 0.413121 0.662062 0.679627 0.622411 0.210642 0.181201 0.881753 0.282638
0.409702 0.553841 0.450470 0.781116 0.425139 0.616091 0.631427 0.650423 0.186796 0.123625 0.963921 0.286318
0.314746 0.405648 0.341750 0.660007 0.451557 0.638818 0.653093 0.590768 0.179155 0.134111 1.025809 0.304493
0.445831 0.387809 0.451015 0.717592 0.483683 0.554820 0.676498 0.665076 0.209085 0.119468 0.899535 0.317473
0.312623 0.425852 0.413037 0.699693 0.452018 0.684522 0.628721 0.535656 0.164922 0.249679 0.970307 0.317529
0.320547 0.439995 0.421604 0.729689 0.510285 0.554256 0.658928 0.617614 0.264759 0.182171 0.964410 0.386417
0.323973 0.466934 0.380591 0.749213 0.510168 0.641662 0.637101 0.466249 0.218419 0.135897 0.991332 0.381224
0.412489 0.397819 0.452050 0.739090 0.426696 0.712812 0.612341 0.533749 0.240217 0.103043 1.070183 0.315133
0.408291 0.424442 0.386204 0.739669 0.469406 0.730261 0.657447 0.592192 0.192905 0.220566 0.933596 0.374439
0.314979 0.462439 0.459478 0.728492 0.566712 0.714254 0.686071 0.627000 0.255161 0.220358 0.997356 0.220037
0.419779 0.471421 0.583609 0.811230 -0.026804 0.299797 0.307309 0.611522 0.155382 0.567474 0.572700 0.135950
0.439650 0.556748 0.573429 0.787732 0.134624 0.119025 0.226281 0.673809 0.200561 0.533957 0.585641 0.052494
0.515702 0.543301 0.536904 0.945575 0.000315 0.196978 0.271200 0.685362 0.226082 0.407221 0.593534 0.057074
0.407703 0.514755 0.577996 0.809283 0.117153 0.215415 0.177975 0.577501 0.265126 0.530320 0.631005 0.084276
0.526739 0.540794 0.468222 0.915595 0.053578 0.134697 0.278093 0.649171 0.322654 0.454433 0.606336 0.099069
0.438143 0.472783 0.399534 0.758423 0.542626 0.705270 0.770945 0.538452 0.223708 0.195786 1.005192 0.321778
0.348732 0.433521 0.402581 0.743987 0.569365 0.589271 0.767583 0.679061 0.241240 0.129634 0.940104 0.368300
0.356667 0.450410 0.450403 0.753599 0.407325 0.711856 0.690547 0.581615 0.230063 0.148982 0.936394 0.274825
0.351991 0.405724 0.569231 0.717550 0.507668 0.645037 0.635808 0.596530 0.281415 0.125141 0.973585 0.272347
0.356487 0.501702 0.379653 0.797016 0.443848 0.680062 0.752783 0.644409 0.290258 0.139153 0.944199 0.284011
0.331671 0.448972 0.465134 0.745583 0.443362 0.633737 0.595051 0.633109 0.238153 0.161423 0.971798 0.402095
0.311521 0.415331 0.382827 0.733895 0.561232 0.719551 0.501712 0.529331 0.206933 0.126493 0.930725 0.360471
0.408506 0.468459 0.429437 0.713252 0.496126 0.661870 0.545424 0.520502 0.267861 0.166479 0.982102 0.235161
0.383452 0.470022 0.411597 0.740955 0.553097 0.688298 0.654338 0.542408 0.227030 0.102574 1.054427 0.393076
0.430283 0.571360 0.469269 0.715602 0.400010 0.786333 0.746494 0.620951 0.189727 0.183793 0.916213 0.274914
