200 12 2
-0.013959 0.593296 -0.088820 0.956465 0.534399 0.473561 0.016929 0.265557 0.296782 0.183730 0.211952 0.966608
-0.003314 0.674607 0.080774 0.945330 0.541548 0.487063 0.048069 0.166127 0.332376 0.333221 0.281393 0.951554
0.032929 0.605977 0.043025 0.894000 0.460060 0.402721 0.043183 0.231912 0.297304 0.172671 0.279753 0.962800
0.000459 0.649623 -0.000140 0.926627 0.664214 0.474763 0.008483 0.284390 0.229430 0.176089 0.288064 0.898726
0.037681 0.661322 -0.012584 0.837449 0.626836 0.555241 0.054952 0.170248 0.312627 0.308282 0.299787 0.933438
-0.050185 0.719794 0.043082 0.898656 0.440137 0.459268 0.018108 0.263378 0.228571 0.173399 0.232272 0.932197
-0.057179 0.637877 0.014013 0.936944 0.515592 0.609665 0.060572 0.145311 0.238024 0.222795 0.264961 0.931697
0.038963 0.651034 -0.070562 0.984173 0.514357 0.420760 0.005398 0.226722 0.224820 0.336519 0.219584 0.924362
0.054287 0.633786 0.067652 0.871649 0.523491 0.409556 0.087969 0.204163 0.233472 0.190238 0.232818 0.998611
-0.011416 0.658024 0.074027 0.947968 0.607453 0.513848 -0.007287 0.151387 0.225290 0.170902 0.278626 0.810042
0.059480 0.607333 0.055485 0.986680 0.636053 0.396529 0.068905 0.185107 0.247183 0.227019 0.276529 0.825779
0.002233 0.687025 0.059540 0.959663 0.482133 0.548539 0.079532 0.220592 0.367639 0.300111 0.214969 0.937694
0.076120 0.665374 -0.017680 0.898818 0.545092 0.450813 0.017439 0.219228 0.195867 0.251639 0.340700 0.960059
-0.067951 0.557049 -0.000263 0.904714 0.649354 0.443390 -0.005386 0.216638 0.209394 0.192842 0.221433 0.899469
-0.068851 0.712364 -0.008628 0.978488 0.602137 0.380847 0.018670 0.236737 0.312066 0.265120 0.261921 1.003242
0.001063 0.678949 -0.005758 0.931913 0.568135 0.423276 0.057474 0.169459 0.242842 0.239176 0.184461 0.845543
0.055420 0.644396 0.070541 0.882765 0.519135 0.467515 0.025353 0.268242 0.208595 0.298281 0.178844 0.927530
-0.010151 0.748011 0.081602 0.952930 0.507102 0.448566 0.035816 0.151491 0.265217 0.315012 0.285609 0.886729
-0.063107 0.665621 0.002279 0.972915 0.621662 0.481109 0.088089 0.185579 0.161520 0.230364 0.235627 0.982133
-0.016354 0.721429 -0.004354 0.979205 0.563814 0.539164 0.069812 0.264664 0.240135 0.230221 0.295019 0.873024
0.033088 0.667641 0.031492 0.943403 0.551070 0.458173 0.096203 0.191051 0.246765 0.223861 0.353526 0.824165
-0.005749 0.650323 -0.047291 1.052271 0.589203 0.472101 0.041207 0.265566 0.281334 0.183096 0.273208 0.934285
0.050730 0.619389 0.027207 0.973552 0.575346 0.423848 -0.024056 0.235924 0.348282 0.181119 0.289156 0.847658
0.013759 0.653835 -0.003489 0.957238 0.442088 0.483356 -0.018757 0.178193 0.233951 0.268401 0.335592 0.961438
-0.142307 0.660989 -0.023557 0.909808 0.626098 0.448766 0.113806 0.161938 0.269734 0.164309 0.266701 0.960785
-0.020048 0.632745 0.015589 0.905190 0.554810 0.419711 0.028202 0.230078 0.293166 0.212336 0.216062 0.911254
-0.079443 0.623335 0.012641 0.942447 0.515655 0.378906 0.066262 0.233997 0.312964 0.303221 0.240503 0.998232
-0.048288 0.699229 -0.031064 0.902338 0.600781 0.427807 0.070286 0.264997 0.254475 0.093492 0.322508 0.892186
-0.002389 0.762001 0.004546 0.898742 0.562477 0.520893 -0.022246 0.221295 0.130211 0.226630 0.230593 0.783619
0.014772 0.590671 -0.010227 0.872048 0.525721 0.588833 0.161134 0.296874 0.282148 0.147239 0.227111 0.940847
-0.027840 0.597175 -0.000461 0.886752 0.513337 0.361779 0.044951 0.341330 0.322504 0.235558 0.229372 0.922910
-0.065881 0.683563 0.028445 0.924309 0.553430 0.373287 -0.014695 0.170732 0.135132 0.260406 0.215896 0.922778
-0.062892 0.720740 -0.017637 0.875304 0.527810 0.485280 0.034787 0.241760 0.156301 0.212101 0.309762 0.927772
0.054921 0.762435 -0.007025 1.002047 0.599814 0.419042 0.039335 0.271872 0.218010 0.233113 0.269990 0.914809
0.081637 0.888073 0.575553 0.656227 0.557427 0.392029 0.076705 0.104537 0.069920 0.529734 0.172530 0.040254
0.068154 0.877185 0.508299 0.767059 0.520146 0.340085 0.077700 0.025397 0.185199 0.658629 0.118725 0.096496
0.024193 0.750472 0.524282 0.747166 0.587881 0.397225 0.053854 0.078092 0.164410 0.649201 -0.005426 0.008580
0.088513 0.797112 0.536203 0.690252 0.533513 0.279828 0.097325 0.007959 0.213049 0.595317 0.088670 -0.050158
0.077487 0.908960 0.666032 0.719037 0.491826 0.258679 0.105349 0.054589 0.181657 0.515111 0.143847 0.106034
0.052847 0.871568 0.587969 0.703035 0.524745 0.275029 0.117473 0.101078 0.183612 0.524216 0.089876 -0.008778
0.022405 0.859372 0.586802 0.741210 0.605132 0.315051 0.067173 0.084609 0.226899 0.498816 0.113141 0.048559
0.051785 0.862220 0.456148 0.721698 0.613595 0.386130 0.119823 0.143137 0.159380 0.559025 0.019368 -0.019037
0.011483 0.872412 0.533554 0.787102 0.537875 0.387275 0.255051 0.060443 0.139155 0.572131 -0.016470 0.052340
0.012707 0.778524 0.557801 0.712689 0.549949 0.273731 0.140327 0.154160 0.167764 0.625441 0.157363 0.053767
0.134826 0.766492 0.639093 0.770591 0.526094 0.322744 0.109809 0.071770 0.255451 0.567063 0.041557 -0.065657
0.073894 0.921390 0.612810 0.753288 0.600132 0.319038 0.154973 0.117364 0.236517 0.483690 0.184445 -0.085540
0.116705 0.809645 0.552925 0.678806 0.570504 0.337691 0.108329 0.128427 0.162417 0.594134 0.076625 -0.001085
0.064915 0.885397 0.565193 0.699849 0.589683 0.392673 0.069760 0.065268 0.153414 0.614984 0.193785 0.011225
0.094874 0.870459 0.620807 0.773881 0.528068 0.338735 0.207240 0.006183 0.232205 0.580101 0.051553 -0.077276
0.092602 0.862267 0.589433 0.707163 0.450663 0.323480 0.143464 0.092758 0.229084 0.665273 0.050963 0.063048
0.075301 0.789041 0.569260 0.619949 0.530433 0.356206 0.103593 0.100383 0.321611 0.553103 -0.002625 0.027344
0.092576 0.906491 0.534821 0.691783 0.573865 0.264011 0.102106 0.056801 0.235113 0.615810 0.132641 0.073271
0.039202 0.868707 0.590854 0.730318 0.503513 0.370350 0.218570 0.163617 0.241464 0.618142 0.102209 0.008660
0.056882 0.807355 0.481123 0.732292 0.529216 0.310982 0.119726 0.104008 0.097770 0.514850 0.207453 -0.075317
0.179548 0.847286 0.486696 0.813811 0.492831 0.376409 0.138947 0.077854 0.199202 0.509807 0.050329 -0.017856
0.094993 0.800434 0.546102 0.737396 0.607684 0.327614 0.130446 0.037019 0.131133 0.550598 0.103485 0.046039
0.077910 0.824676 0.591674 0.689338 0.490020 0.433194 0.179657 0.155105 0.187599 0.728035 0.195138 -0.008612
0.112046 0.813683 0.530051 0.732273 0.582545 0.376725 0.144618 0.057315 0.199324 0.586404 0.046922 -0.000023
0.095126 0.871594 0.524237 0.650786 0.525713 0.317615 0.143663 0.077769 0.157422 0.638219 0.110862 -0.082103
0.122880 0.855453 0.563728 0.824649 0.574739 0.377611 0.104961 0.002130 0.214435 0.622927 0.113339 0.138508
0.050044 0.719100 0.438410 0.779749 0.440789 0.381366 0.186614 0.087911 0.280756 0.572832 0.068982 -0.032854
0.129985 0.892640 0.548349 0.749956 0.529791 0.378022 0.079979 0.137809 0.214519 0.552944 0.093606 -0.029677
0.161316 0.944046 0.504314 0.728873 0.539948 0.388676 0.151470 0.024411 0.184545 0.582909 0.078567 -0.011103
0.118704 0.822602 0.642783 0.645276 0.539456 0.353591 0.154261 0.016512 0.044215 0.636603 0.099752 -0.006023
0.007039 0.799606 0.465821 0.773482 0.518615 0.337918 0.208814 0.044689 0.150251 0.594525 0.067318 -0.029924
0.070693 0.880408 0.589871 0.820683 0.479981 0.343261 0.099517 0.009449 0.181805 0.602023 0.070040 -0.023246
0.012948 0.809542 0.580671 0.649553 0.541831 0.432938 0.056370 0.029118 0.159884 0.609721 0.176906 -0.036066
0.108952 0.791369 0.531267 0.734097 0.494637 0.235659 0.182535 0.051662 0.136583 0.537377 0.081546 0.064018
0.110131 0.821263 0.485824 0.590860 0.528912 0.383470 0.049294 0.067387 0.188245 0.636681 0.081860 0.062241
0.063877 0.824459 0.513507 0.675413 0.555110 0.258826 0.188697 0.016313 0.152167 0.559705 0.072539 0.114320
0.125342 0.804935 0.572174 0.766149 0.611984 0.311537 0.112588 0.166181 0.143382 0.626934 0.123746 0.020405
0.035967 0.830694 0.545525 0.707765 0.589259 0.353925 0.134585 0.082535 0.130368 0.628964 0.062376 0.018031
0.128277 0.857872 0.679506 0.815754 0.509664 0.322827 0.209611 0.065499 0.212313 0.572940 0.021842 -0.044644
0.024804 0.802417 0.552405 0.759210 0.539860 0.431889 0.099508 0.066996 0.243287 0.558296 0.019688 0.006679
0.086536 0.868604 0.504583 0.690692 0.596017 0.300398 0.140245 0.042207 0.168571 0.584658 0.080776 -0.044341
0.127267 0.878549 0.669473 0.652699 0.512618 0.466043 0.111630 0.104495 0.124132 0.510780 0.148473 -0.060442
0.035892 0.758687 0.618960 0.725549 0.692436 0.324621 0.072893 0.039171 0.109629 0.563355 0.112563 -0.164643
0.063525 0.819593 0.606382 0.639905 0.523774 0.316817 0.143476 0.003973 0.279129 0.626202 0.135872 -0.014317
0.132604 0.845145 0.548735 0.797982 0.570539 0.343469 0.120098 0.024112 0.145532 0.625330 0.064386 0.084271
0.117714 0.865363 0.543863 0.712268 0.410555 0.337755 0.185571 0.075163 0.175164 0.566119 0.032950 0.019749
0.129480 0.830467 0.474599 0.783903 0.588077 0.251830 0.194402 0.069210 0.227492 0.615098 0.153099 0.065444
0.077356 0.716317 0.496601 0.694358 0.570693 0.277929 0.103516 0.021942 0.110950 0.561742 0.132641 -0.025658
0.091023 0.809282 0.547626 0.702586 0.427738 0.334886 0.123889 0.059886 0.138613 0.523296 0.045622 -0.032391
0.095544 0.855199 0.583386 0.729077 0.493452 0.324314 0.144563 0.041167 0.249022 0.599147 0.031943 -0.048715
0.099647 0.821458 0.590558 0.725693 0.506136 0.305412 0.144303 -0.004087 0.207486 0.632345 0.025540 -0.016765
0.023874 0.691579 0.576389 0.670888 0.543288 0.319465 0.105657 0.202411 0.187843 0.619736 0.111355 -0.048957
0.202085 0.832462 0.495966 0.715267 0.510272 0.335753 0.081937 0.073568 0.107783 0.475486 0.052161 0.033669
0.022593 0.788865 0.603854 0.673105 0.493580 0.356540 0.108710 0.027219 0.192651 0.660032 0.127446 0.070251
0.203266 0.754348 0.611107 0.703911 0.609277 0.324526 0.160298 0.163910 0.210592 0.602803 0.041341 -0.074046
0.158897 0.783554 0.554780 0.742549 0.578247 0.329859 0.175136 0.098344 0.202036 0.558460 0.127755 0.020007
0.017219 0.786170 0.537096 0.615242 0.668584 0.348934 0.230501 0.086294 0.214827 0.645464 0.095815 -0.089626
0.078654 0.835905 0.633185 0.797049 0.525565 0.287811 0.193009 0.088948 0.233137 0.578729 0.064204 0.027576
0.071189 0.848510 0.550741 0.715452 0.554153 0.399004 0.102874 -0.020271 0.121956 0.563050 0.029946 -0.050010
0.102997 0.765994 0.544287 0.692824 0.654929 0.386819 0.190208 0.066197 0.174277 0.616844 0.104272 -0.014167
-0.001631 0.818292 0.599291 0.755676 0.421754 0.403346 0.094117 0.032207 0.224295 0.625939 0.126661 0.006601
0.075201 0.828997 0.616425 0.694612 0.484535 0.250300 0.078004 0.076563 0.180948 0.588458 0.050401 0.050270
0.171857 0.879787 0.568455 0.643604 0.498079 0.442307 0.176954 -0.019468 0.146611 0.580581 0.038420 -0.041971
0.033047 0.909598 0.568888 0.687163 0.538068 0.287186 0.149885 0.047094 0.230689 0.586353 0.139458 0.034336
0.233966 0.862876 0.547784 0.659585 0.500637 0.262127 0.070955 0.000535 0.293719 0.554506 0.124704 0.090979
0.013138 0.888599 0.619575 0.765981 0.525633 0.372078 0.098359 0.099388 0.164224 0.578014 0.067288 0.022403
0.136708 0.817982 0.583833 0.586226 0.487572 0.273064 0.099263 0.082606 0.182606 0.583235 0.199950 0.071888
0.051348 0.781623 0.567074 0.704321 0.591268 0.284747 0.086534 0.093178 0.171213 0.569197 -0.002776 -0.039895
0.673419 0.431611 0.951634 0.094333 0.097089 0.735712 0.923270 0.362031 0.702780 0.273070 0.752877 0.476160
0.761318 0.337098 0.953204 0.168457 0.048562 0.694891 0.903976 0.281733 0.692244 0.355187 0.816602 0.472455
0.647606 0.397284 1.070772 0.166825 0.088485 0.752685 0.946551 0.270772 0.862424 0.338341 0.738118 0.560518
0.738704 0.395224 0.982749 0.170594 0.106819 0.722212 0.828283 0.242400 0.818511 0.335866 0.805444 0.510455
0.679117 0.457220 0.883760 0.172002 0.066360 0.739721 0.895664 0.268387 0.726612 0.239618 0.780666 0.505146
0.736918 0.405101 0.989716 0.138192 0.101048 0.670721 0.910925 0.230674 0.744147 0.328984 0.809535 0.561302
0.706429 0.423088 1.008311 0.129033 0.034775 0.752658 0.825233 0.110758 0.690066 0.240565 0.823254 0.480053
0.725513 0.468550 0.929683 0.129550 0.079233 0.754436 0.907785 0.306153 0.751884 0.325673 0.788984 0.546823
0.685852 0.387660 1.107463 0.132953 0.028518 0.814794 0.850474 0.221130 0.699223 0.373926 0.733501 0.454345
0.769330 0.333608 0.923609 0.177700 0.022139 0.691844 0.807833 0.265644 0.757223 0.287168 0.734055 0.494675
0.643652 0.417348 0.982692 0.078772 0.106147 0.808486 0.879523 0.239958 0.727892 0.255323 0.863796 0.563804
0.664223 0.454983 1.004156 0.066113 0.092190 0.671333 0.923947 0.273426 0.691267 0.307812 0.807322 0.495225
0.672605 0.320800 0.944021 0.215251 0.039604 0.704951 0.831164 0.290461 0.795417 0.242646 0.805293 0.478846
0.736759 0.456904 0.948141 0.170878 0.094511 0.817788 0.933130 0.181293 0.755949 0.287114 0.792051 0.474064
0.699467 0.317892 0.988938 0.196456 0.089364 0.754946 0.901154 0.210855 0.758234 0.345712 0.786699 0.483943
0.706998 0.442019 0.937898 0.146926 0.021753 0.731555 0.858895 0.270384 0.749996 0.282063 0.821384 0.476539
0.690176 0.443036 0.913494 0.201713 0.105074 0.706584 0.930891 0.368327 0.722826 0.278423 0.867961 0.481787
0.756638 0.397676 0.961616 0.051206 -0.011948 0.761378 0.993327 0.232931 0.787575 0.243606 0.776111 0.522180
0.735828 0.391377 0.972114 0.209254 0.023642 0.832290 0.859421 0.235261 0.740172 0.255060 0.824614 0.449034
0.775433 0.443904 0.960568 0.209789 0.138210 0.712845 0.782028 0.310895 0.759585 0.375783 0.791675 0.410417
0.662072 0.416655 0.950080 0.207451 -0.011676 0.799421 0.821025 0.186109 0.747084 0.286790 0.810819 0.479174
0.662763 0.434893 1.013662 0.116352 0.000147 0.814036 0.827748 0.276806 0.791237 0.327594 0.720056 0.482622
0.806886 0.372239 0.942625 0.070213 0.063430 0.772791 0.778110 0.279784 0.739388 0.319140 0.788229 0.459349
0.664430 0.342870 0.954168 0.044055 0.072419 0.653134 0.916028 0.246439 0.778022 0.261636 0.828152 0.430242
0.683764 0.373711 1.029163 0.172892 0.069086 0.752612 0.827028 0.269284 0.735949 0.345409 0.707339 0.614207
0.660833 0.385902 0.921457 0.184108 0.116205 0.661238 0.900565 0.190270 0.816435 0.270554 0.780438 0.506593
0.762643 0.443893 0.965862 0.157133 0.070716 0.729162 0.967051 0.194751 0.782279 0.346389 0.835467 0.536835
0.788080 0.442872 0.986995 0.121535 0.084003 0.720433 0.795477 0.249664 0.844929 0.311621 0.827687 0.340807
0.752667 0.422534 0.952271 0.098465 -0.033605 0.731300 0.884292 0.225145 0.775914 0.320403 0.797457 0.462992
0.815335 0.394079 0.847496 0.144318 0.058084 0.767126 0.823183 0.257360 0.783526 0.333530 0.737999 0.432601
0.706621 0.356956 0.917571 0.133089 0.074814 0.737592 0.922969 0.262917 0.655970 0.308036 0.744659 0.521703
0.716461 0.412242 0.994303 0.164183 0.133252 0.653048 0.916133 0.329065 0.790298 0.335466 0.712717 0.522620
0.644044 0.448370 0.997350 0.178961 0.075247 0.769840 0.821341 0.240802 0.790082 0.284993 0.849602 0.410761
0.799620 0.388128 0.978876 0.147233 0.039350 0.713065 0.868323 0.387169 0.777730 0.332962 0.796038 0.488318
0.096073 0.908815 0.512073 0.623035 0.529669 0.303118 0.171706 0.043447 0.204342 0.598546 0.041675 0.009940
0.111816 0.920704 0.579475 0.700975 0.486171 0.304790 0.166842 0.069788 0.158454 0.559583 0.007140 0.132513
0.048023 0.766028 0.656480 0.736041 0.603516 0.300875 0.112356 0.036333 0.161908 0.654981 0.042607 -0.126087
0.081788 0.875238 0.544762 0.702319 0.561952 0.415379 0.122930 0.048676 0.156216 0.597457 0.074805 -0.022366
0.100990 0.791934 0.556901 0.759150 0.486919 0.341244 0.184232 0.017967 0.188085 0.553366 0.058122 -0.025878
0.087457 0.889206 0.541085 0.575688 0.539694 0.298786 0.132318 0.016404 0.153538 0.595361 0.058969 0.031728
0.074087 0.769788 0.613859 0.706425 0.578132 0.263404 0.217059 0.083179 0.133684 0.660266 0.067625 0.017622
0.092601 0.894618 0.609509 0.745234 0.522446 0.248029 0.151312 0.008669 0.186479 0.561710 0.103108 0.010446
0.118904 0.843964 0.593131 0.683698 0.578794 0.343381 0.162717 0.116341 0.189373 0.569904 0.077405 0.032622
0.053633 0.823448 0.554011 0.701351 0.532185 0.375804 0.160976 -0.059076 0.208014 0.540239 0.109320 -0.076870
0.000717 0.924220 0.533361 0.712364 0.470859 0.379042 0.158529 0.030458 0.228765 0.521806 0.071247 -0.015111
0.078402 0.779778 0.489496 0.635315 0.536650 0.356452 0.148910 0.052022 0.106030 0.641579 0.070035 0.016597
0.027070 0.884139 0.513599 0.718813 0.587927 0.332348 0.102484 0.054068 0.184169 0.598898 0.175771 -0.035113
0.036156 0.883646 0.481653 0.544750 0.631000 0.372746 0.024485 0.020654 0.226379 0.575756 0.134064 0.019296
0.106754 0.817713 0.628221 0.719484 0.583703 0.341361 0.041866 0.093450 0.193261 0.494565 0.077676 -0.000963
0.134759 0.809254 0.527676 0.735278 0.588333 0.497089 0.177346 0.025555 0.173970 0.614032 0.112668 0.045198
0.047270 0.922359 0.564072 0.718319 0.529232 0.346910 0.103326 0.035041 0.123156 0.641937 0.063004 -0.006322
-0.009317 0.839743 0.624389 0.766285 0.556238 0.415452 0.112972 0.099921 0.137282 0.554406 0.042361 0.005646
0.099685 0.834512 0.646284 0.759285 0.536150 0.323992 0.115552 0.038493 0.258774 0.596235 -0.003068 -0.048834
0.177595 0.811528 0.569957 0.739456 0.617196 0.449558 0.060199 0.082909 0.272498 0.598053 0.065017 -0.108075
0.147096 0.826706 0.605937 0.659867 0.553036 0.364928 0.075608 0.120862 0.123359 0.571389 0.059842 -0.001062
0.080599 0.866680 0.587873 0.752495 0.501866 0.296646 0.115327 0.151236 0.234296 0.538286 0.179357 0.042491
0.115337 0.766496 0.540433 0.728988 0.566996 0.394935 0.155960 0.154719 0.224610 0.628396 0.067261 -0.073777
0.079191 0.845296 0.492947 0.666838 0.585574 0.394546 0.126984 0.124516 0.187582 0.646589 0.095231 -0.082821
0.101100 0.809417 0.536532 0.771760 0.460648 0.390518 0.147025 0.132263 0.193735 0.580323 0.125489 0.048586
0.153094 0.780265 0.528873 0.682489 0.553546 0.348577 0.164444 0.145170 0.201362 0.612724 0.064326 -0.011360
0.070038 0.842465 0.557235 0.768025 0.531040 0.298483 0.127759 0.189189 0.134469 0.520226 0.168520 0.010788
0.132241 0.845492 0.537691 0.664961 0.551413 0.356481 0.189907 0.138366 0.202058 0.550341 0.094394 0.003724
0.113103 0.890205 0.519547 0.702071 0.535730 0.340828 0.099788 0.075325 0.162757 0.578675 0.052755 0.066112
0.102668 0.903086 0.495371 0.774386 0.525893 0.393039 0.196786 0.118076 0.125959 0.598672 0.101595 0.018916
0.040483 0.853380 0.510757 0.760060 0.545584 0.275804 0.207774 -0.035487 0.177304 0.502716 0.112764 -0.080123
0.058546 0.879283 0.662029 0.642834 0.508738 0.350304 0.113389 0.080888 0.224492 0.605464 0.018932 -0.011521
0.126414 0.834523 0.627600 0.744381 0.436896 0.316145 0.085289 0.148672 0.160568 0.579238 0.080486 -0.017135
0.074735 0.821904 0.532489 0.725634 0.489304 0.337455 0.280008 0.048623 0.220354 0.552918 0.033654 0.051196
0.045942 0.785797 0.544924 0.735374 0.622141 0.294198 0.099069 0.090444 0.287819 0.531400 0.055914 0.003108
0.128172 0.888145 0.569232 0.780977 0.504453 0.250313 0.195899 0.050383 0.241464 0.475490 0.141899 0.048353
0.080530 0.851235 0.601847 0.749546 0.493140 0.316241 0.118158 0.071994 0.177871 0.567810 0.070044 -0.012080
0.093712 0.814211 0.547976 0.720971 0.586980 0.400020 0.114899 0.100541 0.252683 0.641420 -0.026906 0.044009
0.162335 0.858486 0.489424 0.816592 0.448847 0.296201 0.089212 0.081188 0.219886 0.513466 0.114694 0.091599
0.034204 0.823769 0.452614 0.642942 0.520419 0.273822 0.199725 -0.009984 0.220280 0.579660 0.014012 -0.022511
0.036585 0.873012 0.528209 0.607520 0.611048 0.345299 0.149671 0.066188 0.223790 0.563431 0.050282 0.011602
0.089677 0.830417 0.591952 0.764549 0.569100 0.356921 0.063860 0.029820 0.176283 0.527320 0.097357 0.041055
0.078554 0.869592 0.572382 0.749953 0.544289 0.299069 0.194009 0.102667 0.253127 0.561031 0.085108 0.052380
0.135862 0.876733 0.519171 0.760525 0.517592 0.331275 0.095979 0.044325 0.072274 0.668997 0.090302 0.028075
0.065500 0.890412 0.568124 0.710301 0.443506 0.296597 0.140600 0.098515 0.165417 0.606088 -0.037030 -0.007385
0.039474 0.835406 0.504782 0.784890 0.526491 0.326071 0.132087 -0.030116 0.201842 0.490721 0.123515 -0.054624
0.164235 0.842578 0.525506 0.725609 0.493932 0.308422 0.121109 0.080335 0.171854 0.531136 0.006832 0.124501
0.149477 0.815149 0.581497 0.760021 0.399719 0.357773 0.143624 0.092390 0.120276 0.559514 0.080688 -0.019012
0.085968 0.784203 0.525965 0.660581 0.548825 0.321475 0.136438 0.138639 0.224072 0.610437 0.103115 -0.035494
0.078792 0.851943 0.628297 0.727743 0.575798 0.350982 0.096129 -0.029527 0.174021 0.525660 0.132716 0.010716
0.052791 0.773850 0.591829 0.666270 0.539289 0.365438 0.116147 0.045556 0.139999 0.689686 0.003208 -0.019138
-0.004490 0.918599 0.564340 0.657824 0.553286 0.290123 0.156431 0.048518 0.191729 0.605059 0.040302 -0.004862
0.110092 0.728561 0.543505 0.686848 0.558543 0.231684 0.168057 -0.027778 0.206481 0.536902 0.184144 0.079043
0.126839 0.952096 0.557895 0.746682 0.486419 0.270293 0.035085 0.016323 0.273280 0.556408 0.089196 0.042199
0.111369 0.811651 0.573716 0.713449 0.423991 0.413129 0.089337 0.048351 0.195857 0.636003 0.201936 -0.090783
0.017648 0.805829 0.533806 0.724258 0.552833 0.385903 0.022783 0.041463 0.146280 0.580771 0.107958 0.003112
0.060939 0.764212 0.562538 0.711091 0.492178 0.356021 0.163351 0.067792 0.218935 0.570407 0.091534 0.000185
0.038363 0.728194 0.529558 0.744914 0.577049 0.306951 0.119490 0.012785 0.206529 0.524871 0.139399 0.036358
0.044755 0.763994 0.519154 0.756635 0.542481 0.364202 0.214538 0.027146 0.149944 0.567432 0.030018 -0.022336
0.063942 0.814950 0.496801 0.655915 0.535167 0.362377 0.042366 0.003555 0.177399 0.478263 0.187359 0.001285
0.145028 0.759516 0.591680 0.819389 0.537483 0.463704 0.062149 0.007957 0.180208 0.590714 0.089103 0.024022
0.073465 0.869968 0.541952 0.689013 0.539822 0.327948 0.148484 0.051339 0.225082 0.473145 0.003893 0.060328
0.078663 0.811706 0.551565 0.717630 0.517950 0.380722 0.109433 0.091881 0.161648 0.538804 0.093180 0.011284
0.059137 0.832067 0.683984 0.749882 0.497124 0.292167 0.156053 0.111992 0.209982 0.565839 0.064880 -0.015227
