28 12 7
0.118763 0.329673 1.042130 0.331544 0.420700 0.067722 0.350976 0.577333 0.415203 0.641269 0.639896 0.122016
0.238494 0.322285 1.030765 0.280004 0.528726 0.192370 0.439309 0.558469 0.298482 0.450610 0.715612 0.109348
0.091370 0.326542 0.996511 0.301877 0.419783 0.171593 0.399469 0.495350 0.396038 0.514979 0.737568 0.022044
0.173496 0.361691 0.918490 0.262435 0.444533 0.068221 0.417885 0.612177 0.398123 0.565222 0.672117 0.027025
0.181509 0.309714 1.042311 0.258093 0.493488 0.041252 0.353419 0.599169 0.362535 0.531398 0.736333 -0.036158
0.599255 0.534507 0.754645 0.137443 0.433004 0.592186 0.224158 0.748097 0.854035 0.154193 0.153999 0.591879
0.378277 0.430738 0.680011 0.080976 0.508205 0.652028 0.166064 0.781392 0.875414 0.166384 0.165846 0.691018
0.521761 0.424588 0.742850 0.088607 0.493368 0.536157 0.197124 0.850857 0.949591 0.073120 0.126686 0.647826
0.489246 0.465745 0.745160 0.093238 0.531804 0.570448 0.158467 0.908821 0.885672 0.198913 0.138220 0.609654
0.527885 0.496078 0.754767 0.144092 0.469698 0.532634 0.150755 0.814306 0.948217 0.259584 0.111302 0.643385
0.600768 0.476959 0.668190 0.108049 0.525475 0.538494 0.159694 0.823915 0.909665 0.215799 0.213556 0.653151
0.562501 0.427991 0.724778 0.046189 0.497477 0.593267 0.119237 0.852117 0.832064 0.286055 0.192680 0.645013
0.622278 0.518888 0.703335 0.131166 0.534154 0.576584 0.174884 0.904960 0.882515 0.227649 0.041143 0.687622
0.506057 0.472701 0.701125 0.106639 0.459810 0.503842 0.198298 0.742447 0.894605 0.334133 0.203813 0.628262
0.573179 0.540946 0.697176 -0.015222 0.426650 0.525426 0.157823 0.872086 0.825077 0.204201 0.067618 0.647744
0.423554 0.852720 0.506330 1.060811 0.212130 0.122537 0.547406 0.706770 0.757187 0.560714 0.128002 0.204185
0.401788 0.821463 0.307595 0.882267 0.133306 0.146274 0.628930 0.723002 0.696544 0.657343 0.078461 0.161712
0.372964 0.764089 0.433534 0.969987 0.154022 0.247791 0.495351 0.693462 0.674007 0.571335 0.145808 0.176914
0.334672 0.731531 0.412398 0.963541 0.137955 0.172699 0.524730 0.690231 0.718829 0.649377 0.126519 0.111577
0.417936 0.874282 0.461143 0.921002 0.131383 0.202293 0.626674 0.711086 0.734008 0.489894 0.187670 0.034155
0.579018 0.470303 0.717953 0.003178 0.484406 0.531616 0.181377 0.870997 0.956284 0.213012 0.141088 0.721880
0.506068 0.557347 0.602168 0.035512 0.449810 0.589923 0.211897 0.825663 0.868956 0.101744 0.114481 0.642103
0.549764 0.453592 0.701072 0.058430 0.473033 0.513383 0.229336 0.849930 0.949500 0.183110 0.126299 0.590818
0.525373 0.521269 0.704340 0.009869 0.503049 0.524516 0.228076 0.804218 0.890390 0.299655 0.152874 0.667209
0.435884 0.511377 0.723174 0.115411 0.444548 0.598443 0.279992 0.911780 0.843831 0.271525 0.192818 0.585665
0.509475 0.597292 0.615306 0.100243 0.501799 0.540229 0.164303 0.811675 0.910036 0.207101 0.220739 0.603042
0.484392 0.494233 0.717135 -0.017596 0.456505 0.609444 0.093228 0.813180 0.916932 0.178849 0.118254 0.645192
0.494529 0.574717 0.649907 0.154513 0.505860 0.534218 0.170546 0.794131 0.860802 0.169005 0.163458 0.596444
