1000 2 500
0.707115 0.987938
0.608761 0.885478
0.563935 1.002756
0.624306 0.953489
0.627580 0.877514
0.689101 0.832795
0.749070 0.972833
0.696601 0.946723
0.628081 0.882998
0.683200 0.960020
0.676367 0.973826
0.689138 0.901623
0.751266 0.880892
0.614159 0.913267
0.708011 0.896238
0.575176 0.903708
0.611712 0.975344
0.681998 0.937601
0.688963 0.919440
0.702167 0.925016
0.690032 1.008174
0.656602 1.041390
0.717142 0.935881
0.673380 0.965380
0.667842 0.976570
0.700619 0.819609
0.669475 1.039211
0.631332 0.925436
0.664558 0.954995
0.624964 0.836044
0.630607 1.050591
0.630995 0.863984
0.566810 0.906388
0.696489 0.935364
0.597253 1.012791
0.665848 0.987789
0.657086 0.954668
0.593162 0.917971
0.744940 0.880577
0.632506 1.009302
0.570896 0.903972
0.647394 0.824315
0.622930 1.004568
0.610194 0.933488
0.623975 0.949592
0.700590 0.928898
0.684746 0.941246
0.642046 0.839183
0.639154 0.905156
0.712249 0.957848
0.635981 1.049132
0.628083 0.951565
0.705786 0.970970
0.652457 0.877328
0.720694 0.909008
0.670459 0.937430
0.613192 0.907111
0.661964 0.849700
0.656579 0.984751
0.712369 0.905463
0.681772 0.978423
0.668614 0.894881
0.591458 0.950888
0.628605 0.963508
0.673915 0.858830
0.637593 0.920580
0.704899 0.965127
0.632002 0.917539
0.601941 0.889248
0.616734 0.956660
0.684556 0.975078
0.662584 0.920830
0.671136 0.917565
0.566792 0.897230
0.671689 1.027066
0.617499 0.988835
0.694021 0.880950
0.644091 0.972682
0.749626 0.985434
0.580300 0.985055
0.659223 0.939358
0.574451 0.980212
0.646814 0.942028
0.501899 0.958609
0.626645 0.960312
0.638950 0.939059
0.673158 0.899132
0.677324 0.943754
0.630582 0.931820
0.724384 0.986610
0.661701 0.928554
0.718295 0.995267
0.647845 0.926167
0.701508 1.082482
0.515609 0.928863
0.667482 0.919791
0.627870 0.974626
0.614807 0.869126
0.702480 0.991453
0.670489 0.947236
0.652582 0.903185
0.668860 0.996413
0.681990 1.033828
0.593200 0.932306
0.669783 0.997429
0.677226 0.975353
0.591628 0.987452
0.696796 1.067235
0.631959 0.932363
0.685421 0.942152
0.653268 0.970100
0.651056 1.002343
0.606858 0.991786
0.712725 0.956998
0.657470 0.943988
0.648241 0.977118
0.635914 0.945489
0.601513 1.036080
0.601666 0.930452
0.749787 0.881531
0.674351 0.887348
0.761460 0.924444
0.671664 0.981684
0.684569 0.919822
0.668541 0.918305
0.683119 1.000686
0.585738 0.975407
0.686122 0.880106
0.691748 0.910236
0.613620 0.911539
0.746319 0.945606
0.636092 0.985085
0.628321 0.918562
0.710778 0.999444
0.671852 1.014122
0.770988 0.889949
0.634611 0.828323
0.690275 1.066452
0.599807 0.958709
0.682027 0.990506
0.608418 0.930479
0.686475 0.978478
0.627571 0.973121
0.730441 0.941628
0.644300 0.888296
0.650810 0.973831
0.683850 0.927601
0.596367 0.876952
0.717438 0.934788
0.577498 0.866274
0.715047 0.864671
0.645012 0.973606
0.691956 0.959173
0.620788 0.944791
0.668262 0.997209
0.662480 0.981671
0.620717 0.985273
0.674339 0.996945
0.686527 0.984033
0.661870 0.999451
0.612867 1.001596
0.652659 1.014790
0.668244 0.935035
0.692597 1.040242
0.672594 0.962117
0.587985 0.974437
0.726934 0.932474
0.383423 0.645623
0.460158 0.613559
0.313057 0.752073
0.383578 0.688312
0.402541 0.655200
0.252084 0.640038
0.417567 0.659515
0.421071 0.670239
0.407405 0.677137
0.396386 0.665756
0.334813 0.692214
0.383350 0.715463
0.375282 0.657570
0.254361 0.740456
0.408508 0.678592
0.295206 0.610964
0.424046 0.675508
0.407728 0.700373
0.324261 0.652891
0.388554 0.674911
0.309366 0.763783
0.368372 0.608349
0.339153 0.662626
0.374709 0.653790
0.347908 0.726204
0.345707 0.672534
0.503100 0.604638
0.441710 0.791542
0.335573 0.733149
0.448006 0.632589
0.442926 0.602346
0.519724 0.740903
0.364158 0.693371
0.321249 0.596956
0.353448 0.624204
0.402060 0.626036
0.335974 0.655459
0.372476 0.702468
0.381209 0.690017
0.307221 0.632796
0.358948 0.659095
0.370816 0.702609
0.440523 0.612101
0.321065 0.622893
0.394017 0.635484
0.370667 0.731590
0.383319 0.724107
0.435346 0.640171
0.351478 0.699187
0.401067 0.602947
0.430353 0.617384
0.394362 0.715330
0.395670 0.666938
0.429098 0.653689
0.412926 0.656773
0.397242 0.735366
0.356640 0.725091
0.319038 0.667221
0.319123 0.647861
0.347270 0.689460
0.271426 0.582313
0.355768 0.689543
0.540117 0.707994
0.367187 0.660139
0.329708 0.726630
0.441110 0.650729
0.438553 0.692187
0.440009 0.661676
0.355804 0.634095
0.424945 0.705292
0.294670 0.770448
0.347605 0.699004
0.323119 0.711950
0.345648 0.725690
0.382859 0.765580
0.386952 0.708525
0.369136 0.776380
0.385271 0.580418
0.370731 0.679502
0.306488 0.594524
0.366380 0.746907
0.333318 0.720772
0.308398 0.621454
0.427266 0.633132
0.308674 0.700362
0.420511 0.620320
0.388645 0.669481
0.388906 0.793719
0.299224 0.662398
0.405377 0.627961
0.417727 0.654586
0.331283 0.709098
0.386304 0.761262
0.361369 0.713180
0.414967 0.728348
0.389215 0.639893
0.394375 0.592634
0.427449 0.649430
0.454098 0.592952
0.347745 0.647206
0.349572 0.676682
0.349030 0.608917
0.424669 0.670521
0.445112 0.641179
0.418992 0.646455
0.429173 0.594480
0.389770 0.631650
0.475785 0.677200
0.400080 0.691865
0.381270 0.643568
0.343923 0.594616
0.343778 0.728493
0.371061 0.605440
0.389707 0.612365
0.329860 0.669496
0.346722 0.680201
0.412845 0.784923
0.245396 0.646111
0.426303 0.673010
0.366216 0.673186
0.394284 0.734574
0.382725 0.650894
0.406707 0.714996
0.399033 0.689536
0.341320 0.593761
0.355631 0.706240
0.349514 0.707984
0.356887 0.648385
0.378338 0.706293
0.231002 0.809393
0.361724 0.772353
0.381391 0.679833
0.368568 0.586553
0.414301 0.661502
0.351158 0.694056
0.402946 0.657007
0.323909 0.684085
0.348714 0.694417
0.329983 0.750396
0.424436 0.642876
0.391697 0.646581
0.474000 0.660930
0.365446 0.727372
0.326421 0.690011
0.314956 0.661478
0.287311 0.655772
0.362913 0.597356
0.485582 0.583212
0.404997 0.769784
0.428411 0.703025
0.322352 0.756564
0.398022 0.651161
0.401022 0.642101
0.324070 0.694959
0.338623 0.653178
0.371707 0.700355
0.369595 0.724274
0.451823 0.676882
0.413451 0.670519
0.421938 0.691335
0.369487 0.752511
0.486751 0.707134
0.438748 0.723782
0.297071 0.783769
0.388213 0.668459
0.351101 0.715706
0.336168 0.659757
0.420525 0.657613
0.308778 0.633175
0.417711 0.780201
0.417530 0.711541
0.313157 0.711468
0.391955 0.721387
0.350308 0.630091
0.394364 0.608221
0.311582 0.644223
0.418423 0.737036
0.445054 0.633950
0.372994 0.668923
0.341952 0.697145
0.417601 0.755808
0.437717 0.609713
0.372698 0.685731
0.462299 0.700280
0.420925 0.675540
0.315664 0.674045
0.272335 0.589397
0.434877 0.649872
0.373370 0.730759
0.367403 0.710400
0.448396 0.706111
0.446338 0.698509
0.368863 0.690744
0.347469 0.718898
0.381749 0.631243
0.419186 0.681489
0.333195 0.712429
0.347072 0.700178
0.358249 0.725894
0.323914 0.611719
0.328946 0.632908
0.249342 0.689335
0.457771 0.665088
0.438385 0.681800
0.444563 0.621949
0.343495 0.715526
0.344494 0.711035
0.439881 0.671296
0.373866 0.693333
0.329710 0.723200
0.302496 0.625410
0.394319 0.675044
0.320559 0.777899
0.361622 0.720588
0.337763 0.736670
0.352758 0.748074
0.364151 0.709490
0.324456 0.725694
0.394963 0.744871
0.285666 0.600194
0.466897 0.613007
0.431815 0.664767
0.400190 0.766398
0.442833 0.738829
0.344993 0.737789
0.344365 0.631326
0.424413 0.646725
0.404392 0.658515
0.456617 0.653856
0.434567 0.692805
0.305185 0.725577
0.462485 0.704322
0.332358 0.698389
0.374696 0.632153
0.293057 0.666092
0.363051 0.678562
0.493332 0.619889
0.308713 0.763221
0.344654 0.785103
0.470415 0.717959
0.350455 0.680689
0.420792 0.724988
0.469372 0.709189
0.324567 0.614352
0.407595 0.695698
0.282587 0.686804
0.405978 0.673586
0.399409 0.598819
0.359610 0.592737
0.361652 0.734680
0.372239 0.666765
0.394847 0.648331
0.422668 0.712300
0.407883 0.643956
0.444541 0.708372
0.385759 0.617280
0.358020 0.650901
0.381954 0.704772
0.278590 0.708589
0.326458 0.636068
0.441723 0.597246
0.380411 0.687373
0.392991 0.672495
0.412967 0.668353
0.365189 0.649154
0.339532 0.806397
0.456155 0.695866
0.390292 0.623020
0.416908 0.743607
0.529814 0.589903
0.447357 0.688835
0.364109 0.645009
0.342710 0.613882
0.382217 0.718426
0.410471 0.753511
0.407756 0.712802
0.478356 0.635209
0.395302 0.667241
0.368775 0.741649
0.474783 0.590406
0.420459 0.733605
0.434567 0.650268
0.380764 0.617207
0.209899 0.723261
0.371532 0.699140
0.348577 0.537339
0.430837 0.678905
0.312392 0.680803
0.482856 0.757440
0.344560 0.609948
0.315046 0.625564
0.375377 0.701529
0.402255 0.707822
0.420665 0.639512
0.386710 0.698791
0.399222 0.641873
0.348069 0.665059
0.315245 0.690939
0.384229 0.715553
0.284603 0.690895
0.362133 0.791478
0.445298 0.715470
0.337345 0.747660
0.451528 0.716502
0.326315 0.763716
0.353965 0.727025
0.385658 0.696199
0.352584 0.637569
0.365549 0.655666
0.306767 0.779544
0.427136 0.760093
0.305804 0.690988
0.355209 0.693762
0.477423 0.714593
0.302972 0.654043
0.389717 0.658251
0.373498 0.645946
0.355287 0.745195
0.315180 0.798986
0.340389 0.693416
0.449742 0.771168
0.383978 0.735820
0.351086 0.744397
0.384794 0.695113
0.329978 0.700890
0.312030 0.627299
0.421774 0.752057
0.463964 0.754038
0.321041 0.665862
0.348124 0.766150
0.365678 0.744806
0.366097 0.640798
0.329738 0.657421
0.328861 0.685969
0.476681 0.845240
0.436112 0.894691
0.538033 0.969524
0.491158 0.967362
0.447808 0.967076
0.491299 0.906545
0.491140 1.086098
0.536767 0.988323
0.555698 1.001716
0.459810 0.970491
0.418523 0.957592
0.569946 1.025702
0.418253 0.814416
0.530618 0.810817
0.494390 0.935581
0.449999 0.815529
0.457672 0.834161
0.449470 0.912950
0.442577 0.848289
0.550169 0.894432
0.399820 0.943883
0.517598 0.860952
0.538360 0.929229
0.488222 0.913323
0.530707 0.931724
0.359840 0.855342
0.520052 0.919281
0.501233 0.921870
0.535601 0.840653
0.495526 0.857073
0.589804 0.856140
0.517596 1.035330
0.485466 0.810143
0.460051 0.918968
0.476293 0.966581
0.426883 0.931703
0.515451 0.957824
0.434448 0.911249
0.490032 0.903677
0.465367 0.878551
0.428763 0.936378
0.483488 0.899037
0.497091 0.939233
0.455939 0.920021
0.510867 0.890490
0.560674 0.932314
0.517770 0.888339
0.563146 0.910361
0.483071 0.939258
0.402918 0.854435
0.474667 0.991111
0.537525 0.892491
0.467449 0.967523
0.476651 0.963478
0.532830 0.949818
0.467981 0.913198
0.417552 0.899666
0.540192 0.988694
0.502406 0.951777
0.571222 0.866203
0.490390 0.906153
0.595212 0.985502
0.523781 0.924901
0.435496 0.851784
0.529109 0.837428
0.509590 0.848094
0.525492 0.867808
0.484752 0.968963
0.453395 0.947119
0.512596 0.922407
0.533252 0.923687
0.432854 0.928157
0.530462 0.944348
0.514773 0.868843
0.542491 0.850387
0.464632 0.975733
0.491924 0.952684
0.476019 0.941539
0.523419 0.958945
0.452688 0.969276
0.493780 1.000814
0.616824 0.958396
0.528144 0.947270
0.382987 0.838575
0.476328 0.907653
0.461224 0.954761
0.513823 0.873276
0.514733 0.934109
0.544771 0.885614
0.429260 0.945398
0.436057 0.896048
0.515286 0.969084
0.519526 0.903954
0.481578 0.904002
0.559057 0.872196
0.496081 0.913145
0.508639 0.998364
0.544769 0.869357
0.538217 0.926094
0.494227 0.889178
0.412894 0.989004
0.512149 0.956404
0.541156 0.909333
0.476556 0.935315
0.495477 0.861430
0.565772 0.850335
0.457969 0.905076
0.416735 0.925012
0.493633 0.998734
0.455678 0.826057
0.461211 0.851212
0.469574 0.901253
0.438246 1.017503
0.448249 0.877627
0.472183 1.005492
0.505156 0.996787
0.458720 0.938335
0.605985 0.905611
0.602111 1.099271
0.468291 0.879276
0.510975 0.921328
0.383785 0.937712
0.478957 0.917998
0.534935 0.936357
0.441297 0.886706
0.508709 0.857560
0.547146 0.826140
0.469623 0.851218
0.392688 0.958537
0.521697 0.900445
0.473164 0.947358
0.438294 0.979140
0.447564 0.793496
0.539825 0.948780
0.497494 0.968411
0.450418 0.918818
0.496791 0.885811
0.384591 0.936497
0.518608 0.876768
0.495897 0.998009
0.506372 0.900191
0.488726 0.929386
0.478140 0.975356
0.519672 0.886650
0.452965 0.905474
0.470707 0.945271
0.542025 0.903293
0.512065 0.904969
0.512972 0.922547
0.525719 0.910705
0.512137 0.925575
0.415073 0.974001
0.483921 1.005220
0.528563 0.926864
0.494681 0.904369
0.478270 0.812087
0.543569 0.937361
0.496136 0.810153
0.512878 0.950155
0.460125 0.955644
0.544266 0.981486
0.442063 0.915068
0.425877 0.913238
0.474070 0.877612
0.412984 0.927736
0.452448 0.957015
0.435265 0.903784
0.358551 0.721627
0.381348 0.721262
0.406906 0.740993
0.456237 0.628394
0.378227 0.631454
0.396648 0.651984
0.414545 0.751113
0.374696 0.756439
0.469241 0.692342
0.417886 0.673547
0.470969 0.660108
0.387995 0.586818
0.367143 0.661957
0.269866 0.619493
0.307453 0.799736
0.366805 0.626787
0.408096 0.643928
0.393167 0.702873
0.388822 0.766514
0.394316 0.670925
0.410727 0.650203
0.378511 0.629181
0.305068 0.732763
0.396657 0.700019
0.376896 0.665331
0.431509 0.711366
0.371363 0.615722
0.330532 0.694641
0.337809 0.739811
0.309241 0.753502
0.423284 0.605527
0.356601 0.751832
0.361357 0.712927
0.299385 0.665767
0.425658 0.781301
0.357529 0.666049
0.411210 0.700163
0.287222 0.725015
0.455739 0.648723
0.426984 0.709283
0.374445 0.661779
0.370620 0.723435
0.401475 0.710974
0.398146 0.676589
0.391071 0.682310
0.309772 0.796689
0.354954 0.678640
0.321040 0.751987
0.325439 0.719410
0.390362 0.743706
0.291997 0.753807
0.397482 0.745412
0.336253 0.737137
0.385228 0.716401
0.438206 0.692288
0.355534 0.648669
0.385244 0.640386
0.300203 0.705117
0.295055 0.704675
0.439823 0.733865
0.267978 0.755160
0.355968 0.696972
0.370628 0.653259
0.316484 0.653091
0.376218 0.611139
0.341483 0.715010
0.389747 0.737801
0.312084 0.635184
0.323856 0.649982
0.432051 0.668004
0.426949 0.650818
0.320771 0.739729
0.270055 0.672018
0.315275 0.711585
0.255053 0.716348
0.292554 0.754881
0.373502 0.649205
0.407481 0.661524
0.395789 0.715261
0.386897 0.595732
0.429872 0.621965
0.384620 0.762671
0.358558 0.677491
0.321461 0.750466
0.370677 0.629876
0.369130 0.555748
0.326766 0.641941
0.375118 0.672223
0.362012 0.683586
0.442116 0.612575
0.414856 0.606627
0.397699 0.706254
0.336353 0.668159
0.408417 0.647916
0.422929 0.600822
0.410313 0.694979
0.376827 0.586866
0.447245 0.630477
0.388788 0.574860
0.370622 0.708568
0.376828 0.683713
0.386788 0.737978
0.409745 0.651766
0.345617 0.655518
0.379571 0.687750
0.399914 0.706631
0.329743 0.708510
0.423321 0.743930
0.356749 0.627453
0.433298 0.765955
0.400927 0.703770
0.399474 0.643024
0.315858 0.725904
0.435059 0.769969
0.322944 0.577566
0.370331 0.659686
0.376640 0.676245
0.447466 0.740202
0.375246 0.750736
0.408118 0.672985
0.381531 0.703486
0.381048 0.636220
0.367049 0.660229
0.465316 0.628793
0.496753 0.696034
0.363202 0.673700
0.432086 0.673251
0.314295 0.671752
0.453978 0.792253
0.287265 0.679777
0.367055 0.670115
0.418376 0.774575
0.421075 0.692563
0.429536 0.718667
0.349668 0.683725
0.379667 0.686548
0.435269 0.745434
0.471296 0.729473
0.272554 0.762351
0.405298 0.716774
0.329567 0.733355
0.309133 0.666549
0.446295 0.711524
0.406620 0.720282
0.357613 0.712361
0.321505 0.761955
0.390089 0.742885
0.480672 0.670141
0.362951 0.733078
0.287570 0.690491
0.355355 0.682878
0.474257 0.550306
0.313896 0.685908
0.404313 0.586286
0.281604 0.731137
0.346056 0.668574
0.368880 0.592748
0.410838 0.684132
0.317448 0.694681
0.415587 0.632645
0.403036 0.722402
0.304462 0.665686
0.370994 0.631998
0.398267 0.793210
0.397548 0.732053
0.395703 0.615263
0.316921 0.775609
0.351535 0.721390
0.413545 0.680555
0.423653 0.607781
0.285052 0.686399
0.311753 0.692374
0.429561 0.812306
0.397221 0.613885
0.410531 0.737430
0.426079 0.611296
0.369509 0.688325
0.336185 0.687464
0.463066 0.691245
0.290580 0.647168
0.414593 0.608935
0.398325 0.784043
0.316060 0.760493
0.379830 0.601706
0.442546 0.778746
0.375116 0.668258
0.325806 0.741823
0.354251 0.693799
0.361140 0.667509
0.460799 0.677821
0.353688 0.712505
0.304081 0.594216
0.362222 0.690352
0.382275 0.664558
0.303526 0.627493
0.304584 0.708972
0.373798 0.635178
0.334033 0.704058
0.366715 0.635549
0.385684 0.697816
0.437083 0.667248
0.388293 0.654764
0.410029 0.719521
0.371205 0.705540
0.368752 0.739935
0.315923 0.532228
0.337770 0.710581
0.358833 0.665810
0.378320 0.688156
0.271518 0.683140
0.428882 0.693962
0.405288 0.709791
0.385516 0.721767
0.375850 0.642653
0.373448 0.697417
0.352402 0.639912
0.334268 0.648766
0.445776 0.702477
0.399582 0.682628
0.333631 0.726409
0.393497 0.730087
0.353212 0.595343
0.293715 0.712774
0.358765 0.727831
0.355293 0.660151
0.398847 0.785657
0.324765 0.621971
0.247192 0.622803
0.344532 0.674624
0.401491 0.721565
0.376952 0.643851
0.444798 0.607747
0.386023 0.618985
0.363945 0.669899
0.442213 0.723947
0.422829 0.692171
0.373720 0.675954
0.404115 0.710528
0.354657 0.624619
0.486108 0.767201
0.360825 0.689904
0.420013 0.658178
0.385716 0.709083
0.339735 0.696535
0.491801 0.672841
0.387751 0.683153
0.311365 0.695473
0.374234 0.794155
0.362222 0.663696
0.407182 0.761404
0.500358 0.681514
0.389788 0.739771
0.370011 0.737160
0.323438 0.742748
0.465596 0.730474
0.390839 0.691843
0.356347 0.666874
0.387498 0.703211
0.384152 0.689187
0.437449 0.706670
0.339910 0.731368
0.324866 0.727113
0.392858 0.704025
0.438592 0.731508
0.318581 0.629208
0.388468 0.656131
0.336999 0.676178
0.253681 0.740029
0.328585 0.672687
0.375053 0.667964
0.346975 0.715004
0.411302 0.635341
0.363627 0.739200
0.330844 0.746534
0.328066 0.652824
0.379054 0.721563
0.346750 0.687046
0.342658 0.716020
0.411096 0.730981
0.295742 0.652873
0.428095 0.576868
0.458686 0.680373
0.252550 0.579370
0.418765 0.629216
0.385828 0.714866
0.294177 0.645493
0.362550 0.705553
0.462548 0.729859
0.371921 0.700209
0.379353 0.614800
0.402735 0.757140
0.350123 0.742713
0.321967 0.674290
0.357504 0.691493
0.398910 0.612580
0.387343 0.768441
0.329108 0.761648
0.411120 0.637413
0.452029 0.696272
0.369778 0.764647
0.378248 0.683145
0.359339 0.770505
0.333047 0.683468
0.362506 0.724248
0.382979 0.737840
0.300736 0.695657
0.355682 0.719401
0.365541 0.797101
0.437942 0.751986
0.372032 0.696215
0.319203 0.812488
0.396429 0.633717
0.482241 0.696731
0.346472 0.647555
0.363821 0.663267
0.438262 0.712655
0.362350 0.746705
0.370443 0.669180
0.451620 0.683516
0.406955 0.705362
0.338354 0.664676
0.333180 0.723172
0.363145 0.684946
0.449021 0.650399
0.344172 0.685853
0.432002 0.700876
0.419100 0.673116
0.292621 0.676972
0.361114 0.700172
0.365614 0.727752
0.360111 0.592140
0.352375 0.723315
