24 12 14
0.607069 0.482116 0.154349 0.359648 0.810083 0.498062 0.862355 0.510289 0.289851 0.581738 0.522168 0.615784
0.621193 0.488439 0.114602 0.271702 0.763867 0.493506 1.021733 0.420856 0.226706 0.509693 0.620799 0.760641
0.546077 0.407353 0.147542 0.295098 0.858482 0.435778 0.860037 0.500887 0.222203 0.495052 0.532641 0.725473
0.627270 0.423399 0.239758 0.320110 0.874016 0.492773 0.909822 0.391916 0.293574 0.530012 0.527945 0.749766
0.170231 0.414575 0.675582 0.418642 0.040359 1.048848 0.850085 0.684219 0.240456 0.662627 0.700409 0.976030
0.168421 0.323191 0.618244 0.468538 0.011320 0.965494 0.824996 0.700326 0.119027 0.699247 0.756732 0.909650
0.176160 0.429829 0.745658 0.412925 0.044622 0.971318 0.906019 0.741950 0.136627 0.620631 0.755083 0.994626
0.156940 0.387430 0.739645 0.373386 0.018326 0.920690 0.910700 0.698003 0.165998 0.716800 0.775940 0.939233
0.199445 0.356706 0.675669 0.418248 -0.065631 0.957478 0.926431 0.706251 0.104539 0.696681 0.696704 0.907292
0.227031 0.359680 0.707739 0.432882 0.021632 0.978346 0.867570 0.716502 0.134388 0.713788 0.731322 0.908463
0.197871 0.411027 0.630209 0.483582 0.023378 0.996786 0.877707 0.693369 0.042487 0.671160 0.788636 0.951564
0.209510 0.334060 0.643114 0.449811 0.018705 0.965664 0.877288 0.619863 0.207798 0.596472 0.758627 0.893702
0.502815 0.676290 0.203529 0.165158 0.088027 0.743172 0.357587 0.877512 0.976311 0.794759 0.055503 0.739815
0.494198 0.769967 0.205606 0.139599 0.085442 0.676422 0.265943 0.815356 0.917882 0.785381 0.107796 0.701188
0.457278 0.667124 0.163354 0.147231 0.000190 0.735582 0.395954 0.768356 0.948425 0.819187 0.122587 0.760636
0.475213 0.613163 0.269776 0.171788 0.058446 0.692104 0.269577 0.745203 1.049160 0.804828 0.047420 0.841382
0.196122 0.365345 0.695352 0.472535 0.082016 1.059563 0.968336 0.702935 0.100040 0.741005 0.782074 0.969394
0.166012 0.323573 0.652252 0.424167 0.041876 0.861667 0.801704 0.757462 0.169197 0.705961 0.822963 0.972033
0.279592 0.335185 0.642756 0.385955 0.066837 0.929579 0.808375 0.724387 0.162740 0.714029 0.749297 0.981348
0.273697 0.385699 0.682828 0.381436 0.077685 1.016624 0.857770 0.662321 0.159083 0.635954 0.865388 0.880497
0.204258 0.414364 0.723300 0.470368 -0.022318 0.861138 0.823066 0.677978 0.194375 0.684075 0.771298 0.887445
0.266697 0.322123 0.665455 0.411780 0.083786 1.062349 0.787977 0.738447 0.027049 0.679277 0.789941 0.900607
0.130675 0.386411 0.601356 0.412136 0.094404 1.038949 0.937187 0.680904 0.111486 0.674151 0.791964 1.023587
0.200289 0.340115 0.702270 0.465151 0.010624 0.937273 0.928438 0.616396 0.095970 0.593393 0.775355 1.047680
