14 12 7
0.109130 0.962552 0.751059 1.050885 -0.015484 0.405948 0.942270 0.986449 0.283929 0.738266 0.127359 0.071627
0.071852 0.887049 0.738670 1.067899 0.023909 0.535455 0.979802 0.941087 0.337733 0.754641 0.107185 0.115805
0.142314 1.017234 0.714597 0.951243 -0.020879 0.419585 0.948764 0.897540 0.281650 0.881853 0.180949 0.066309
0.063026 0.431873 0.507571 0.330956 0.850674 0.192571 0.425217 0.555037 0.822532 0.800796 0.209524 0.664898
0.059104 0.489261 0.503127 0.384786 0.847255 0.271373 0.389587 0.525388 0.811163 0.682708 0.078463 0.601226
0.093164 0.305312 0.463524 0.334698 0.893887 0.235286 0.329773 0.466016 0.793858 0.769255 0.194535 0.688741
0.041816 0.606944 0.486822 0.325627 0.847028 0.231633 0.369375 0.522898 0.854512 0.728349 0.150286 0.650489
0.125902 0.432174 0.472295 0.334646 0.892408 0.256402 0.394391 0.507952 0.843603 0.784172 0.103891 0.669618
0.086739 0.481645 0.477963 0.327447 0.809172 0.175048 0.439851 0.434683 0.851860 0.702690 0.213272 0.660117
0.524602 0.613356 0.428789 0.893921 0.292328 0.467314 0.492848 0.827451 0.976076 0.944669 0.807314 0.492000
0.550945 0.673636 0.483746 0.971666 0.281809 0.523466 0.391969 0.815409 1.128035 0.930246 0.661411 0.533343
0.602673 0.585899 0.488094 0.909287 0.254889 0.546198 0.341396 0.830855 0.912024 0.927157 0.820448 0.526938
0.104423 0.488362 0.459679 0.334730 0.801783 0.216635 0.382524 0.481377 0.771139 0.734039 0.187082 0.693562
0.125564 0.453879 0.428346 0.302765 0.895186 0.260019 0.303376 0.473708 0.812046 0.716505 0.065920 0.718599
