500 12 250
0.690345 0.660733 0.693168 0.485356 0.884672 0.072557 0.998786 0.101503 0.792283 1.000862 0.457299 0.255368
0.575077 0.706421 0.684783 0.460257 0.874519 0.059557 0.961796 0.195366 0.879754 0.927285 0.446199 0.221935
0.662918 0.695078 0.556379 0.534978 0.881074 0.060602 0.912388 0.208651 0.837931 0.977603 0.413148 0.228290
0.615300 0.768123 0.674809 0.464755 0.877693 0.153806 1.017062 0.078962 0.834094 1.013260 0.455595 0.122662
0.614886 0.742783 0.649119 0.545664 0.901170 -0.024092 0.967096 0.140423 0.824728 1.095016 0.423032 0.223295
0.722054 0.698363 0.727841 0.514615 0.876867 0.070623 0.928869 0.225226 0.851690 1.065268 0.452620 0.109423
0.706348 0.720446 0.731842 0.499291 0.935394 0.021163 0.995763 0.063377 0.753850 1.007017 0.467838 0.182416
0.720681 0.721062 0.636285 0.505906 0.880096 0.070645 1.010193 0.152888 0.801657 1.023782 0.315655 0.171163
0.717456 0.700950 0.577476 0.462811 0.903517 -0.030593 0.948222 0.227263 0.825584 0.957558 0.514749 0.193768
0.615245 0.786952 0.711226 0.604304 0.987319 0.036114 0.944272 0.124424 0.802584 1.006315 0.475151 0.226045
0.665084 0.727643 0.659824 0.462710 0.810603 0.014391 0.977357 0.080023 0.804944 0.953184 0.471242 0.231849
0.536046 0.731424 0.705540 0.404623 0.917730 0.022982 0.926085 0.187438 0.909718 0.955829 0.441563 0.218693
0.586632 0.676980 0.768575 0.456195 0.902032 0.037081 0.970598 0.156001 0.811482 1.019453 0.370463 0.280470
0.723205 0.632759 0.719936 0.526618 0.844007 0.133758 0.952271 0.233616 0.903049 0.973897 0.489378 0.185932
0.626042 0.658947 0.662625 0.453002 0.881831 0.085767 0.991191 0.102804 0.878648 1.060795 0.521870 0.141869
0.590828 0.702483 0.664601 0.553270 0.808479 0.048095 1.104987 0.146113 0.870222 0.978637 0.465780 0.124235
0.639387 0.669017 0.675235 0.464744 0.971087 0.112601 0.905029 0.028464 0.898876 0.921543 0.556097 0.225076
0.668630 0.755124 0.700056 0.446971 0.900741 0.083816 1.083491 0.147822 0.763805 0.960164 0.488570 0.175525
0.595403 0.733779 0.685537 0.496071 0.928250 0.123929 1.125093 0.090161 0.916516 1.003177 0.512957 0.166685
0.661092 0.726640 0.738721 0.499854 0.919666 0.084282 0.968166 0.175583 0.913686 0.917835 0.488503 0.143790
0.723808 0.693705 0.723953 0.465138 0.890193 0.084797 0.954370 0.088383 0.899999 0.990553 0.429314 0.206055
0.572525 0.627341 0.692874 0.549930 0.898879 0.104797 1.001515 0.148128 0.926934 0.971159 0.498259 0.225998
0.556255 0.634373 0.710095 0.494710 0.889213 0.160830 0.993856 0.134076 0.822340 0.917516 0.432720 0.242088
0.625468 0.737690 0.740590 0.505644 0.984406 0.158328 1.035704 0.179217 0.846517 0.969546 0.512791 0.270670
0.588050 0.596736 0.748384 0.561521 0.942396 0.070265 1.025408 0.177095 0.770438 0.919656 0.459285 0.130075
0.647964 0.729360 0.640466 0.447090 0.969639 0.123138 1.032066 0.143800 0.961495 1.019509 0.419653 0.138022
0.580033 0.719495 0.726556 0.387625 0.847961 -0.044272 0.952781 0.190160 0.849767 1.071048 0.545860 0.146775
0.576311 0.602349 0.673471 0.535944 0.979338 0.042741 1.035684 0.135500 0.828225 0.997179 0.429704 0.128046
0.645494 0.773237 0.693909 0.546827 0.910424 0.194062 0.968294 0.205603 0.804493 1.007315 0.436338 0.256941
0.734635 0.626542 0.696324 0.466855 0.880876 0.074163 1.066207 0.154161 0.878357 0.962682 0.523768 0.180417
0.529648 0.713935 0.707159 0.468371 0.906819 0.093499 0.943777 0.190940 0.965842 0.921954 0.378503 0.158746
0.602684 0.773407 0.698930 0.521468 0.948816 0.122449 0.971556 0.104860 0.858470 0.988358 0.559656 0.122259
0.634961 0.653672 0.686397 0.522960 0.881164 0.026513 1.046052 0.186468 0.861537 0.982070 0.517311 0.249129
0.699188 0.704416 0.641842 0.529880 0.854628 0.190915 0.968351 0.137244 0.789157 1.004916 0.449914 0.174103
0.677610 0.734181 0.752197 0.450580 0.849936 0.062616 1.049374 0.087816 0.813140 0.943501 0.452724 0.254902
0.611109 0.669593 0.699652 0.526963 0.879074 0.053802 0.986140 0.140444 0.791094 1.054170 0.508372 0.231886
0.638333 0.711619 0.687596 0.400473 0.859207 0.177023 0.966609 0.090773 0.849143 1.116258 0.460971 0.197348
0.716661 0.773178 0.700242 0.474315 0.921013 0.170704 0.997110 0.125034 0.861863 0.938373 0.540506 0.259633
0.726305 0.730607 0.731959 0.611645 0.930750 0.052645 1.012092 0.223684 0.823283 0.921463 0.444450 0.197937
0.678783 0.709163 0.670997 0.458220 0.966159 0.111688 0.985453 0.115174 0.777883 1.006686 0.501645 0.195102
0.579046 0.643815 0.636799 0.462582 0.926509 0.088281 0.983736 0.108295 0.871237 1.026860 0.510895 0.199030
0.574903 0.713869 0.758059 0.465517 0.868702 0.046474 0.977108 0.078295 0.775437 0.978095 0.385473 0.250827
0.729718 0.727711 0.693527 0.470570 0.901180 0.144219 1.083195 0.198607 0.727784 1.028808 0.463068 0.230298
0.646581 0.659673 0.643912 0.405865 1.014346 0.105534 0.968037 0.067606 0.819468 0.986257 0.475730 0.160554
0.641253 0.728732 0.710167 0.423351 0.912330 0.072312 1.004346 0.164036 0.868519 0.917922 0.440608 0.164681
0.622246 0.706102 0.699834 0.504753 0.964631 0.070416 0.956832 0.119109 0.746018 1.045158 0.412266 0.175144
0.646788 0.708357 0.671384 0.529894 0.875660 0.131455 1.031806 0.167066 0.866688 0.914704 0.514598 0.234774
0.677912 0.749453 0.672298 0.487561 0.866182 0.118771 1.001988 0.119620 0.835673 1.032909 0.509412 0.124742
0.672464 0.735948 0.603925 0.447432 0.827521 0.129978 1.043467 0.130825 0.810884 0.903444 0.497332 0.239392
0.651425 0.719737 0.704292 0.524820 0.882097 0.056867 0.953931 0.180320 0.844131 0.931864 0.461358 0.194694
0.670491 0.747030 0.611911 0.491905 0.864719 0.165036 1.040764 0.161178 0.845174 0.954349 0.332787 0.270449
0.632584 0.757546 0.687282 0.473017 0.999217 0.024507 1.028973 0.094510 0.878495 0.916708 0.498607 0.182752
0.612888 0.678433 0.582378 0.465498 0.871276 0.071863 0.942421 0.122563 0.845535 1.025883 0.383795 0.151542
0.703753 0.665866 0.683031 0.520518 0.928340 0.056449 1.038839 0.020899 0.928668 0.977832 0.425287 0.208649
0.598882 0.718777 0.740858 0.425429 0.883037 0.135840 0.954841 0.116254 0.885587 0.965994 0.473311 0.255866
0.686385 0.732332 0.735147 0.489944 0.899242 0.134174 0.920375 0.112971 0.859670 1.014996 0.503273 0.134414
0.633663 0.689866 0.672275 0.427716 0.916112 0.088302 1.029743 0.170275 0.872083 0.876141 0.460852 0.238598
0.660349 0.726675 0.654298 0.453439 0.838208 0.086058 0.963449 0.115968 0.901352 0.990566 0.465845 0.202644
0.658690 0.680450 0.696813 0.442756 0.837131 0.069720 1.020459 0.060901 0.752384 0.958455 0.482671 0.260608
0.782131 0.761822 0.656528 0.466366 0.856471 0.054252 0.887049 -0.014207 0.864648 1.036364 0.455418 0.239896
0.690623 0.706840 0.655764 0.534832 0.846235 0.070698 0.936433 0.137597 0.845854 1.005225 0.458200 0.219385
0.661930 0.722264 0.669472 0.414540 0.907340 0.173788 0.909277 0.218278 0.924432 0.996879 0.492166 0.230549
0.680853 0.704643 0.753856 0.488716 0.873393 0.002942 0.964711 0.068913 0.978599 0.938809 0.529790 0.180509
0.650274 0.744373 0.657704 0.484447 0.847273 0.035740 0.960506 0.132528 0.748234 1.030479 0.500999 0.205746
0.636363 0.755358 0.649397 0.431410 0.822200 0.112245 1.040202 0.117298 0.866450 0.961818 0.472504 0.211344
0.680659 0.765720 0.665552 0.413731 0.842582 0.075154 1.005227 0.158717 0.868173 1.028676 0.444719 0.191132
0.683760 0.682478 0.674872 0.584705 0.882600 0.128475 1.021866 0.071092 0.868652 0.983361 0.430558 0.133242
0.685819 0.747836 0.719911 0.448543 0.908054 0.090109 1.006457 0.188108 0.836838 0.937188 0.461773 0.200460
0.721039 0.741966 0.679529 0.544706 0.805648 0.079395 1.016108 0.123024 0.832945 1.008362 0.504256 0.262171
0.628773 0.636050 0.675143 0.467204 0.857557 0.073843 0.891184 0.030026 0.914186 1.034693 0.436170 0.206320
0.700210 0.745397 0.713283 0.476103 0.840931 0.101051 0.932431 0.127191 0.887787 0.935862 0.523800 0.200195
0.644759 0.657859 0.639573 0.328762 0.936373 0.053034 0.981352 0.050748 0.750713 1.028720 0.490619 0.195883
0.660463 0.728085 0.610197 0.430884 0.979605 0.080647 0.995961 0.134200 0.835486 1.008011 0.473030 0.232337
0.619943 0.792682 0.646997 0.461962 0.947785 0.081376 1.006806 0.140029 0.839991 0.910859 0.431503 0.156831
0.495547 0.783172 0.652904 0.442592 0.937409 0.112610 1.036520 0.148400 0.838950 1.022845 0.410507 0.209217
0.607864 0.736320 0.724039 0.405298 0.968728 0.145008 0.978616 0.132349 0.876441 1.050734 0.400343 0.200073
0.761062 0.701062 0.744590 0.494500 0.848888 0.083374 0.982747 0.205483 0.844377 0.973112 0.399623 0.169676
0.655415 0.736035 0.631665 0.479635 0.777962 0.060524 0.984433 0.138204 0.827524 0.990459 0.519667 0.209588
0.665938 0.851076 0.711836 0.428174 0.829619 0.072306 1.009659 0.113080 0.876797 0.944464 0.453585 0.221136
0.699806 0.726826 0.707332 0.531039 0.938877 0.243339 1.004493 0.252849 0.916779 0.934934 0.455856 0.196876
0.604620 0.713641 0.660367 0.527700 0.769378 0.041941 0.981725 0.098902 0.884540 0.961211 0.395160 0.146733
0.743140 0.704905 0.589174 0.487899 0.879107 0.105301 1.030774 0.069999 0.827806 0.937489 0.343590 0.178627
0.647726 0.752036 0.729567 0.601554 0.907800 0.068589 1.083284 0.145651 0.820843 1.017795 0.499749 0.162050
0.638969 0.725129 0.763268 0.435318 0.937285 0.129570 0.951428 0.186814 0.864859 1.041704 0.551591 0.130816
0.451023 0.232290 0.700396 0.519211 0.194463 0.729247 0.744638 0.132626 0.261913 0.298471 0.923446 0.546720
0.423511 0.188643 0.642888 0.451802 0.193700 0.762766 0.686642 0.158675 0.241290 0.377022 0.928956 0.583673
0.449199 0.277026 0.661781 0.488800 0.183289 0.794780 0.679859 0.194510 0.120702 0.349625 0.995431 0.553939
0.402486 0.152133 0.787940 0.489751 0.146787 0.638624 0.714526 0.188025 0.314717 0.365939 1.049155 0.492677
0.495101 0.294022 0.612177 0.423974 0.141547 0.651529 0.620567 0.222392 0.283915 0.390442 1.043658 0.595227
0.559851 0.291150 0.621126 0.482478 0.070218 0.647987 0.618382 0.219737 0.239751 0.329723 0.962035 0.505219
0.384096 0.240729 0.597138 0.455291 0.192342 0.681705 0.783707 0.214711 0.198175 0.349900 0.967933 0.475386
0.514293 0.267730 0.609535 0.501590 0.250546 0.642322 0.670577 0.151388 0.197228 0.313719 0.955660 0.588487
0.538330 0.214113 0.598751 0.469843 0.081933 0.730981 0.709457 0.077712 0.214685 0.387427 0.943786 0.602136
0.548912 0.282298 0.643954 0.495066 0.173803 0.654203 0.714713 0.115809 0.247841 0.417286 0.983126 0.517253
0.461169 0.179963 0.617863 0.454998 0.211177 0.797726 0.711671 0.094314 0.279370 0.336736 1.005290 0.469291
0.531639 0.267732 0.659022 0.486407 0.168846 0.721300 0.711944 0.147473 0.282409 0.353964 0.895192 0.565136
0.466041 0.309570 0.631324 0.449631 0.227874 0.741273 0.803614 0.164136 0.257352 0.327738 0.884543 0.587060
0.489692 0.358590 0.667523 0.424112 0.205987 0.665990 0.734122 0.252057 0.227137 0.346865 1.009664 0.648520
0.649033 0.324948 0.675776 0.457900 0.164146 0.697996 0.723613 0.187204 0.219893 0.254714 0.960730 0.706291
0.533714 0.331990 0.693695 0.515843 0.117287 0.757097 0.799948 0.116358 0.285815 0.383937 0.981202 0.583153
0.519705 0.281278 0.634649 0.467449 0.119169 0.701298 0.787169 0.099996 0.330900 0.324073 0.908900 0.605511
0.493920 0.260054 0.696100 0.448097 0.176871 0.651912 0.676868 0.083576 0.267748 0.304606 0.912077 0.564637
0.478456 0.260567 0.584368 0.495706 0.158301 0.725116 0.648607 0.181783 0.193394 0.266239 0.997894 0.480941
0.539651 0.314494 0.610478 0.501397 0.161041 0.729105 0.685925 0.154551 0.149354 0.329999 1.001868 0.523723
0.554432 0.262829 0.682767 0.465314 0.115968 0.701817 0.730939 0.196766 0.235059 0.301383 1.018551 0.461665
0.491835 0.248141 0.572453 0.518351 0.143467 0.645058 0.746442 0.142313 0.221446 0.336739 1.002531 0.478479
0.415550 0.269627 0.513057 0.468707 0.240177 0.739077 0.688947 0.280409 0.232358 0.297983 0.955692 0.574206
0.458381 0.258616 0.617260 0.443743 0.187381 0.694150 0.691947 0.250684 0.186627 0.381477 0.961086 0.530352
0.498055 0.226611 0.565224 0.421470 0.185102 0.745286 0.721940 0.126991 0.267061 0.425793 0.998988 0.531589
0.419632 0.233495 0.596432 0.456016 0.165255 0.736297 0.655280 0.235653 0.156185 0.435043 0.932333 0.593468
0.517275 0.327330 0.621424 0.501526 0.145178 0.677711 0.732067 0.114654 0.246429 0.340584 0.965882 0.592385
0.671483 0.351855 0.604604 0.354355 0.234101 0.679693 0.709465 0.236654 0.264868 0.393815 0.936441 0.561152
0.488326 0.223291 0.642531 0.451894 0.242039 0.670306 0.704898 0.124688 0.202247 0.272552 0.932131 0.556692
0.483788 0.216577 0.717860 0.364154 0.175702 0.709933 0.669968 0.151544 0.302781 0.298589 0.978913 0.503403
0.492353 0.235934 0.620108 0.345979 0.210931 0.693779 0.619452 0.135503 0.293852 0.243710 0.963530 0.506502
0.573608 0.217084 0.680200 0.385955 0.168999 0.730124 0.661420 0.244096 0.256213 0.354772 0.994586 0.587318
0.487034 0.263046 0.582938 0.414433 0.169235 0.662477 0.760392 0.246504 0.206620 0.379219 0.897412 0.544178
0.499787 0.267165 0.634374 0.386337 0.235218 0.719079 0.736299 0.266107 0.263125 0.383886 0.919882 0.573053
0.450575 0.231067 0.609885 0.532860 0.110014 0.757836 0.671586 0.223547 0.211289 0.302106 0.910986 0.597543
0.600079 0.202434 0.652325 0.495476 0.105880 0.630003 0.634799 0.162786 0.363568 0.279110 0.968858 0.460429
0.568641 0.226205 0.616386 0.398230 0.134971 0.698682 0.750143 0.171220 0.243823 0.289549 0.956113 0.576468
0.494780 0.178127 0.534842 0.589293 0.155700 0.713217 0.705876 0.230103 0.331280 0.341100 0.876291 0.648767
0.585960 0.308104 0.693731 0.406817 0.070169 0.631143 0.659071 0.209301 0.322467 0.365901 0.909302 0.564413
0.487353 0.133996 0.602089 0.429778 0.288317 0.773105 0.612683 0.224762 0.244776 0.335526 0.924343 0.546611
0.482143 0.302419 0.600311 0.483881 0.157255 0.706430 0.728661 0.147190 0.148922 0.342600 1.036808 0.549198
0.399766 0.334291 0.640557 0.425251 0.181099 0.632872 0.628529 0.135939 0.333106 0.409780 0.969501 0.490252
0.452457 0.268877 0.571828 0.482745 0.172946 0.773396 0.754447 0.217393 0.276714 0.279763 1.004134 0.637707
0.477707 0.258114 0.658245 0.534479 0.208105 0.758658 0.660687 0.174691 0.284830 0.252472 0.969766 0.613081
0.563094 0.249119 0.693410 0.576223 0.049778 0.659678 0.705428 0.168356 0.239225 0.303792 0.934030 0.503546
0.508212 0.311318 0.647425 0.462811 0.118125 0.558579 0.742473 0.219851 0.229043 0.329277 0.955776 0.554878
0.517083 0.231580 0.661306 0.464389 0.225187 0.710170 0.652998 0.215658 0.340656 0.258538 0.882825 0.582639
0.482302 0.264887 0.700757 0.485334 0.157694 0.719522 0.752918 0.201884 0.270280 0.344991 0.901306 0.571460
0.566253 0.307475 0.714783 0.581754 0.151412 0.693753 0.689238 0.152529 0.224264 0.364056 0.996262 0.592763
0.513323 0.294752 0.689850 0.522280 0.176624 0.738140 0.672606 0.274782 0.374910 0.253212 0.969124 0.568868
0.640470 0.245986 0.730310 0.505837 0.182202 0.664675 0.588156 0.185105 0.239445 0.330838 0.948905 0.563223
0.517041 0.277371 0.650992 0.446443 0.153709 0.804118 0.693371 0.185016 0.353845 0.383760 1.009735 0.550487
0.543633 0.235539 0.643048 0.495475 0.168740 0.676896 0.744114 0.232977 0.254224 0.364466 1.013567 0.595569
0.535838 0.335672 0.673430 0.376614 0.212509 0.685569 0.656845 0.168192 0.162540 0.313272 0.968418 0.633322
0.509509 0.344250 0.657260 0.437514 0.177817 0.746293 0.656298 0.243311 0.285406 0.386314 0.897850 0.594643
0.524896 0.343261 0.690559 0.497898 0.187736 0.650787 0.714477 0.163688 0.250078 0.314308 0.929383 0.482575
0.485478 0.351096 0.566724 0.435978 0.188359 0.773909 0.705563 0.143468 0.218466 0.209309 1.037705 0.654113
0.425625 0.266995 0.578673 0.386114 0.284745 0.670453 0.657475 0.117985 0.154542 0.299192 1.035726 0.446525
0.532752 0.248151 0.676925 0.441338 0.110999 0.620210 0.693333 0.164049 0.230746 0.297628 0.985951 0.520992
0.473446 0.182809 0.686160 0.477140 0.193169 0.681184 0.700718 0.145507 0.331325 0.338139 0.906023 0.500732
0.523763 0.279505 0.654101 0.485335 0.177965 0.600903 0.682011 0.203975 0.209508 0.293981 0.916252 0.496567
0.495053 0.258438 0.656989 0.454114 0.206910 0.773714 0.729163 0.228816 0.260429 0.365710 0.985029 0.620481
0.466709 0.237303 0.700898 0.442994 0.220845 0.813820 0.640965 0.243732 0.257577 0.359304 0.977615 0.472921
0.455092 0.259251 0.644796 0.569114 0.127841 0.735272 0.732803 0.263542 0.210606 0.324942 0.914175 0.496518
0.461377 0.306360 0.577072 0.530643 0.228598 0.722969 0.592863 0.202451 0.220632 0.346323 0.935401 0.478493
0.588762 0.197349 0.589117 0.489946 0.174338 0.661031 0.746414 0.221326 0.185148 0.340247 1.037090 0.536514
0.462456 0.207649 0.722401 0.449940 0.168305 0.608061 0.696954 0.138176 0.202928 0.294196 1.006723 0.612169
0.478852 0.214643 0.718588 0.475401 0.173607 0.616054 0.731564 0.142257 0.315049 0.214482 0.981563 0.496013
0.474570 0.203589 0.633060 0.436225 0.221307 0.733999 0.736390 0.123937 0.250392 0.334351 0.995585 0.547764
0.520185 0.285445 0.660694 0.422842 0.183891 0.609579 0.690447 0.151762 0.291749 0.301369 0.931194 0.503288
0.565851 0.352118 0.567780 0.497743 0.144653 0.720088 0.820929 0.242389 0.245488 0.236859 0.915659 0.504194
0.436150 0.337270 0.551285 0.457830 0.112196 0.665631 0.752312 0.212878 0.266796 0.315734 0.919736 0.532599
0.530688 0.183293 0.676205 0.479338 0.141953 0.738857 0.672814 0.276867 0.120153 0.387653 0.939542 0.627858
0.600374 0.208344 0.657926 0.493843 0.205573 0.749431 0.683858 0.222587 0.208010 0.313567 0.958024 0.458531
0.575178 0.240845 0.646524 0.480013 0.069663 0.667386 0.760208 0.138483 0.269144 0.276528 0.872974 0.558069
0.439867 0.221246 0.615196 0.431607 0.163858 0.686759 0.666967 0.251117 0.309459 0.372288 0.908690 0.567899
0.458873 0.334981 0.555988 0.470464 0.173251 0.720342 0.677846 0.156017 0.244344 0.353496 1.007565 0.547845
0.551147 0.284563 0.652440 0.527025 0.137686 0.649827 0.703371 0.093981 0.160561 0.294554 0.876245 0.511596
0.548796 0.266795 0.623606 0.446042 0.138391 0.695867 0.663903 0.192535 0.227636 0.327895 0.969067 0.556698
0.528443 0.390814 0.565072 0.488334 0.121437 0.738839 0.642149 0.247174 0.325662 0.347085 1.039045 0.650905
0.501053 0.176412 0.669404 0.499109 0.176601 0.805697 0.776560 0.241392 0.289006 0.275458 0.986996 0.541329
0.477334 0.276158 0.658214 0.517913 0.271053 0.639944 0.768906 0.234614 0.223417 0.277891 1.001886 0.535810
0.563766 0.162155 0.662387 0.425730 0.133453 0.796642 0.724236 0.194583 0.325959 0.348096 0.945387 0.560990
0.521088 0.280114 0.680588 0.529008 0.213002 0.732084 0.684954 0.191026 0.177328 0.347160 0.990769 0.563026
0.495376 0.269017 0.756388 0.499481 0.125812 0.710264 0.653021 0.133412 0.244346 0.362100 0.960843 0.564219
0.545243 0.255436 0.676160 0.513103 0.236036 0.703544 0.735453 0.147610 0.273933 0.353812 0.963970 0.507900
0.576653 0.234676 0.647722 0.454733 0.139502 0.609376 0.661706 0.230058 0.250367 0.287308 0.939884 0.590794
0.456811 0.254578 0.591726 0.506348 0.135008 0.744723 0.649282 0.163578 0.232456 0.217355 1.000740 0.575880
0.519842 0.270331 0.697307 0.506649 0.256126 0.652984 0.645653 0.216244 0.387383 0.347738 1.007479 0.558238
0.545580 0.218167 0.689018 0.492996 0.181202 0.687204 0.670104 0.084564 0.231195 0.375119 0.930992 0.494679
0.620271 0.276010 0.547333 0.446434 0.084000 0.690953 0.772579 0.266685 0.254272 0.323726 0.961271 0.533934
0.436754 0.234964 0.609267 0.432923 0.225681 0.699506 0.727484 0.250732 0.273845 0.392657 0.955131 0.495718
0.600644 0.270663 0.539515 0.483042 0.132824 0.704399 0.685615 0.232007 0.188077 0.322304 0.972969 0.541007
0.571707 0.230172 0.686752 0.457496 0.180736 0.674336 0.655851 0.151278 0.254198 0.362799 0.963027 0.585882
0.563529 0.233592 0.636259 0.417726 0.296038 0.712365 0.625133 0.205676 0.248204 0.372361 1.008477 0.546823
0.542182 0.319191 0.684188 0.464665 0.158411 0.761408 0.690211 0.211075 0.243780 0.355237 0.810765 0.624317
0.505978 0.208656 0.602872 0.406360 0.161962 0.711855 0.638392 0.230811 0.292317 0.295333 0.982487 0.556372
0.527664 0.193208 0.528467 0.457701 0.170860 0.681663 0.769439 0.206970 0.235794 0.312552 0.968282 0.521952
0.542264 0.290297 0.695540 0.446917 0.178597 0.681074 0.640491 0.220989 0.186834 0.308139 0.975907 0.607344
0.494165 0.349181 0.648132 0.566844 0.165632 0.651498 0.768067 0.267527 0.264177 0.291538 0.924281 0.536373
0.528323 0.221202 0.688512 0.576584 0.085641 0.766896 0.752960 0.247892 0.221560 0.296410 0.987039 0.488764
0.535583 0.303045 0.659470 0.435411 0.156951 0.708090 0.663227 0.154517 0.230433 0.364892 1.092894 0.446701
0.478225 0.109397 0.676441 0.509587 0.190105 0.737792 0.690152 0.157645 0.210093 0.373056 0.957654 0.603130
0.573535 0.298133 0.577744 0.517824 0.095965 0.767237 0.732998 0.253076 0.242554 0.421723 1.024794 0.580207
0.508573 0.239825 0.682995 0.453305 0.137294 0.769392 0.795485 0.274041 0.278394 0.363776 0.945777 0.627767
0.516123 0.153952 0.550135 0.418910 0.202608 0.754065 0.797246 0.213066 0.268429 0.324230 1.022722 0.609918
0.546672 0.293216 0.557625 0.560939 0.200508 0.773955 0.622514 0.172776 0.227266 0.400825 0.976055 0.580273
0.508560 0.267438 0.670774 0.478619 0.170171 0.647177 0.731432 0.220586 0.291827 0.367862 0.976730 0.572236
0.490166 0.280508 0.687815 0.565647 0.265122 0.701071 0.649728 0.220004 0.191578 0.301738 0.989199 0.527881
0.487280 0.309881 0.615016 0.506576 0.139080 0.687212 0.670295 0.180503 0.204913 0.415792 1.034836 0.595496
0.419684 0.303796 0.688750 0.500100 0.167825 0.768096 0.716094 0.252909 0.206866 0.366324 0.932073 0.607404
0.554383 0.249214 0.674944 0.463169 0.231673 0.676682 0.738584 0.187032 0.305465 0.223344 0.958001 0.574532
0.494052 0.186219 0.685929 0.488306 0.092317 0.700635 0.733141 0.135555 0.262906 0.318831 1.048927 0.607934
0.552018 0.226165 0.750220 0.425913 0.091708 0.656115 0.739571 0.243807 0.196057 0.277615 1.111918 0.490948
0.519855 0.261747 0.716537 0.440564 0.217948 0.697843 0.685183 0.193650 0.341853 0.359617 0.903854 0.640276
0.523138 0.177082 0.644988 0.412946 0.140831 0.676761 0.779622 0.187044 0.213864 0.325426 1.006290 0.470877
0.493039 0.255017 0.651329 0.572467 0.113502 0.668702 0.720360 0.152966 0.232191 0.380168 0.952595 0.569831
0.526774 0.276211 0.688283 0.506650 0.102769 0.712615 0.755879 0.197723 0.423685 0.356142 1.019245 0.577693
0.394370 0.298537 0.587591 0.478925 0.072453 0.626136 0.713089 0.161273 0.241737 0.337727 0.937351 0.492349
0.510945 0.270476 0.625726 0.503545 0.138527 0.682497 0.760088 0.230809 0.251885 0.302729 0.898353 0.549602
0.502065 0.249154 0.649451 0.447194 0.156995 0.685353 0.608551 0.232104 0.178167 0.309177 0.911293 0.558414
0.539413 0.221118 0.577049 0.368691 0.180793 0.606371 0.687638 0.168435 0.265956 0.271611 0.968645 0.488633
0.443009 0.297824 0.611688 0.464202 0.257551 0.685151 0.737062 0.248746 0.212848 0.333686 0.950511 0.641543
0.473119 0.226664 0.707863 0.496358 0.161135 0.689574 0.722080 0.202127 0.280128 0.370533 0.956961 0.433867
0.490845 0.264633 0.557259 0.373129 0.169489 0.720553 0.841363 0.218655 0.162510 0.339564 0.982813 0.595617
0.565874 0.277721 0.703293 0.443326 0.187510 0.722885 0.737231 0.170814 0.334409 0.308654 0.953855 0.522409
0.475632 0.282129 0.743030 0.444255 0.231652 0.670343 0.671924 0.200639 0.156667 0.397255 0.959958 0.568356
0.532389 0.295688 0.645533 0.457351 0.266522 0.677856 0.718370 0.230257 0.340387 0.295246 0.989835 0.470212
0.508290 0.298300 0.556831 0.476782 0.184054 0.712339 0.707705 0.158562 0.171536 0.329515 0.892732 0.488862
0.555126 0.318709 0.623622 0.437649 0.139917 0.761866 0.677588 0.248628 0.330315 0.384009 0.944395 0.523134
0.495121 0.168853 0.658891 0.489428 0.128165 0.777032 0.724202 0.234254 0.166091 0.261134 0.965882 0.490529
0.532152 0.313467 0.656399 0.427588 0.147842 0.637450 0.744855 0.144114 0.191829 0.301120 0.962889 0.628236
0.542905 0.213407 0.630575 0.482902 0.138301 0.685093 0.753538 0.103790 0.168062 0.142384 0.892761 0.545868
0.580809 0.245338 0.695271 0.533604 0.178009 0.680688 0.748117 0.147103 0.281374 0.416376 0.942973 0.587069
0.375803 0.318726 0.680788 0.430494 0.110042 0.600495 0.713608 0.238467 0.211599 0.324665 0.852928 0.527737
0.441999 0.215316 0.596671 0.484334 0.137489 0.760451 0.764195 0.234345 0.204266 0.397656 0.924130 0.529351
0.420755 0.180550 0.676005 0.533020 0.135424 0.674621 0.630465 0.226690 0.218557 0.372440 0.996558 0.575791
0.495372 0.346110 0.555148 0.443270 0.115571 0.643564 0.662365 0.119232 0.258707 0.289031 1.019279 0.524150
0.511854 0.291136 0.576808 0.578217 0.110278 0.667551 0.694557 0.229463 0.216243 0.307758 0.989459 0.594023
0.459939 0.306913 0.675426 0.409288 0.158118 0.763693 0.658647 0.272030 0.238723 0.371462 0.928157 0.560599
0.503202 0.312557 0.648331 0.542448 0.093846 0.668496 0.772724 0.173464 0.205576 0.310492 0.890437 0.483213
0.475614 0.226139 0.526768 0.380823 0.166167 0.601509 0.691476 0.217381 0.294441 0.360980 0.977559 0.556093
0.484933 0.264589 0.730308 0.394500 0.162736 0.629291 0.746925 0.205791 0.326927 0.358273 0.902995 0.523569
0.607083 0.240041 0.603091 0.441173 0.125534 0.632070 0.689712 0.209811 0.304311 0.346092 1.026481 0.512526
0.490390 0.297298 0.580052 0.499173 0.203846 0.768680 0.722044 0.204530 0.285954 0.361612 0.953737 0.540751
0.631310 0.195303 0.674856 0.413108 0.196729 0.767714 0.708718 0.167463 0.215646 0.330983 0.942197 0.574235
0.553230 0.223747 0.634104 0.427773 0.206977 0.669116 0.743282 0.176483 0.247924 0.347939 0.905193 0.435252
0.515263 0.270586 0.671794 0.400708 0.144231 0.626120 0.752238 0.162559 0.306431 0.293530 0.964613 0.634156
0.613913 0.281876 0.660194 0.440267 0.188205 0.767542 0.762284 0.164261 0.258110 0.297497 1.014152 0.511715
0.470226 0.201001 0.632227 0.479912 0.149222 0.712511 0.699680 0.129213 0.244084 0.279004 1.015908 0.556258
0.515491 0.221953 0.686131 0.418575 0.156578 0.751379 0.734969 0.180235 0.306635 0.316464 1.009093 0.606158
0.562919 0.251475 0.691056 0.437857 0.098438 0.698403 0.712600 0.315724 0.260258 0.324876 1.051673 0.589395
0.538527 0.198018 0.725420 0.455223 0.218757 0.704678 0.645876 0.233717 0.295739 0.342308 0.968784 0.573861
0.549444 0.254257 0.639194 0.418913 0.148621 0.629667 0.647359 0.112237 0.246532 0.254062 0.965163 0.620557
0.515925 0.294280 0.594310 0.496020 0.176143 0.717161 0.685295 0.205948 0.216955 0.321046 0.769276 0.537225
0.365814 0.274212 0.614041 0.496702 0.183343 0.663350 0.833281 0.137650 0.321542 0.399715 0.885314 0.487504
0.396633 0.230178 0.602748 0.502908 0.122920 0.721824 0.743662 0.204372 0.250679 0.234390 1.014503 0.603401
0.498493 0.180320 0.584160 0.470084 0.184299 0.723069 0.732887 0.256008 0.280543 0.321757 0.962899 0.521398
0.546796 0.226512 0.712085 0.375475 0.167706 0.637064 0.741832 0.160199 0.276356 0.322834 0.972890 0.580601
0.571689 0.287691 0.617614 0.401351 0.292402 0.674636 0.695653 0.227761 0.118879 0.275885 1.052240 0.510472
0.512189 0.248035 0.621463 0.428476 0.157986 0.742882 0.708885 0.191617 0.252601 0.409541 0.985113 0.628920
0.376333 0.162654 0.589335 0.454793 0.092397 0.733932 0.724777 0.177393 0.262832 0.317660 0.880577 0.526965
0.592170 0.276885 0.646813 0.447540 0.084366 0.708986 0.725857 0.191157 0.224137 0.372886 0.891254 0.538363
0.514720 0.267200 0.629064 0.565923 0.184179 0.717232 0.672664 0.157686 0.270364 0.377043 0.906437 0.444919
0.436363 0.182039 0.621583 0.452538 0.172120 0.655296 0.763920 0.176821 0.289852 0.341677 0.960154 0.597432
0.529265 0.226758 0.601640 0.476979 0.071365 0.736548 0.757586 0.224232 0.255305 0.312565 1.013044 0.579708
0.482903 0.235187 0.589103 0.486686 0.227036 0.718376 0.662582 0.194327 0.283812 0.374001 1.006098 0.527606
0.429799 0.211699 0.683671 0.614521 0.162846 0.679779 0.743753 0.180451 0.230624 0.305295 1.022692 0.639094
1.005038 0.674463 0.849911 0.552205 0.960343 0.503034 0.058515 0.570960 0.915451 0.335509 0.714681 0.761665
0.882918 0.708395 0.865642 0.435610 0.957987 0.489022 0.096722 0.572626 0.896203 0.271312 0.804299 0.873873
0.894966 0.694290 0.804130 0.471126 0.967668 0.472344 0.112333 0.563849 0.876545 0.213740 0.749317 0.833095
0.794065 0.686000 0.903751 0.401850 0.992827 0.486575 0.149383 0.599748 0.955951 0.221377 0.824310 0.810490
0.934734 0.728466 0.848944 0.508067 1.066334 0.464511 0.103756 0.619458 0.849893 0.284292 0.755655 0.791928
0.925813 0.683354 0.871698 0.494962 1.005947 0.510069 0.072751 0.543682 0.937938 0.196072 0.856734 0.856096
0.887452 0.724572 0.817241 0.490983 0.964291 0.522291 0.129901 0.629956 1.000265 0.220481 0.777938 0.806854
0.909583 0.648356 0.829319 0.512380 1.025403 0.459842 0.191046 0.572590 0.904571 0.243040 0.823025 0.802209
1.001681 0.737560 0.784341 0.442616 0.975655 0.427719 0.178540 0.582466 0.854094 0.204136 0.731495 0.872474
1.057142 0.707250 0.776949 0.613557 1.010970 0.449210 0.052992 0.559146 1.020845 0.217137 0.843093 0.814416
0.964145 0.749446 0.803393 0.484701 1.014625 0.461608 0.168019 0.645081 0.897727 0.218827 0.835855 0.892566
0.892428 0.678685 0.857817 0.468301 0.939259 0.476217 0.215295 0.572385 0.942566 0.247208 0.788666 0.842787
0.851130 0.817954 0.878552 0.491829 0.973389 0.435170 0.060435 0.579233 0.930101 0.253912 0.793782 0.813880
0.787035 0.699168 0.826785 0.482917 0.921263 0.477762 0.048890 0.671962 0.895730 0.203291 0.877722 0.910188
0.851076 0.687676 0.872611 0.541114 0.963265 0.446656 0.100318 0.526913 0.936491 0.184697 0.762874 0.907473
0.907092 0.682837 0.798596 0.486291 1.011362 0.513934 0.168376 0.630910 0.976150 0.337679 0.864159 0.846216
0.922656 0.652460 0.817389 0.442672 1.015823 0.384690 0.123817 0.559994 0.883713 0.262283 0.822204 0.813549
0.914358 0.721242 0.848800 0.563624 1.003046 0.472893 0.151026 0.613299 0.931584 0.246050 0.742489 0.865674
0.964435 0.690555 0.818692 0.492575 0.963938 0.465301 0.108054 0.594272 0.869624 0.178944 0.792815 0.713123
0.915437 0.699352 0.863665 0.537112 1.024395 0.466902 0.157995 0.488246 0.816469 0.184476 0.807783 0.873433
0.946255 0.754725 0.798628 0.436215 1.018565 0.381369 0.130487 0.634266 0.884511 0.347274 0.907214 0.868932
0.857054 0.713230 0.797220 0.475073 0.972321 0.516535 0.053262 0.608726 0.845933 0.244114 0.855286 0.865673
0.971204 0.644875 0.788530 0.470938 1.004919 0.427568 0.170181 0.636958 0.878688 0.270023 0.747012 0.858109
0.914899 0.782804 0.833240 0.522081 1.048043 0.437786 0.154873 0.543748 0.784936 0.191033 0.757037 0.754032
0.893514 0.791323 0.832602 0.517830 0.835552 0.416872 0.084917 0.608398 0.937744 0.274612 0.794873 0.843950
0.906888 0.703873 0.884006 0.405097 1.048327 0.491476 0.088148 0.623390 0.917599 0.216675 0.823299 0.815802
0.897225 0.670138 0.930508 0.440923 0.949430 0.428572 0.091310 0.547724 0.882443 0.252754 0.830698 0.817504
0.924147 0.808288 0.839429 0.480853 0.963584 0.467306 0.100557 0.622150 0.881391 0.121350 0.859389 0.856328
0.874633 0.664092 0.717080 0.435707 0.993496 0.428754 0.146273 0.659313 0.907827 0.180511 0.835475 0.895322
0.857049 0.752622 0.813437 0.434859 0.954590 0.463071 0.143212 0.610511 0.925122 0.219932 0.816302 0.889422
0.901505 0.685297 0.863178 0.473807 0.983264 0.416041 0.138855 0.589016 0.895011 0.209371 0.783521 0.828245
0.901455 0.764527 0.815143 0.481469 0.978444 0.413517 0.135417 0.621952 0.920519 0.218487 0.759508 0.836189
1.037800 0.636681 0.888551 0.513403 0.956373 0.344761 0.141314 0.611829 0.975669 0.211019 0.859751 0.726262
0.954059 0.679202 0.838636 0.445537 0.992912 0.515127 0.102741 0.590781 0.874667 0.162238 0.793285 0.712686
0.934936 0.725841 0.872003 0.478533 0.873147 0.430251 0.129957 0.552687 0.923671 0.163075 0.753360 0.844808
0.892031 0.756941 0.878058 0.553139 0.975416 0.512348 0.039083 0.591058 0.950374 0.239478 0.810196 0.840343
0.845578 0.726107 0.769074 0.407118 0.976733 0.476334 0.069896 0.545199 0.951382 0.288723 0.742931 0.710037
0.980123 0.762752 0.887860 0.499423 0.881124 0.406809 0.122951 0.646399 0.832749 0.254049 0.814517 0.841473
0.918131 0.673776 0.799073 0.585919 0.972634 0.445552 0.180144 0.561826 0.880790 0.261370 0.755823 0.889358
0.802431 0.624812 0.783926 0.437302 0.947547 0.469483 0.088665 0.607505 0.875757 0.252092 0.781410 0.891694
0.868962 0.673375 0.802206 0.516456 1.002869 0.385787 0.068247 0.538580 0.916634 0.244362 0.899494 0.934084
0.923116 0.692936 0.894907 0.486322 0.960882 0.512725 0.145876 0.593812 0.893908 0.342778 0.872368 0.875337
0.944211 0.742830 0.798045 0.468547 1.038347 0.483187 0.215133 0.607180 0.824180 0.222673 0.781882 0.805068
0.953509 0.686009 0.923841 0.479258 1.078826 0.469610 0.070945 0.552272 0.913268 0.247821 0.860196 0.936471
0.797613 0.655138 0.838664 0.477843 0.990367 0.392853 0.254145 0.533648 0.769304 0.156288 0.863968 0.849344
0.863886 0.682685 0.812186 0.481220 1.009059 0.533823 0.104139 0.535148 0.895213 0.239105 0.746206 0.862314
0.965380 0.711675 0.842640 0.420834 1.095161 0.502022 0.111957 0.527966 0.857710 0.281578 0.762547 0.873884
1.022137 0.722540 0.848045 0.465404 0.999824 0.409327 0.111973 0.593821 0.897707 0.326938 0.792917 0.861548
0.936161 0.771939 0.859430 0.436555 1.056180 0.500836 0.057422 0.621675 0.922699 0.283697 0.883392 0.851857
0.931031 0.631985 0.813342 0.421162 0.968194 0.500806 0.111225 0.728717 0.875653 0.235066 0.813104 0.841547
0.902975 0.719401 0.840063 0.460184 1.062936 0.461478 0.226113 0.524998 0.877912 0.205238 0.702636 0.826078
0.933938 0.690635 0.859048 0.412746 0.978726 0.532557 0.127411 0.667046 0.849268 0.229744 0.791556 0.833167
0.981971 0.674562 0.906991 0.507885 1.039443 0.501452 0.128746 0.593277 0.910483 0.201927 0.844474 0.841593
0.867467 0.747198 0.780089 0.472304 1.025443 0.513737 0.072117 0.628737 0.945652 0.350594 0.812515 0.791772
0.865026 0.695281 0.859152 0.567962 0.972784 0.428638 0.074373 0.512719 0.867277 0.189486 0.768997 0.867384
1.013960 0.742061 0.870545 0.598348 0.977320 0.447520 0.085389 0.618688 0.899399 0.288456 0.763860 0.780922
0.876589 0.729883 0.806219 0.416387 0.988917 0.407115 0.130645 0.644457 0.868145 0.283046 0.830808 0.832219
1.032374 0.714454 0.828566 0.494286 0.902643 0.419622 0.054386 0.556849 0.940664 0.295209 0.788169 0.805755
0.952854 0.721649 0.831842 0.523895 0.920021 0.434180 0.129708 0.591333 0.969976 0.264264 0.806057 0.769479
0.984589 0.749978 0.843381 0.470167 0.964615 0.477586 0.168829 0.558720 0.910640 0.283295 0.796476 0.765954
0.975649 0.754243 0.773325 0.425852 0.964136 0.515299 0.159904 0.637728 0.952007 0.201154 0.804929 0.855513
0.984002 0.713442 0.789557 0.569614 1.018657 0.455156 0.096068 0.484095 0.856507 0.149242 0.853663 0.846283
0.899487 0.685970 0.865737 0.474662 0.965464 0.404488 0.159309 0.590786 0.901070 0.245108 0.805050 0.782190
0.973106 0.693068 0.864227 0.397693 0.977923 0.415768 0.124132 0.579534 0.811678 0.270273 0.695533 0.822539
0.866254 0.731701 0.820675 0.596772 0.974929 0.333771 0.047026 0.549757 0.918052 0.277966 0.743011 0.818797
0.828129 0.797439 0.800596 0.486014 0.966771 0.410843 0.105189 0.677628 0.841736 0.157158 0.720441 0.851998
0.949402 0.754814 0.783055 0.450364 1.091545 0.414629 0.029652 0.651775 0.940819 0.239877 0.906802 0.823387
0.893310 0.655596 0.822951 0.413705 1.005294 0.474901 0.148687 0.661412 0.895511 0.232632 0.799219 0.800272
0.853649 0.767297 0.788217 0.486129 1.027564 0.450134 0.061397 0.529973 0.937844 0.232562 0.838173 0.793314
0.839137 0.667598 0.811135 0.459026 1.059138 0.449269 0.043967 0.590158 0.953853 0.232982 0.863457 0.782916
0.946008 0.682862 0.825728 0.531442 0.972709 0.421122 0.129887 0.646396 0.880777 0.219943 0.786916 0.877555
0.883991 0.720781 0.859139 0.515711 0.976539 0.421593 0.135189 0.579961 0.991003 0.232783 0.764730 0.783512
0.927363 0.751103 0.850390 0.535422 1.052067 0.501010 0.102472 0.593907 0.945005 0.250778 0.741941 0.853913
0.909797 0.638459 0.848882 0.541479 0.975942 0.524601 0.084663 0.601821 0.856969 0.223264 0.807015 0.807394
0.929912 0.860843 0.874705 0.472548 0.961503 0.493288 0.201303 0.602896 0.856709 0.201568 0.817445 0.899357
0.898702 0.753259 0.799437 0.507335 0.942454 0.517044 0.113542 0.616554 0.815913 0.349730 0.843313 0.853551
0.941584 0.713337 0.939130 0.509137 1.013814 0.505092 0.031348 0.526858 0.851124 0.201272 0.818213 0.815814
0.984506 0.696721 0.756531 0.506423 1.048887 0.534362 0.093943 0.585200 0.982972 0.216452 0.762980 0.851143
0.931121 0.651035 0.813098 0.494505 0.940075 0.489929 0.063275 0.638735 0.975280 0.311497 0.871352 0.862833
0.984272 0.792822 0.894222 0.543662 0.971554 0.519454 0.107259 0.567041 0.905796 0.206790 0.745048 0.915388
0.990574 0.648189 0.865647 0.507595 0.965813 0.336605 0.069670 0.530530 0.868116 0.194357 0.818764 0.784541
1.028551 0.612036 0.804700 0.519333 1.022664 0.406898 0.138412 0.575996 0.824550 0.256732 0.771956 0.831870
0.912352 0.711085 0.876101 0.502863 0.959198 0.483838 0.055821 0.637446 0.920452 0.262638 0.833370 0.792964
0.963574 0.632655 0.850593 0.561987 1.015693 0.521091 0.090876 0.559677 0.889493 0.177204 0.774528 0.843126
0.487984 0.226696 0.642904 0.368748 0.161320 0.671093 0.644966 0.021285 0.202588 0.319013 0.972649 0.627610
0.522241 0.227989 0.683050 0.525075 0.221607 0.667292 0.687532 0.055035 0.178218 0.316568 0.917475 0.615953
0.449912 0.225685 0.695721 0.439601 0.157155 0.671473 0.643982 0.164082 0.313129 0.377006 0.919677 0.488736
0.480560 0.266693 0.599463 0.473324 0.150746 0.685763 0.816773 0.154097 0.269826 0.278646 1.032717 0.572822
0.470922 0.266035 0.620977 0.465611 0.192298 0.616319 0.719105 0.141286 0.227693 0.331841 0.904631 0.585016
0.524990 0.265405 0.609813 0.466311 0.204077 0.724168 0.771696 0.215302 0.261061 0.294355 0.922535 0.643883
0.469174 0.267671 0.694825 0.525520 0.165256 0.740277 0.741973 0.136073 0.214374 0.339844 0.836615 0.615541
0.536979 0.256805 0.707339 0.481802 0.072751 0.672564 0.737011 0.242601 0.253980 0.280066 1.063747 0.614489
0.562066 0.226230 0.610106 0.499179 0.166733 0.717130 0.790599 0.205427 0.334324 0.300020 0.997102 0.583166
0.452420 0.215435 0.568230 0.491483 0.087298 0.711956 0.732650 0.161071 0.272634 0.303807 1.080221 0.566999
0.470397 0.215376 0.582429 0.477875 0.088118 0.705393 0.680703 0.260080 0.209527 0.239997 1.056424 0.611930
0.554433 0.269960 0.672497 0.402484 0.085723 0.765286 0.733749 0.222085 0.335771 0.296527 0.922580 0.661473
0.596303 0.281453 0.704195 0.489949 0.122131 0.748949 0.685538 0.139967 0.344252 0.309789 0.940754 0.560161
0.538234 0.313208 0.568430 0.484490 0.163279 0.719099 0.689550 0.261865 0.256131 0.379491 0.942723 0.448671
0.423089 0.195874 0.685263 0.492274 0.210160 0.645824 0.698663 0.240073 0.174483 0.355970 0.946790 0.601125
0.463721 0.209225 0.605070 0.453153 0.159686 0.678791 0.859876 0.222878 0.214906 0.364664 1.017518 0.618448
0.545911 0.345642 0.588376 0.432650 0.245280 0.582892 0.677106 0.206218 0.302222 0.346068 0.950450 0.555204
0.528977 0.236989 0.718815 0.472095 0.199288 0.787537 0.680032 0.218543 0.217794 0.369630 1.014859 0.550841
0.412742 0.301115 0.594287 0.542439 0.160647 0.691305 0.704305 0.224485 0.282802 0.378536 0.934180 0.587502
0.567198 0.262518 0.706922 0.406089 0.165576 0.720848 0.687680 0.207535 0.316265 0.330765 0.908852 0.636124
0.608150 0.275923 0.706944 0.400141 0.181445 0.697758 0.683135 0.185767 0.348454 0.318960 1.003409 0.557473
0.585639 0.269186 0.633574 0.449365 0.078046 0.803850 0.690722 0.198444 0.203804 0.324120 0.933470 0.635478
0.575132 0.217779 0.660050 0.506432 0.136920 0.676108 0.719260 0.325690 0.113949 0.302469 0.957182 0.633810
0.484385 0.140590 0.650272 0.450476 0.193671 0.654668 0.689040 0.218598 0.347484 0.382981 0.940796 0.532160
0.424193 0.262055 0.658812 0.367886 0.175243 0.702320 0.737499 0.198601 0.209020 0.309074 0.996502 0.582661
0.515584 0.284152 0.603340 0.405084 0.100231 0.656267 0.713598 0.148600 0.289582 0.333433 0.985704 0.559849
0.524104 0.363671 0.612941 0.571710 0.175181 0.663199 0.647453 0.250203 0.184049 0.352357 0.996409 0.492872
0.467675 0.275690 0.632111 0.427795 0.201690 0.697347 0.805409 0.240250 0.265419 0.400547 0.989051 0.561946
0.484169 0.331945 0.661284 0.454445 0.229288 0.613310 0.713829 0.199046 0.290688 0.397726 0.919622 0.583484
0.618757 0.340725 0.602309 0.499088 0.126163 0.763062 0.673568 0.313121 0.235412 0.311954 0.993625 0.540563
0.534402 0.162756 0.698608 0.467819 0.104802 0.812623 0.718918 0.143869 0.308121 0.327462 0.924125 0.546734
0.529709 0.218700 0.674775 0.536224 0.185781 0.711481 0.802755 0.227345 0.273135 0.350144 0.976372 0.602594
0.461451 0.373340 0.677786 0.591454 0.160275 0.768014 0.759037 0.300221 0.245037 0.253222 0.924505 0.594230
0.587074 0.320117 0.749210 0.482349 0.195506 0.747549 0.690023 0.216426 0.162543 0.346806 1.033357 0.593609
0.564232 0.253520 0.595571 0.527703 0.056450 0.661237 0.814859 0.250040 0.204864 0.308658 1.045063 0.549864
0.516110 0.210840 0.681868 0.422496 0.085858 0.756443 0.779197 0.077244 0.187065 0.394084 0.960822 0.584336
0.470521 0.189050 0.674446 0.470080 0.155621 0.731670 0.599054 0.237117 0.195371 0.355665 0.878424 0.560697
0.491181 0.227854 0.590985 0.520127 0.128171 0.797232 0.698194 0.171011 0.240685 0.380289 1.010495 0.470739
0.562767 0.233633 0.624282 0.523787 0.223087 0.661197 0.606953 0.143056 0.336075 0.485569 0.925645 0.589945
0.509357 0.295068 0.674412 0.499853 0.200072 0.773403 0.729777 0.168862 0.244379 0.338494 0.910327 0.590342
0.631928 0.270329 0.575586 0.424121 0.164781 0.703146 0.666246 0.135098 0.251521 0.324536 0.902815 0.508357
0.430049 0.248985 0.693255 0.383532 0.108615 0.743450 0.766383 0.192939 0.206982 0.407232 0.964292 0.520387
0.488841 0.229255 0.680806 0.554669 0.260711 0.692760 0.773345 0.227723 0.220583 0.196508 0.893390 0.523616
0.548668 0.287784 0.700485 0.486992 0.129138 0.740400 0.744227 0.105926 0.299989 0.365529 0.982878 0.535674
0.456952 0.303302 0.673825 0.489250 0.157800 0.689570 0.698460 0.222994 0.256437 0.313022 0.943198 0.525569
0.545699 0.317799 0.640066 0.513167 0.223156 0.649817 0.671922 0.250168 0.058900 0.383955 0.995962 0.461575
0.543143 0.313593 0.669536 0.556896 0.181823 0.683458 0.656339 0.154077 0.215343 0.373663 0.902605 0.537489
0.459522 0.174042 0.687880 0.567081 0.154438 0.759511 0.724524 0.168244 0.261619 0.277909 1.027600 0.658897
0.513706 0.114256 0.649412 0.504258 0.134727 0.734914 0.685293 0.286510 0.188308 0.181250 0.984171 0.537211
0.479189 0.321329 0.644990 0.521003 0.171438 0.703341 0.744641 0.217863 0.239255 0.286938 1.015695 0.558109
0.494783 0.157733 0.665108 0.428426 0.177163 0.681985 0.794167 0.240858 0.248177 0.292068 0.891754 0.593339
0.485425 0.244620 0.633073 0.449445 0.271982 0.705803 0.639785 0.233892 0.238950 0.268425 0.925794 0.492234
0.504195 0.297570 0.653602 0.480284 0.118688 0.726303 0.609791 0.185331 0.229571 0.302000 0.975846 0.563409
0.461648 0.293263 0.646111 0.462670 0.157503 0.598629 0.739840 0.235345 0.254857 0.330291 0.977480 0.611651
0.510201 0.321337 0.719159 0.467508 0.141802 0.730860 0.773365 0.209278 0.215589 0.385234 1.053303 0.522874
0.536149 0.273101 0.693452 0.430450 0.180315 0.700867 0.736607 0.208612 0.260749 0.376976 1.008668 0.564394
0.535107 0.181670 0.647070 0.538731 0.087988 0.724756 0.720440 0.223004 0.269061 0.298158 0.946598 0.567802
0.478272 0.240266 0.652475 0.469279 0.190299 0.695151 0.782928 0.229703 0.225851 0.274781 0.948827 0.623016
0.532461 0.213104 0.708600 0.471562 0.186157 0.668681 0.702284 0.145898 0.296018 0.336296 0.954735 0.463765
0.557495 0.266841 0.674174 0.433050 0.266769 0.716066 0.771134 0.168828 0.230100 0.301002 0.996870 0.469775
0.482786 0.249198 0.732136 0.531704 0.128772 0.712919 0.672641 0.210413 0.244749 0.353444 0.920282 0.485839
0.544150 0.337015 0.575371 0.422467 0.184855 0.708253 0.708011 0.163829 0.193595 0.297491 0.910369 0.562676
0.499363 0.305058 0.647053 0.515870 0.168818 0.720322 0.738075 0.111815 0.281817 0.283650 1.046029 0.578692
0.426309 0.220037 0.586398 0.403963 0.158337 0.616764 0.672167 0.139791 0.275907 0.300437 0.919454 0.557564
0.564941 0.222060 0.673585 0.411074 0.153340 0.676562 0.753907 0.176153 0.157104 0.232999 0.939907 0.540477
0.588827 0.265010 0.639449 0.435375 0.151801 0.730392 0.613643 0.122972 0.280976 0.351036 0.930639 0.574044
0.446304 0.219172 0.599939 0.469050 0.169201 0.682602 0.735607 0.208393 0.289181 0.406037 0.878464 0.614809
0.502389 0.312900 0.644821 0.464224 0.221114 0.693655 0.704204 0.268148 0.296116 0.352774 0.999238 0.604275
0.480485 0.246200 0.724120 0.487815 0.215209 0.675651 0.693306 0.150908 0.263584 0.354523 0.972788 0.440879
0.548929 0.196867 0.697080 0.587356 0.256364 0.705771 0.672852 0.210600 0.254593 0.252063 0.865636 0.601182
0.484600 0.280397 0.603342 0.392327 0.122825 0.648504 0.657828 0.205283 0.256132 0.364707 0.908345 0.548809
0.543925 0.292430 0.637293 0.467461 0.249384 0.683094 0.694193 0.305479 0.287679 0.334389 0.951394 0.575224
0.566401 0.200346 0.576297 0.369400 0.172492 0.775219 0.764546 0.214331 0.269512 0.358067 0.981576 0.570894
0.449310 0.302527 0.637904 0.483077 0.165321 0.790766 0.670675 0.170541 0.170789 0.404961 0.923426 0.573904
0.494452 0.336492 0.675253 0.416065 0.176552 0.813473 0.700787 0.193979 0.262334 0.336430 1.003421 0.571744
0.533708 0.262249 0.659569 0.386194 0.148589 0.724241 0.714839 0.172411 0.268875 0.343264 0.940707 0.566323
0.556452 0.218281 0.625287 0.477021 0.067244 0.705245 0.759355 0.305630 0.309075 0.327678 0.978992 0.599790
0.596274 0.238486 0.677262 0.485820 0.103101 0.675866 0.747029 0.239978 0.202728 0.320026 1.018621 0.552499
0.517279 0.246082 0.685244 0.411097 0.178515 0.669799 0.603598 0.225916 0.175622 0.390100 0.929170 0.545914
0.521046 0.284123 0.675237 0.431031 0.139153 0.683536 0.761635 0.118458 0.224145 0.301582 0.958959 0.499312
0.474666 0.215713 0.634112 0.452638 0.175580 0.644559 0.760187 0.161248 0.239773 0.267500 1.003218 0.560761
0.515098 0.295187 0.602032 0.467588 0.124016 0.716153 0.711283 0.160197 0.222601 0.309892 0.969554 0.608461
0.591210 0.183110 0.621944 0.423367 0.112282 0.812468 0.679201 0.206991 0.334394 0.343196 0.951867 0.651886
0.492507 0.260938 0.638917 0.422654 0.245963 0.690603 0.799512 0.235035 0.204313 0.372831 0.944017 0.611697
0.428226 0.288227 0.694593 0.472082 0.137556 0.692135 0.653846 0.152545 0.301077 0.317555 0.972726 0.603525
0.511875 0.198158 0.684615 0.380922 0.196859 0.702888 0.735661 0.164073 0.278330 0.259950 0.869252 0.548563
0.554160 0.251018 0.634082 0.443022 0.203323 0.694661 0.721028 0.138882 0.268046 0.351906 0.916239 0.550292
0.474486 0.288081 0.671552 0.463616 0.143940 0.735528 0.661818 0.145695 0.303010 0.328899 1.064659 0.615604
0.565762 0.247155 0.683446 0.398076 0.171891 0.694002 0.715479 0.239581 0.283339 0.328595 0.962788 0.620156
0.541767 0.214848 0.637749 0.572243 0.221272 0.644590 0.622525 0.215322 0.298740 0.284399 0.915993 0.645416
0.509182 0.272778 0.636638 0.391423 0.209981 0.650019 0.661643 0.171127 0.262344 0.329535 0.956017 0.486800
0.490967 0.213332 0.593263 0.532124 0.212455 0.719674 0.706431 0.121441 0.221727 0.385075 0.894522 0.607697
0.449569 0.323699 0.657223 0.477442 0.158117 0.709067 0.612955 0.254920 0.170083 0.316545 0.900473 0.631558
0.458955 0.173916 0.565602 0.519515 0.146058 0.749182 0.690549 0.214941 0.281713 0.253407 0.894665 0.551167
0.523147 0.281322 0.626967 0.439609 0.137129 0.750777 0.746348 0.183489 0.247350 0.290422 0.951141 0.545869
0.464143 0.310872 0.682693 0.381468 0.106425 0.658858 0.614249 0.144685 0.269709 0.245546 0.935906 0.480317
0.486058 0.294854 0.612696 0.463985 0.183190 0.637337 0.746858 0.212601 0.296993 0.389173 1.022198 0.557770
0.505141 0.191152 0.695565 0.482414 0.123314 0.691904 0.735076 0.174648 0.310402 0.299279 0.957522 0.497753
0.465285 0.325818 0.674079 0.508011 0.138807 0.732189 0.710636 0.196604 0.230481 0.251071 0.927227 0.503617
0.447261 0.237917 0.662241 0.510177 0.170046 0.744227 0.678623 0.165586 0.256487 0.334936 0.932706 0.540492
0.547587 0.298186 0.665143 0.468928 0.192930 0.705539 0.730740 0.205297 0.173065 0.316893 1.055605 0.514021
0.494250 0.262592 0.596990 0.502963 0.170777 0.733101 0.667769 0.175736 0.258216 0.275475 0.979845 0.522665
0.489626 0.245132 0.623223 0.499974 0.203011 0.727337 0.702351 0.198879 0.244204 0.331818 0.861677 0.514914
0.482609 0.223530 0.525199 0.493102 0.184422 0.741296 0.717408 0.186352 0.301213 0.268657 0.934117 0.542664
0.450267 0.336367 0.516898 0.494039 0.237502 0.657859 0.726059 0.156425 0.274731 0.293904 0.959738 0.561164
0.517271 0.178867 0.614129 0.550325 0.066905 0.708328 0.579132 0.182141 0.136971 0.344342 0.942336 0.522164
0.613888 0.308747 0.638686 0.466668 0.264858 0.722238 0.599929 0.169207 0.215835 0.253466 0.954828 0.547816
0.514249 0.212914 0.558018 0.503001 0.147937 0.664381 0.689725 0.151838 0.303906 0.324348 0.944466 0.536932
0.516242 0.171365 0.642706 0.455616 0.196904 0.641695 0.758661 0.224517 0.307781 0.280667 0.985843 0.595123
0.378956 0.161663 0.633426 0.457345 0.196843 0.670494 0.721291 0.231300 0.212532 0.395941 1.016470 0.592513
0.570149 0.337880 0.583247 0.461011 0.154519 0.754222 0.741627 0.235757 0.242071 0.319595 1.067403 0.479695
0.471203 0.305309 0.538274 0.480233 0.240031 0.588710 0.622583 0.187187 0.177461 0.279341 0.955253 0.528903
0.620943 0.251587 0.737144 0.546736 0.208877 0.760046 0.620906 0.203642 0.265905 0.265898 0.935724 0.724249
0.538838 0.271918 0.634297 0.486383 0.213229 0.701893 0.797362 0.242978 0.265996 0.343996 0.868979 0.592019
0.493407 0.225608 0.622176 0.513814 0.169565 0.723632 0.693512 0.175263 0.249296 0.277944 0.975892 0.687978
0.485037 0.214558 0.627556 0.485446 0.252495 0.633974 0.742873 0.203930 0.225979 0.336878 0.915108 0.541225
0.513648 0.364502 0.691286 0.602287 0.126842 0.706804 0.685092 0.234115 0.230326 0.281882 0.981335 0.431311
0.564011 0.289670 0.708246 0.551800 0.122658 0.708726 0.782415 0.201901 0.248902 0.339259 0.983766 0.521732
0.519141 0.239647 0.668830 0.569282 0.193801 0.624296 0.714253 0.190187 0.240266 0.274823 0.981870 0.551061
0.504169 0.236025 0.624714 0.442222 0.113924 0.672072 0.677345 0.160859 0.281577 0.327168 0.946800 0.626609
0.569657 0.163471 0.650521 0.470640 0.132618 0.699119 0.733704 0.160929 0.218444 0.296049 0.997168 0.488393
0.493367 0.230387 0.563561 0.492500 0.262517 0.728128 0.705810 0.026055 0.249904 0.312720 0.998064 0.548225
0.482851 0.214851 0.693930 0.502150 0.107753 0.594541 0.729871 0.199741 0.239346 0.335781 0.940598 0.473257
0.435634 0.237063 0.646700 0.422794 0.194772 0.774267 0.772995 0.071726 0.281716 0.432868 0.980004 0.600408
0.471538 0.209737 0.643729 0.414647 0.192257 0.693653 0.680450 0.151268 0.243342 0.407029 0.935422 0.647872
0.480013 0.252933 0.677337 0.370182 0.261878 0.616921 0.761603 0.194511 0.303384 0.399179 0.986929 0.543686
0.510237 0.242677 0.640782 0.467345 0.097417 0.681607 0.725865 0.216978 0.161032 0.372320 0.985792 0.498728
0.529747 0.199740 0.608127 0.444727 0.232279 0.571973 0.703339 0.224292 0.285892 0.336148 0.884270 0.586659
0.535272 0.226055 0.640578 0.414887 0.223248 0.695232 0.623088 0.133014 0.269316 0.334061 0.862966 0.588603
0.578753 0.366217 0.556068 0.418882 0.137342 0.720055 0.619274 0.214440 0.263199 0.302840 0.960217 0.515835
0.522290 0.274433 0.588121 0.475903 0.210495 0.735108 0.605027 0.208452 0.226699 0.328237 0.919893 0.557296
0.499332 0.272054 0.587547 0.447266 0.144310 0.715510 0.771893 0.166082 0.198290 0.441811 0.946447 0.626783
0.509534 0.272428 0.644577 0.457369 0.188687 0.580599 0.696676 0.207408 0.301093 0.371425 0.948189 0.535775
0.463954 0.315093 0.695419 0.493520 0.119805 0.675554 0.781457 0.219228 0.342256 0.383818 0.964046 0.620870
0.582331 0.283422 0.646179 0.476688 0.186448 0.755229 0.651173 0.120834 0.264506 0.360104 1.027467 0.588101
0.434946 0.243202 0.584310 0.501644 0.156786 0.635398 0.632113 0.267829 0.254184 0.446002 1.005643 0.568624
0.525438 0.199715 0.571211 0.424059 0.157106 0.732291 0.683817 0.185624 0.215829 0.282517 0.997536 0.567194
0.548126 0.385565 0.658631 0.474822 0.182966 0.726249 0.772922 0.181649 0.162099 0.327702 0.929427 0.519192
0.519760 0.215065 0.672099 0.515332 0.107923 0.720491 0.676830 0.254351 0.230167 0.341773 0.997078 0.589535
0.459241 0.280931 0.645966 0.452265 0.185962 0.758923 0.706439 0.230825 0.233506 0.303492 1.007384 0.554861
0.515212 0.270940 0.661998 0.429445 0.156337 0.784528 0.735537 0.200193 0.178613 0.326340 0.965762 0.635004
0.556458 0.232281 0.668148 0.408068 0.154062 0.625211 0.669837 0.189190 0.357322 0.303879 0.983485 0.531970
0.426199 0.264176 0.634238 0.537604 0.209173 0.673359 0.690977 0.119882 0.260957 0.302889 0.988812 0.601789
0.531504 0.345984 0.673428 0.416395 0.233692 0.720165 0.629036 0.168303 0.200412 0.357581 0.943301 0.561183
0.443208 0.228086 0.532927 0.562275 0.130959 0.835234 0.771608 0.254493 0.241830 0.362277 0.904744 0.561379
0.486015 0.258075 0.619533 0.475293 0.143850 0.658829 0.810389 0.138766 0.342833 0.269613 0.933517 0.615227
0.533458 0.294270 0.593509 0.469159 0.221396 0.636442 0.705005 0.310426 0.304806 0.369837 0.921931 0.578012
0.534551 0.311802 0.515226 0.475786 0.162888 0.763693 0.679220 0.158770 0.279020 0.400486 0.951088 0.557518
0.455167 0.296683 0.669100 0.451756 0.196295 0.738602 0.726003 0.162685 0.386329 0.387963 0.958514 0.536685
0.527826 0.271375 0.630600 0.496556 0.123971 0.726338 0.651341 0.268375 0.231331 0.248202 1.001112 0.480133
0.517764 0.287120 0.674965 0.527806 0.180377 0.779326 0.683491 0.136603 0.296208 0.379336 0.981234 0.608831
0.597610 0.219946 0.617550 0.466101 0.130286 0.688154 0.652013 0.074452 0.259047 0.360701 0.953546 0.562182
0.479394 0.230189 0.658760 0.461365 0.168264 0.796700 0.832906 0.151381 0.240114 0.354532 0.992982 0.524449
0.465875 0.309111 0.671651 0.392900 0.180461 0.719160 0.641260 0.190809 0.325198 0.376147 0.970014 0.498653
0.499631 0.194998 0.685116 0.474039 0.197776 0.709705 0.665875 0.136345 0.240858 0.323500 0.978624 0.428330
0.532071 0.125165 0.650892 0.491992 0.218145 0.632823 0.728139 0.202642 0.252164 0.322568 1.002522 0.538792
0.558073 0.238872 0.651678 0.508466 0.118861 0.693650 0.594454 0.165315 0.258227 0.351790 0.905098 0.591158
0.418484 0.121295 0.652564 0.494745 0.242701 0.622768 0.727321 0.177735 0.280606 0.355148 1.041921 0.557157
0.491388 0.208688 0.654086 0.510005 0.139167 0.710948 0.603387 0.188592 0.363106 0.368211 0.958603 0.422227
0.488942 0.303672 0.622947 0.478454 0.087713 0.667971 0.743182 0.183434 0.185440 0.386545 0.959593 0.534881
0.494778 0.250033 0.663568 0.421959 0.147694 0.745842 0.699114 0.114328 0.276808 0.345154 0.877746 0.515809
0.584021 0.226384 0.521413 0.468499 0.069149 0.730142 0.740202 0.230186 0.181019 0.292989 1.018862 0.556480
0.460438 0.294851 0.739806 0.500350 0.197865 0.761989 0.728690 0.134016 0.308567 0.325188 1.028750 0.495319
0.498818 0.270768 0.623408 0.468303 0.128398 0.618018 0.631704 0.144575 0.200435 0.328894 0.979143 0.554887
