800 12 400
0.921379 0.456140 0.787769 0.212789 -0.028575 0.190353 0.048505 0.245908 0.272907 0.178657 -0.088429 0.090978
0.954132 0.581282 0.841512 0.242775 -0.004420 0.180832 0.086237 0.313331 0.373589 0.134528 0.039423 0.110295
1.021511 0.614857 0.839420 0.328841 0.018376 0.138093 -0.004489 0.264811 0.307474 0.135368 0.031475 0.038880
0.944560 0.618603 0.886574 0.214477 0.111353 0.185254 0.078002 0.277812 0.340259 0.193651 0.023273 0.067853
0.918159 0.513409 0.936538 0.261945 0.036256 0.177117 0.169010 0.239966 0.390133 0.170554 0.033363 0.043267
0.893430 0.522845 0.968740 0.317019 -0.001007 0.230794 0.099573 0.282950 0.304447 0.214780 0.020345 0.087957
0.957532 0.603085 0.944364 0.278686 0.011126 0.166455 0.114857 0.229867 0.279382 0.172261 0.009515 0.145407
0.756101 0.576789 0.891675 0.145481 0.088460 0.216976 0.143095 0.263047 0.283837 0.173652 -0.023128 0.041151
0.909010 0.599969 0.815615 0.197360 0.051610 0.106972 -0.007335 0.278482 0.318539 0.239159 0.021205 0.123667
0.858156 0.601008 0.859210 0.278118 0.000126 0.111254 0.177162 0.277059 0.367240 0.158232 0.028757 -0.044454
0.910406 0.552073 0.934897 0.233438 0.091162 0.196498 0.141895 0.196864 0.271585 0.077954 0.050339 0.064020
0.894171 0.538139 0.854761 0.150428 0.016031 0.113555 0.117349 0.293426 0.287714 0.235306 0.109973 0.100319
0.873121 0.506611 0.836572 0.206340 -0.023893 0.233690 0.103121 0.161871 0.219485 0.131307 0.044740 0.057045
0.870489 0.531178 0.875233 0.306516 0.048379 0.165422 0.174187 0.232210 0.341539 0.231415 0.147776 0.111338
0.864102 0.627555 0.892153 0.231326 0.067827 0.192161 0.056290 0.297380 0.377927 0.238971 0.121762 0.071809
0.836372 0.539416 0.918230 0.283980 -0.031784 0.121499 0.034251 0.219126 0.324266 0.176254 -0.033951 -0.026403
0.935683 0.609967 0.943328 0.220635 -0.003572 0.251040 0.111174 0.254058 0.351380 0.084002 0.076097 0.060750
0.859808 0.591518 0.901943 0.267885 0.011456 0.233380 0.125032 0.234529 0.365136 0.266877 0.141449 -0.019979
0.821171 0.632470 1.005544 0.220807 -0.111758 0.180926 0.103979 0.266908 0.315836 0.159579 0.035664 -0.007958
0.950377 0.554377 0.839332 0.281674 0.051331 0.241405 0.102225 0.160529 0.315846 0.220776 0.063327 0.060456
0.919038 0.539899 0.862414 0.206388 -0.003051 0.209797 0.053112 0.298863 0.276611 0.152978 -0.017707 0.091170
0.999304 0.552964 0.988194 0.225760 -0.060778 0.214121 0.147765 0.219789 0.347052 0.154857 0.013622 0.128316
0.966420 0.619842 0.836524 0.222456 0.037155 0.120874 0.157745 0.096933 0.299440 0.214871 0.020830 0.055945
0.900538 0.557035 0.817032 0.270758 -0.014149 0.193614 0.101471 0.240450 0.295695 0.168408 0.084195 0.096316
0.913346 0.537538 0.921653 0.288387 0.044713 0.184911 0.026093 0.269350 0.384005 0.134240 0.046927 0.078160
1.014935 0.578727 0.929215 0.173272 -0.110557 0.181333 0.156487 0.285439 0.201501 0.174977 0.059907 0.074533
0.885402 0.624151 0.951014 0.230174 0.091950 0.102940 0.081162 0.237875 0.344850 0.154850 0.018857 0.103365
0.957740 0.516860 0.890374 0.246218 -0.008584 0.152522 0.173742 0.174457 0.262296 0.242639 -0.008231 0.056842
0.902194 0.534220 0.879686 0.302444 -0.023532 0.169705 0.124739 0.223626 0.387798 0.111333 0.121796 -0.007236
0.839982 0.559403 0.898462 0.317663 -0.031236 0.211762 0.061978 0.188409 0.231686 0.151668 -0.010279 0.116719
0.931875 0.671610 0.876122 0.255151 0.010866 0.194364 0.135695 0.208400 0.323306 0.159785 0.058182 0.056152
0.853490 0.607319 0.875103 0.234411 0.015434 0.217777 0.131001 0.314443 0.301235 0.099469 0.068482 0.108698
0.952941 0.520405 0.964294 0.206723 -0.070225 0.178220 0.129166 0.273635 0.371222 0.233437 -0.003033 0.107713
0.929786 0.628137 0.862040 0.331383 -0.049203 0.118828 0.028710 0.173054 0.297267 0.068836 0.076043 0.053820
0.989646 0.497175 0.867463 0.202141 0.113223 0.104042 0.146292 0.232968 0.338974 0.208635 0.050892 0.037603
0.898252 0.514757 0.925755 0.169658 -0.035784 0.231960 0.103469 0.267681 0.285517 0.172970 -0.019572 -0.025673
0.895074 0.628987 0.858172 0.234744 -0.039717 0.195027 0.098271 0.294243 0.331877 0.148733 -0.041043 -0.054448
0.907983 0.579147 0.962903 0.186500 0.055155 0.187550 0.128661 0.240011 0.411557 0.191499 0.111689 0.050832
0.973983 0.582316 0.910949 0.279525 0.011912 0.167797 0.234391 0.282282 0.303104 0.187572 0.156563 0.019734
1.017607 0.489946 0.926115 0.256779 0.053216 0.122230 0.045677 0.162100 0.340130 0.124897 0.102383 0.063415
0.891853 0.594647 0.847789 0.249829 -0.033988 0.163422 0.002123 0.276285 0.301590 0.099118 0.016270 0.181973
0.848771 0.687917 0.879171 0.210188 0.068623 0.097445 0.172768 0.271879 0.408696 0.130112 0.119865 0.020841
0.998787 0.577371 0.905443 0.235407 0.082195 0.172048 0.027431 0.220326 0.383377 0.075434 -0.026428 0.103382
0.881870 0.537878 0.978821 0.128565 0.001670 0.209460 0.050924 0.233101 0.364818 0.089776 0.120916 0.139077
0.871142 0.690916 0.850280 0.189881 -0.010948 0.135671 0.139791 0.274539 0.302591 0.264896 0.133863 0.047965
0.884882 0.552084 0.890550 0.163000 -0.007382 0.190222 0.095363 0.177537 0.314088 0.088771 0.016212 0.075972
0.860788 0.551681 0.947860 0.330647 0.053634 0.113746 0.089595 0.311821 0.317588 0.107083 0.101605 0.076598
0.862794 0.555530 0.850452 0.307693 0.041875 0.263743 0.173672 0.160335 0.313770 0.159478 0.100785 0.020869
0.963532 0.544265 0.769838 0.240852 0.016369 0.129920 0.085829 0.250828 0.320482 0.099615 0.019239 0.045641
0.975351 0.634490 0.886375 0.228480 0.013999 0.202153 0.155055 0.235537 0.321571 0.081595 0.022468 0.067223
0.951771 0.553438 0.834251 0.222632 -0.035568 0.192852 0.120471 0.313973 0.245389 0.141706 0.004763 0.032415
0.852902 0.609600 1.000534 0.252164 0.079253 0.089866 0.113659 0.130689 0.413757 0.162638 0.100069 -0.022315
0.889409 0.594085 0.838462 0.319880 0.130023 0.169674 0.181936 0.196188 0.238789 0.249043 0.014920 0.070541
0.914334 0.555173 0.904132 0.282330 -0.006778 0.170924 0.127948 0.211322 0.408998 0.175355 0.061071 0.027227
0.870204 0.597624 0.939009 0.305035 -0.000201 0.212983 0.015969 0.245995 0.268958 0.136854 0.080384 0.027900
0.988671 0.562950 0.879276 0.304637 0.003599 0.163639 0.119752 0.225079 0.382886 0.202781 0.053715 0.088416
0.869180 0.602979 0.972062 0.328566 0.113465 0.231767 0.062591 0.233892 0.431668 0.099032 0.069519 0.081735
0.861884 0.601373 0.939602 0.226771 0.011202 0.123913 0.114468 0.113129 0.248023 0.123775 0.111460 -0.022267
0.980798 0.562429 0.896086 0.253956 0.045603 0.098789 0.115866 0.275694 0.226189 0.232603 0.031996 0.038948
0.982877 0.617677 0.862456 0.181133 0.037350 0.217345 0.109284 0.240592 0.281146 0.170870 0.105575 0.051525
1.005424 0.575678 0.848025 0.216420 0.066191 0.259926 0.087652 0.253746 0.287569 0.175149 0.099034 0.031671
0.939560 0.592675 0.887462 0.251346 0.027322 0.177260 0.037722 0.269473 0.334731 0.127120 0.049834 0.106593
0.921627 0.503543 0.908188 0.267099 0.057340 0.237793 0.063712 0.238509 0.293546 0.274768 0.074401 0.061077
0.963647 0.475473 0.774301 0.324342 0.086480 0.183946 0.145827 0.267296 0.267252 0.167134 0.093987 0.055887
0.903520 0.607833 0.864373 0.272384 0.122868 0.286449 0.069746 0.274297 0.258825 0.104533 0.088567 0.024088
0.941002 0.581453 0.881097 0.357078 0.078404 0.232381 0.140624 0.242301 0.292268 0.114379 0.011178 0.023232
0.970005 0.543052 0.895970 0.199756 0.020993 0.256870 0.110009 0.194106 0.289587 0.106724 0.069013 -0.043989
0.894829 0.618313 0.840338 0.233336 -0.012479 0.202996 0.110501 0.236482 0.317254 0.219139 -0.018153 0.000273
0.850402 0.563535 0.845032 0.193216 0.095583 0.166115 0.163833 0.290829 0.218079 0.151605 0.003956 0.002925
0.967506 0.666647 0.869349 0.105876 0.049713 0.196126 0.158232 0.207446 0.297982 0.035043 -0.016540 0.051212
0.970779 0.566314 0.839153 0.284856 0.091008 0.160055 0.129618 0.180292 0.301748 0.242424 0.131174 0.048401
0.958736 0.546088 0.906046 0.300455 -0.048281 0.195441 0.153485 0.230481 0.354144 0.156674 0.017709 0.089022
0.950321 0.548504 1.011678 0.240685 0.055242 0.188700 0.086994 0.292052 0.254423 0.110630 0.035383 -0.008608
0.829100 0.621593 0.835310 0.294941 0.029509 0.094007 0.187411 0.223134 0.421079 0.134652 0.060867 0.018318
0.906590 0.612511 0.854776 0.361816 -0.061814 0.224259 0.104673 0.196961 0.273254 0.189079 -0.018020 0.025488
0.950715 0.596023 0.984519 0.235334 0.069888 0.173957 0.109091 0.170350 0.282280 0.179752 0.049558 0.029565
0.894690 0.657871 0.847522 0.200696 0.084487 0.199018 0.141799 0.272088 0.373584 0.214123 -0.029089 0.156986
0.881774 0.617697 0.852397 0.174399 -0.061229 0.106320 0.041959 0.275730 0.262469 0.147518 -0.000028 0.064067
0.938945 0.601070 0.934422 0.255841 0.045384 0.162738 0.174439 0.198143 0.328612 0.083077 0.001869 0.130666
0.943805 0.624902 0.886143 0.266103 -0.029483 0.161412 0.149965 0.207422 0.321720 0.185150 0.045650 0.026954
0.905347 0.540235 0.979348 0.199454 0.059699 0.156635 0.172974 0.196709 0.352414 0.108120 0.052904 0.018579
0.839880 0.568063 0.924017 0.274029 0.013398 0.170624 0.084477 0.293155 0.302202 0.109570 -0.005657 -0.007697
0.910857 0.459491 0.877397 0.256648 0.006640 0.202755 0.048103 0.243631 0.321609 0.205811 0.018083 0.153359
0.973514 0.560013 0.910405 0.227081 -0.071265 0.190475 0.190716 0.175786 0.297390 0.096646 -0.002284 0.075153
0.824762 0.628286 0.837460 0.232548 0.064646 0.105160 0.070724 0.268980 0.419313 0.143287 0.115332 0.050933
0.951395 0.586582 0.930430 0.198848 -0.032031 0.208488 0.078634 0.244373 0.292241 0.120904 0.001863 0.110096
0.914261 0.564780 0.874636 0.236174 0.077207 0.209558 0.123892 0.286361 0.359674 0.230661 -0.002468 -0.010191
0.895431 0.490104 0.934530 0.165809 0.039288 0.200662 0.177600 0.156719 0.310378 0.097490 0.051075 0.046461
0.974521 0.616298 0.935201 0.166070 -0.011604 0.177895 -0.049485 0.233176 0.261617 0.200451 -0.018960 0.046863
0.957615 0.526053 0.963636 0.276695 0.057600 0.257661 0.114454 0.189936 0.367877 0.120014 0.081948 0.017639
0.941126 0.631313 0.807475 0.201514 0.052320 0.181392 0.090070 0.173344 0.276797 0.099771 -0.022380 0.048974
1.036408 0.547100 0.840069 0.203050 0.024052 0.123992 0.037844 0.202259 0.295226 0.146612 0.036110 0.037186
1.022653 0.603780 0.848788 0.291270 -0.030939 0.178073 0.089855 0.196111 0.281503 0.143855 0.057797 -0.037275
0.933543 0.543626 0.858809 0.276124 0.019368 0.147062 0.030746 0.313091 0.354739 0.243821 0.029250 0.125885
1.021532 0.585957 0.776075 0.179191 0.125129 0.139203 0.112193 0.145110 0.338762 0.109794 0.089400 0.097190
0.902407 0.642518 0.813390 0.206027 -0.026334 0.259585 0.128414 0.219658 0.440890 0.064412 -0.000575 0.075908
1.013169 0.649617 0.872192 0.288987 -0.006449 0.209347 0.104516 0.197974 0.320461 0.078728 -0.028962 0.153298
0.938236 0.558465 0.828824 0.285300 0.054958 0.196361 0.110981 0.262792 0.381586 0.245230 0.036608 0.017829
0.954391 0.566129 0.852306 0.205115 -0.014248 0.151813 0.039882 0.202004 0.271547 0.174725 0.121202 0.043435
0.937015 0.586617 0.902239 0.307178 0.018428 0.201217 0.112378 0.280368 0.333128 0.070405 0.077903 -0.050382
0.909585 0.593644 0.924931 0.335097 0.031770 0.144931 0.096619 0.175091 0.387477 0.149867 0.076254 0.000731
0.952072 0.624696 0.877118 0.225167 0.031918 0.316279 0.048337 0.217886 0.318209 0.160761 0.053778 0.127390
0.903414 0.504800 0.819550 0.293318 0.043150 0.155160 0.078104 0.283467 0.349001 0.150271 0.093115 -0.039815
0.896051 0.474725 0.938941 0.282091 0.009911 0.173088 0.124340 0.207721 0.300625 0.117407 -0.007321 0.109916
0.900224 0.540016 0.852179 0.193882 0.120342 0.174211 0.115925 0.203050 0.344691 0.260615 0.041750 0.037869
1.001688 0.643915 0.952079 0.210882 -0.054120 0.134498 0.209684 0.236561 0.351563 0.078291 0.033154 0.017092
0.924680 0.576806 0.922885 0.274135 0.088459 0.177618 0.126627 0.119888 0.276399 0.149295 0.086772 0.075990
0.973189 0.461111 0.922944 0.222969 0.125797 0.224784 0.224124 0.281387 0.319845 0.162868 0.017547 -0.010398
0.915820 0.544031 0.877710 0.337362 0.024488 0.193570 0.007837 0.189128 0.391492 0.230270 -0.052692 0.037920
0.992429 0.596425 0.903858 0.212808 0.038500 0.104189 0.053421 0.211885 0.303583 0.203054 0.046800 0.081553
0.944521 0.496069 0.864466 0.254842 -0.026121 0.159608 0.112526 0.189039 0.311236 0.153949 0.027704 0.119883
0.954324 0.610147 0.903599 0.152860 0.013578 0.126664 0.044130 0.200044 0.261606 0.134674 -0.027105 0.079464
0.969874 0.561410 0.949006 0.203308 0.010841 0.111933 0.049406 0.261446 0.283270 0.097603 0.074302 0.077488
0.890664 0.563744 0.891405 0.220815 -0.013229 0.144535 0.074970 0.230331 0.348815 0.216018 0.099104 0.011332
0.983119 0.534422 0.861463 0.185272 -0.035056 0.181489 0.071979 0.249962 0.191461 0.199961 -0.070010 0.135876
0.914244 0.620028 0.905019 0.264264 -0.005576 0.262631 0.110426 0.275524 0.271303 0.205847 -0.012258 0.096354
0.986913 0.534688 0.898396 0.219542 0.047415 0.162057 0.105501 0.226924 0.350070 0.196292 0.026395 0.068062
0.910249 0.514995 0.857580 0.179344 0.068677 0.212160 0.144324 0.231223 0.282625 0.127012 0.019548 0.027091
0.883029 0.489864 0.954958 0.240476 0.004475 0.189279 0.095363 0.240276 0.252376 0.112766 0.040222 0.001685
0.992008 0.618856 0.880434 0.193312 0.074327 0.117572 0.101703 0.229706 0.332931 0.119541 -0.007601 0.032693
0.931793 0.563085 0.848231 0.261333 -0.049501 0.193433 0.060808 0.205176 0.347262 0.145621 -0.002840 0.102748
0.955752 0.657800 0.919369 0.194045 0.053627 0.187764 0.120026 0.241383 0.307033 0.048812 0.019222 -0.021341
0.892682 0.527865 0.909332 0.288738 0.121609 0.153474 0.065194 0.203984 0.287488 0.217097 0.073800 0.086922
0.882645 0.532350 0.867289 0.320560 0.055772 0.192145 0.029449 0.206921 0.263556 0.122930 0.176307 0.126725
0.846123 0.521132 0.957711 0.289737 -0.016674 0.158645 0.038461 0.207177 0.283285 0.116082 0.040696 -0.029958
0.820198 0.554045 0.843480 0.237107 -0.016361 0.212990 0.048796 0.206490 0.323402 0.162913 0.035129 0.030348
0.966036 0.675929 0.979157 0.297576 -0.011858 0.123733 0.071835 0.214281 0.299891 0.184233 0.077188 0.058409
0.986148 0.444895 0.819542 0.179019 0.010307 0.169149 0.118155 0.260373 0.388042 0.232899 0.090968 0.077513
0.952667 0.600792 1.012350 0.276443 0.009907 0.146826 0.153180 0.136226 0.341662 0.158402 0.004026 -0.011143
0.883270 0.654516 0.967019 0.200600 -0.007803 0.312534 0.099124 0.325095 0.317293 0.167339 -0.025223 0.055031
0.965767 0.648914 0.838259 0.140373 -0.026833 0.205871 0.134378 0.212539 0.272092 0.173881 0.049306 -0.011141
0.899068 0.464388 0.908817 0.184534 0.007028 0.186712 0.073605 0.263385 0.254898 0.233366 -0.012196 0.016155
1.028737 0.611808 0.845051 0.172287 0.023175 0.155479 0.089968 0.275089 0.244264 0.230162 0.108974 0.008029
0.953350 0.620905 0.951376 0.174084 -0.048067 0.150257 0.123170 0.322670 0.263072 0.155704 -0.001255 0.067930
0.796469 0.819806 -0.014617 0.042460 0.744035 0.822352 0.049531 0.433171 0.406215 0.081852 0.243801 0.730894
0.769534 0.655063 -0.023272 0.092556 0.758154 0.766815 -0.038675 0.352122 0.432000 0.081779 0.088075 0.832970
0.724731 0.881996 -0.012181 0.109622 0.680844 0.717055 0.134456 0.297851 0.411425 0.203459 0.206621 0.849534
0.817646 0.732025 0.002819 0.105973 0.732600 0.859068 0.114867 0.340959 0.482228 0.199127 0.285897 0.827784
0.695385 0.722578 -0.029274 0.081650 0.646797 0.825969 0.040698 0.355858 0.371342 0.128189 0.189243 0.792981
0.763997 0.870060 0.092852 0.102390 0.850660 0.768415 0.064801 0.400041 0.372141 0.089795 0.247508 0.893204
0.694096 0.723456 0.007121 0.012517 0.748001 0.859599 0.104164 0.473889 0.393658 0.097348 0.239052 0.933655
0.771867 0.694904 -0.007088 0.059650 0.710870 0.894134 0.008645 0.352190 0.356911 0.080434 0.271541 0.945560
0.770426 0.713536 -0.012329 0.085846 0.704757 0.791107 0.065644 0.357436 0.413152 0.149935 0.184268 0.844400
0.754496 0.726122 0.006714 0.109211 0.672430 0.795540 0.032579 0.323312 0.430163 0.060891 0.301398 0.786621
0.862533 0.771266 0.121806 0.046151 0.707757 0.829342 0.114231 0.419943 0.353839 0.151147 0.257988 0.766909
0.846457 0.787120 0.044586 -0.040308 0.807981 0.841100 0.044056 0.426507 0.320452 0.116518 0.147045 0.857730
0.905636 0.714534 0.030799 0.128397 0.688993 0.717569 0.148517 0.310934 0.334035 0.075947 0.235465 0.766523
0.765948 0.727938 0.027666 0.070272 0.793154 0.809294 0.055175 0.304542 0.390957 0.239461 0.161988 0.917235
0.751278 0.694572 0.020078 0.010433 0.739040 0.751493 0.056595 0.337540 0.428987 0.127040 0.249459 0.890920
0.760565 0.756872 0.022350 0.099889 0.771623 0.797771 -0.091012 0.392726 0.452954 0.108635 0.214379 0.916880
0.763251 0.796701 0.055619 0.066694 0.757829 0.774044 0.140050 0.370701 0.358629 0.164508 0.256637 0.809936
0.788265 0.776447 0.043513 0.093867 0.753173 0.833840 0.069019 0.383151 0.405997 0.141713 0.256206 0.837745
0.838995 0.743712 0.026868 0.122125 0.699954 0.763802 0.106128 0.321140 0.384878 0.069146 0.288213 0.870207
0.688425 0.865481 -0.006160 0.061028 0.779857 0.811891 0.069398 0.285121 0.299252 0.150967 0.289638 0.831872
0.770713 0.781420 0.026605 0.090147 0.801086 0.826587 0.047794 0.317923 0.422359 0.154521 0.223175 0.869523
0.803700 0.790388 -0.047882 0.151162 0.771135 0.844411 0.024527 0.280532 0.392891 0.212008 0.178325 0.856882
0.843390 0.787287 -0.015058 -0.010885 0.719656 0.779728 -0.015544 0.298388 0.381052 0.069992 0.183030 0.810123
0.715763 0.756303 0.009629 0.054835 0.709158 0.824354 0.078125 0.438064 0.352506 0.124705 0.316694 0.900447
0.728973 0.832873 0.010684 0.116425 0.728024 0.826932 0.058475 0.248007 0.431546 0.074952 0.196364 0.875200
0.761166 0.736460 0.065354 0.067530 0.707214 0.905132 0.054801 0.370920 0.412583 0.169577 0.183034 0.898056
0.730921 0.771492 -0.008663 0.090409 0.728401 0.724397 0.048746 0.371947 0.393136 0.178050 0.228343 0.750714
0.754929 0.864166 0.037126 0.135624 0.732740 0.823780 0.093519 0.459147 0.374524 0.218396 0.172981 0.881786
0.833776 0.807027 0.016043 0.072643 0.711774 0.793422 0.000252 0.212056 0.388285 0.185422 0.190600 0.807121
0.814601 0.654401 0.017441 0.074272 0.828953 0.751596 0.031771 0.359190 0.338435 0.122662 0.226661 0.830389
0.776269 0.722366 0.034646 0.037293 0.688957 0.735967 0.003810 0.318196 0.430938 0.134164 0.227818 0.797080
0.795609 0.847211 -0.031223 0.039110 0.770576 0.741963 0.070551 0.339212 0.344870 0.261516 0.184493 0.808655
0.807945 0.788822 -0.022593 0.124776 0.724872 0.748652 0.112645 0.356357 0.408232 0.123131 0.087841 0.803631
0.745802 0.735791 0.002637 0.153967 0.680552 0.744218 -0.005869 0.288779 0.460018 0.227090 0.232517 0.745076
0.734149 0.780605 0.021456 0.107898 0.701935 0.877861 0.144882 0.238169 0.398112 0.191547 0.211825 0.877851
0.844209 0.746829 0.039250 0.115149 0.690130 0.717162 0.010920 0.398340 0.392335 0.111491 0.199145 0.788652
0.861690 0.835214 0.036282 0.090353 0.705800 0.822194 0.094706 0.355684 0.431266 0.069432 0.234919 0.825655
0.776723 0.650517 0.006364 0.049911 0.734815 0.803805 0.053505 0.384022 0.425724 0.222815 0.206173 0.855971
0.780914 0.799938 -0.055111 0.087571 0.658462 0.725453 0.007839 0.332089 0.345475 0.240572 0.176558 0.915339
0.814422 0.805859 0.005979 0.056591 0.724328 0.871392 -0.004604 0.390367 0.386653 0.157443 0.148660 0.860072
0.762904 0.841147 -0.009839 0.208213 0.802003 0.768586 0.128787 0.216595 0.417076 0.191563 0.189325 0.834890
0.783643 0.761102 0.000218 0.162836 0.761703 0.764842 0.029419 0.350524 0.336749 0.196878 0.209953 0.884741
0.757657 0.853531 0.021412 0.054463 0.780703 0.840686 0.068920 0.389038 0.478217 0.182427 0.146564 0.823551
0.803784 0.802975 0.007861 0.052449 0.681595 0.790936 0.085740 0.416742 0.430866 0.158298 0.182720 0.908567
0.702240 0.820486 -0.013187 0.074970 0.791492 0.784907 -0.021956 0.324473 0.319389 0.099493 0.246244 0.840670
0.860302 0.732166 0.019595 0.090947 0.813483 0.825174 0.100774 0.391221 0.350269 0.171215 0.244342 0.800858
0.855433 0.811567 0.053530 -0.005121 0.624038 0.692406 0.103200 0.322199 0.397781 0.115982 0.186540 0.846223
0.798133 0.857332 -0.025748 0.102658 0.734933 0.812089 0.078335 0.348718 0.310883 0.128549 0.268513 0.786609
0.752513 0.795907 0.020403 0.097998 0.779864 0.730182 0.133885 0.231521 0.408655 0.137679 0.231059 0.932986
0.792185 0.798846 0.065142 0.163347 0.766449 0.831008 0.013501 0.327505 0.267543 0.232107 0.158719 0.873013
0.848984 0.745656 0.063499 0.170173 0.766121 0.841085 0.137494 0.274934 0.490095 0.153793 0.194583 0.919412
0.659745 0.808851 0.054325 0.114899 0.833917 0.701210 0.021780 0.348850 0.435280 0.174089 0.156781 0.881216
0.786978 0.782890 0.001427 0.042993 0.794604 0.731850 0.097553 0.332549 0.332659 0.114309 0.156680 0.860255
0.819684 0.742751 0.005805 0.062164 0.718777 0.836375 0.029430 0.350248 0.455379 0.142226 0.180077 0.870583
0.808042 0.732979 -0.058961 0.137442 0.701487 0.754255 0.025033 0.352550 0.418786 0.140581 0.142080 0.874136
0.742665 0.839472 -0.020976 0.146338 0.695881 0.843884 0.101688 0.335075 0.403846 0.089634 0.186576 0.814520
0.870681 0.875694 0.008433 0.019936 0.753718 0.762071 0.087167 0.386823 0.451333 0.240267 0.251713 0.869002
0.892703 0.782751 0.102570 0.068912 0.704849 0.733660 0.033709 0.386050 0.424581 0.192926 0.231844 0.842030
0.839316 0.847871 -0.052164 0.034366 0.756656 0.768741 0.080312 0.364315 0.323178 0.133692 0.178315 0.821095
0.805906 0.814805 -0.038752 0.108321 0.773222 0.871682 0.064770 0.348651 0.354511 0.194396 0.275446 0.857323
0.777326 0.831512 0.052524 0.056700 0.827344 0.743886 0.034598 0.412191 0.433660 0.166150 0.264812 0.840089
0.805557 0.745023 -0.030042 0.165643 0.695229 0.762021 0.019809 0.310811 0.407262 0.151313 0.228212 0.845286
0.758051 0.755707 -0.037560 0.172125 0.723490 0.785769 0.128162 0.373469 0.436732 0.155851 0.211375 0.896962
0.828659 0.701580 -0.056846 0.051473 0.763793 0.807314 0.010954 0.249433 0.381881 0.093030 0.223845 0.893402
0.825977 0.747301 0.017760 0.018983 0.652804 0.798333 -0.076898 0.303126 0.361943 0.052112 0.119296 0.876871
0.748321 0.832505 -0.007846 0.153037 0.761023 0.739767 0.063095 0.390272 0.404242 0.187744 0.166288 0.707015
0.805919 0.752357 0.035184 0.099865 0.674215 0.744129 0.052331 0.320686 0.443107 0.112107 0.256150 0.837630
0.737474 0.788665 0.001664 0.077667 0.658681 0.768325 0.068190 0.311453 0.457249 0.166646 0.233576 0.817337
0.891214 0.834643 -0.018044 0.150114 0.748767 0.790950 0.064191 0.418584 0.351894 0.064352 0.241569 0.882047
0.767729 0.759656 -0.105994 0.062131 0.725536 0.827544 -0.084238 0.361583 0.371323 0.166455 0.226216 0.904459
0.855067 0.802920 0.048661 0.008669 0.679722 0.713327 -0.015445 0.335538 0.283625 0.178774 0.311012 0.879782
0.871669 0.726470 0.059596 0.119039 0.670522 0.891864 0.050615 0.271850 0.380696 0.099199 0.175856 0.941425
0.813413 0.798897 -0.042884 0.045170 0.723667 0.712791 0.053102 0.409263 0.329707 0.172805 0.216608 0.857158
0.784135 0.799004 0.068383 0.088464 0.808825 0.916816 0.061167 0.339517 0.414214 0.168252 0.171931 0.924488
0.790302 0.702131 -0.086307 0.058520 0.731389 0.736581 0.094136 0.400979 0.417337 0.156662 0.271713 0.903715
0.794701 0.805203 0.083269 0.033772 0.786025 0.824650 -0.032030 0.377253 0.342105 0.177132 0.215626 0.887168
0.812481 0.785150 0.035256 0.087860 0.696687 0.852633 0.038623 0.273741 0.373516 0.137317 0.241897 0.878737
0.739601 0.791618 -0.006659 0.056147 0.751663 0.793076 -0.026354 0.312815 0.333291 0.165423 0.135425 0.832448
0.856413 0.786016 -0.006013 0.077645 0.708302 0.850326 0.003859 0.315349 0.413588 0.207039 0.229679 0.728124
0.881872 0.789060 -0.051993 0.135309 0.739320 0.803643 0.035548 0.282377 0.355638 0.212035 0.244834 0.865757
0.711315 0.784070 0.089528 0.060359 0.806055 0.748155 0.006378 0.292683 0.374058 0.128737 0.229753 0.861967
0.797789 0.772452 0.045185 0.068932 0.743181 0.781624 0.053131 0.333573 0.364892 0.126915 0.249133 0.902383
0.792820 0.746870 -0.005146 0.066620 0.757535 0.795251 0.048375 0.363991 0.414575 0.144751 0.103344 0.853398
0.816134 0.823209 -0.016535 0.063596 0.693409 0.743118 0.071097 0.404486 0.416382 0.065888 0.308047 0.795235
0.753261 0.836117 0.009601 0.078390 0.824909 0.860849 0.067232 0.396416 0.370460 0.133223 0.213646 0.794789
0.790462 0.784558 -0.033662 0.112811 0.762810 0.829291 0.136602 0.327970 0.415685 0.105736 0.210482 0.824820
0.767924 0.771132 -0.031019 0.078663 0.741169 0.833563 0.037605 0.393711 0.370947 0.056874 0.174411 0.831005
0.734406 0.740806 -0.071348 0.099342 0.765345 0.815609 0.036323 0.384426 0.361688 0.139922 0.246686 0.853617
0.773103 0.754747 0.024078 0.077372 0.784203 0.817641 0.047056 0.332581 0.427033 0.026889 0.158850 0.924859
0.737941 0.756925 0.033247 0.095735 0.758577 0.828620 0.010280 0.399701 0.376693 0.205947 0.254059 0.964640
0.840498 0.778775 0.130601 0.061428 0.744471 0.748098 -0.019817 0.292529 0.411408 0.114985 0.255648 0.855900
0.813355 0.736427 0.018703 0.119013 0.693460 0.870820 -0.008276 0.392909 0.340523 0.116617 0.300899 0.891082
0.778342 0.794416 -0.021115 0.116626 0.671292 0.791798 0.055293 0.388452 0.360306 0.144584 0.239528 0.778215
0.822002 0.806550 0.023554 -0.019629 0.726323 0.760333 0.063022 0.396924 0.337404 0.121987 0.273320 0.800280
0.871845 0.803646 0.071435 0.054622 0.690046 0.864725 0.048632 0.329042 0.339403 0.180131 0.165680 0.912255
0.850975 0.784691 -0.028235 0.140333 0.753024 0.792301 0.060514 0.326182 0.444628 0.111469 0.250301 0.900141
0.752683 0.684945 0.025226 0.109858 0.773098 0.811929 0.091361 0.329135 0.453998 0.168396 0.216945 0.876051
0.772212 0.758390 -0.039134 -0.010215 0.801794 0.839458 0.086466 0.293442 0.472635 0.104335 0.338062 0.810487
0.792301 0.719970 -0.010057 0.182957 0.646450 0.845610 0.077913 0.280814 0.385455 0.195826 0.212014 0.867740
0.805494 0.762768 -0.085944 0.057324 0.761238 0.682811 0.141979 0.350034 0.317495 0.248490 0.197046 0.824912
0.747498 0.789188 0.157116 0.079501 0.690466 0.877375 0.007351 0.398677 0.408354 0.155709 0.249889 0.892736
0.700049 0.793171 -0.018347 0.077040 0.682182 0.844508 0.062015 0.329379 0.445413 0.044873 0.200640 0.857902
0.813418 0.665665 0.006169 0.003161 0.610698 0.836455 0.015752 0.387718 0.409459 0.105626 0.231790 0.844059
0.763862 0.746600 -0.075418 0.067474 0.588902 0.814229 0.096548 0.333874 0.412859 0.147364 0.217260 0.812766
0.797948 0.855751 0.007295 0.010714 0.704143 0.748041 0.237338 0.283333 0.269917 0.170133 0.260478 0.796565
0.755492 0.872743 0.041037 0.151886 0.772970 0.861875 0.101210 0.321230 0.393831 0.094509 0.156247 0.852601
0.785461 0.734021 0.060901 0.027081 0.776504 0.748652 -0.058250 0.301647 0.434975 0.255854 0.214582 0.823786
0.797418 0.812746 0.004912 -0.039472 0.698319 0.847873 0.073681 0.440720 0.476663 0.209257 0.147998 0.834674
0.787845 0.721272 0.095276 0.000686 0.777546 0.778422 -0.058390 0.285928 0.392262 0.173480 0.219256 0.819177
0.864479 0.753613 0.000636 -0.003165 0.836875 0.842407 0.117248 0.378215 0.385172 0.173715 0.212758 0.904367
0.744054 0.785560 0.009074 0.069349 0.708369 0.831084 0.125189 0.307248 0.313375 0.207487 0.308709 0.828387
0.703868 0.869907 0.058484 0.155640 0.692252 0.879433 0.087087 0.323768 0.472529 0.129283 0.263685 0.980087
0.801751 0.785171 -0.063172 0.205109 0.813710 0.771109 0.086756 0.311406 0.395271 0.166765 0.145579 0.845395
0.791151 0.755401 -0.097895 0.049029 0.840651 0.847343 0.079325 0.396614 0.409610 0.180492 0.217464 0.813581
0.733895 0.734503 0.055893 0.109221 0.663530 0.858311 0.048377 0.294897 0.383395 0.185897 0.243684 0.882734
0.786404 0.788181 0.084051 0.017504 0.775566 0.815676 0.017170 0.357728 0.336986 0.219123 0.173300 0.867305
0.823777 0.844986 0.014054 0.097399 0.743806 0.781730 0.019887 0.294220 0.312706 0.234607 0.249380 0.896233
0.768577 0.837602 -0.031517 0.122824 0.729813 0.770973 -0.020718 0.347970 0.403806 0.112459 0.163712 0.881184
0.798450 0.802439 0.043909 0.069540 0.758053 0.843220 0.088838 0.403308 0.375403 0.143772 0.216282 0.976006
0.743813 0.768067 -0.052313 0.036880 0.736028 0.768806 0.113292 0.442977 0.330640 0.134773 0.195613 0.777055
0.829304 0.797613 0.015249 0.058639 0.741654 0.834554 0.041127 0.359603 0.337332 0.213256 0.177084 0.850773
0.865688 0.806358 -0.090905 0.113761 0.783221 0.723630 0.091779 0.389629 0.378272 0.092451 0.158396 0.834234
0.797906 0.773015 0.030449 0.134339 0.852153 0.743950 0.046368 0.298448 0.380475 0.180619 0.232407 0.912883
0.832394 0.750113 -0.069401 0.124517 0.658848 0.767462 0.077269 0.381888 0.448811 0.168715 0.218381 0.947533
0.689177 0.693615 0.021380 0.078307 0.702356 0.859856 -0.033131 0.416697 0.344365 0.191148 0.150770 0.841860
0.785204 0.665094 -0.039378 0.001907 0.881846 0.840744 0.061581 0.377035 0.411606 0.162802 0.244671 0.797604
0.852026 0.751045 0.012382 0.064322 0.745439 0.844331 0.023503 0.367162 0.384418 0.136013 0.178966 0.835769
0.809206 0.812596 0.009774 0.141236 0.742399 0.851894 0.122384 0.421283 0.403069 0.097750 0.206285 0.759926
0.861432 0.790840 0.017814 0.041354 0.825600 0.882138 -0.010319 0.401710 0.359339 0.226858 0.166719 0.838899
0.659913 0.797426 -0.091333 0.004458 0.743807 0.773068 0.029397 0.362114 0.451574 0.118386 0.142232 0.815723
0.871808 0.750770 0.009385 0.195983 0.764020 0.815739 0.071407 0.310241 0.413330 0.180922 0.272663 0.871260
0.805780 0.724854 -0.022996 -0.026435 0.662551 0.844664 0.050396 0.347806 0.356930 0.155376 0.170919 0.868939
0.763853 0.837268 -0.023001 0.025284 0.658404 0.879165 0.040625 0.428746 0.335683 0.137842 0.237112 0.841578
0.725307 0.805851 -0.022937 -0.046577 0.719957 0.837416 0.084531 0.302537 0.371954 0.169457 0.257606 0.874840
0.773429 0.761629 0.076381 0.154499 0.649921 0.798602 0.073528 0.439728 0.346313 0.192232 0.232395 0.871414
0.747162 0.763821 -0.054036 -0.016793 0.790794 0.809787 0.052251 0.338281 0.384501 0.068358 0.223327 0.848644
0.770960 0.735690 0.013699 0.070547 0.717270 0.818492 0.071965 0.351669 0.396230 0.043648 0.225625 0.897126
0.922898 0.791860 -0.030545 0.114533 0.686911 0.812583 -0.008539 0.350615 0.332375 0.127889 0.191828 0.869179
0.784635 0.815919 -0.025395 0.145146 0.736658 0.738671 0.030236 0.460940 0.438493 0.061897 0.148322 0.773504
0.810676 0.657609 0.024709 0.163555 0.688583 0.771640 0.143526 0.381912 0.367921 0.116193 0.189501 0.883465
0.741182 0.837763 0.085520 0.052759 0.731143 0.776636 0.105828 0.370198 0.401118 0.090678 0.290890 0.784716
0.864410 0.791114 -0.042593 0.087398 0.705431 0.753932 0.075754 0.362654 0.395448 0.132269 0.141792 0.834741
0.758005 0.727331 0.083510 0.144014 0.684893 0.765704 0.029849 0.355680 0.342270 0.194503 0.300983 0.821612
0.688975 0.808251 0.016009 0.087241 0.706971 0.777048 0.015918 0.312889 0.352820 0.174109 0.146251 0.786316
0.722236 0.754336 -0.003113 0.159622 0.698176 0.884593 0.067520 0.476558 0.333095 0.215217 0.148516 0.896025
0.766485 0.710014 0.000825 0.163411 0.728480 0.855366 0.050859 0.344494 0.389404 0.228628 0.191441 0.894542
0.802193 0.805179 0.058153 0.063709 0.755048 0.936051 0.069174 0.388116 0.348694 0.174050 0.288123 0.847688
0.690778 0.798844 -0.010139 0.138027 0.651784 0.800509 0.005398 0.327886 0.342040 0.074240 0.174407 0.783395
0.715250 0.817964 0.061143 0.049771 0.761686 0.860948 0.040893 0.334483 0.382522 0.102136 0.188554 0.786483
0.704632 0.707146 0.024913 0.052255 0.701671 0.777160 0.031529 0.322368 0.419524 0.156464 0.228827 0.788397
0.779585 0.815962 -0.032837 0.055910 0.814077 0.783651 0.077800 0.338843 0.444733 0.177961 0.215311 0.904548
0.804678 0.869114 -0.026297 0.142247 0.825993 0.733801 0.113269 0.385983 0.388846 0.131325 0.219943 0.759447
0.862289 0.808394 -0.014922 0.100757 0.689394 0.849063 0.097813 0.361728 0.385582 0.129350 0.267474 0.862558
0.721121 0.705412 -0.017383 0.210113 0.779720 0.757254 0.000617 0.371278 0.375570 0.151636 0.216841 0.772802
0.700491 0.722180 0.006642 0.059159 0.737597 0.787125 0.062035 0.309568 0.383744 0.230951 0.311370 0.871420
0.770457 0.801164 0.051847 0.131542 0.691130 0.790521 0.125869 0.357655 0.454432 0.150505 0.271300 0.825186
0.794316 0.785563 0.008727 0.122181 0.668171 0.836392 0.037219 0.332265 0.443247 0.273835 0.262183 0.870051
0.832813 0.868457 -0.004386 0.117762 0.773270 0.774844 0.105337 0.339421 0.389194 0.099033 0.314827 0.770573
0.881224 0.790333 0.015998 0.052007 0.802656 0.808528 -0.056022 0.278185 0.434102 0.134077 0.200304 0.855044
0.690619 0.840734 0.009906 0.099746 0.739799 0.784153 0.035760 0.386124 0.408981 0.069217 0.155624 0.735843
0.700012 0.797951 -0.024003 0.112982 0.808981 0.793693 0.038339 0.412295 0.392713 0.178700 0.167036 0.819344
0.865499 0.715414 -0.001146 0.026180 0.698312 0.763044 0.144240 0.412404 0.406026 0.157333 0.205917 0.816143
0.862425 0.693908 -0.027397 0.026031 0.718695 0.774429 0.108696 0.394818 0.346842 0.151258 0.221837 0.812052
0.857655 0.805138 0.032163 0.116627 0.832583 0.774476 0.024338 0.338681 0.412497 0.156776 0.148762 0.886741
0.811715 0.845133 0.088216 0.082239 0.794490 0.752485 0.066725 0.366878 0.348320 0.060616 0.291579 0.728158
0.809080 0.763959 -0.018203 -0.023687 0.802494 0.786457 0.059076 0.397606 0.468473 0.035076 0.213650 0.884441
0.789402 0.813584 0.041347 0.163617 0.802461 0.810853 0.062359 0.380543 0.365603 0.156361 0.257473 0.830229
0.852709 0.746709 0.064010 -0.007181 0.680106 0.761149 -0.003371 0.359874 0.406199 0.202935 0.192760 0.904576
0.886293 0.798393 -0.027418 -0.000704 0.796539 0.840301 -0.044431 0.366289 0.391252 0.200843 0.218687 0.912279
0.772876 0.768561 -0.018566 0.104136 0.691677 0.747747 0.048475 0.301432 0.360593 0.126772 0.233328 0.852201
0.767515 0.782532 -0.030605 -0.000719 0.749329 0.804957 0.069588 0.343304 0.423582 0.145941 0.187306 0.821218
0.799359 0.818083 0.017166 0.050573 0.552714 0.862254 0.141954 0.349251 0.380653 0.166172 0.241033 0.812120
0.712503 0.856091 0.011282 0.201883 0.800031 0.844481 0.045752 0.336911 0.365743 0.154795 0.213513 0.845044
0.760935 0.828658 -0.025362 0.102193 0.722586 0.811604 0.074421 0.278955 0.360509 0.132025 0.179371 0.851054
0.834932 0.808535 -0.004036 0.084734 0.766617 0.821762 0.114545 0.397687 0.325736 0.202252 0.249879 0.724079
0.838529 0.839499 -0.052521 0.174886 0.686151 0.755224 0.117539 0.365095 0.370878 0.143188 0.233979 0.878069
0.788942 0.764151 0.007426 0.040689 0.681892 0.806645 -0.049112 0.342415 0.441859 0.073909 0.184331 0.859052
0.779755 0.704296 0.026343 0.060895 0.639933 0.764613 0.003234 0.318620 0.343395 0.091760 0.170792 0.894641
0.832911 0.782543 0.056474 0.060435 0.766435 0.700754 0.100125 0.336811 0.434586 0.189956 0.143040 0.778881
0.836585 0.803334 0.048911 0.160458 0.671846 0.680899 0.095533 0.333785 0.349213 0.133581 0.239290 0.784615
0.815409 0.776580 0.079989 0.028875 0.699637 0.912749 0.017860 0.358293 0.367393 0.049268 0.257237 0.953689
0.780380 0.797626 0.113075 0.193523 0.724102 0.781884 0.010330 0.302847 0.355770 0.125309 0.256749 0.847328
0.767771 0.789156 0.065230 0.078662 0.756508 0.815876 0.086518 0.334636 0.413650 0.213144 0.306848 0.817209
0.840063 0.746812 0.108072 0.017036 0.783402 0.796051 0.012276 0.369993 0.354279 0.150507 0.161776 0.834148
0.795990 0.683481 -0.034865 0.118170 0.722621 0.776756 0.053072 0.421068 0.508495 0.173813 0.259301 0.783371
0.828739 0.782915 0.021624 0.079225 0.798518 0.745195 0.136078 0.399871 0.421462 0.271973 0.173028 0.879875
0.723799 0.811572 -0.057671 0.037379 0.721658 0.771295 0.049042 0.362218 0.383589 0.102235 0.230346 0.857592
0.841797 0.821981 -0.009583 0.120811 0.858397 0.886244 0.008918 0.427075 0.356052 0.085166 0.260508 0.847865
0.816345 0.864255 -0.040653 0.039199 0.784343 0.896384 0.014838 0.313657 0.394524 0.093939 0.181941 0.826878
0.842262 0.777704 -0.013368 0.138737 0.824641 0.790385 0.031506 0.341175 0.387760 0.117507 0.210753 0.853909
0.795398 0.820264 0.068052 0.137941 0.707721 0.758347 0.089063 0.362271 0.462025 0.208986 0.117502 0.854031
0.754245 0.801448 0.031761 0.012274 0.700490 0.850634 -0.017297 0.399722 0.400920 0.094239 0.192033 0.776601
0.804066 0.756869 0.069085 0.093739 0.840521 0.686264 0.044583 0.352129 0.366544 0.214673 0.251260 0.897824
0.839956 0.830144 -0.026746 0.150845 0.839708 0.897220 0.042304 0.417276 0.389965 0.133584 0.198935 0.808252
0.801003 0.862948 0.014538 0.027461 0.747398 0.822657 0.101993 0.277145 0.441005 0.161001 0.280381 0.788202
0.732179 0.831755 0.085815 0.122051 0.747735 0.732616 -0.047340 0.375415 0.363544 0.134848 0.264366 0.831966
0.748723 0.786495 -0.090745 0.053990 0.684243 0.736094 0.023353 0.337310 0.400947 0.223267 0.323386 0.923593
0.759656 0.763834 -0.018399 0.066559 0.700356 0.734061 0.032732 0.220236 0.361990 0.277743 0.204705 0.855078
0.810689 0.715083 -0.008178 0.116167 0.806774 0.858880 0.002476 0.405810 0.403684 0.167162 0.190287 0.829174
0.778952 0.767955 -0.045122 0.024243 0.701209 0.744693 0.027941 0.397479 0.377656 0.130829 0.242688 0.794266
0.846380 0.779758 -0.021238 0.114252 0.673836 0.885849 0.014821 0.344984 0.362750 0.203049 0.216884 0.837359
0.806726 0.759741 0.068426 0.054909 0.808149 0.849406 -0.131759 0.359578 0.443716 0.186430 0.262848 0.844060
0.841995 0.724328 0.057680 0.222383 0.777559 0.747119 -0.009247 0.381756 0.404040 0.084424 0.325835 0.790427
0.756908 0.781256 0.031617 0.137315 0.682817 0.757772 0.071619 0.388254 0.498955 0.177453 0.271906 0.761136
0.756276 0.729938 0.010406 -0.048567 0.711792 0.853939 0.042409 0.302498 0.363875 0.182185 0.260908 0.797717
0.875083 0.836183 0.043541 0.035719 0.676769 0.770409 0.051368 0.296004 0.438499 0.090513 0.254110 0.901813
0.818172 0.796572 -0.027262 0.098056 0.806086 0.732551 -0.009394 0.364619 0.381776 0.124641 0.175961 0.821674
0.870355 0.787911 0.006604 0.002046 0.808522 0.798216 0.031212 0.347091 0.411056 -0.001237 0.210875 0.815508
0.892958 0.668046 -0.038659 0.082887 0.709180 0.733011 0.088430 0.321878 0.463198 0.188198 0.286726 0.791155
0.776089 0.756997 0.040979 0.057136 0.788524 0.869537 0.048066 0.304409 0.454951 0.221707 0.193322 0.761490
0.746520 0.806982 0.041404 0.104385 0.739772 0.832754 0.086708 0.294837 0.324712 0.171466 0.341310 0.844806
0.739270 0.826822 0.106003 0.032940 0.709280 0.851912 0.148479 0.303203 0.308116 0.215026 0.144203 0.760540
0.778339 0.881199 0.070097 0.164404 0.726808 0.818177 0.087291 0.349186 0.398078 0.207789 0.232341 0.777735
0.775382 0.810211 0.088595 0.169993 0.664653 0.859615 0.019614 0.295229 0.387192 0.233612 0.196336 0.796368
0.744050 0.727833 -0.006775 0.072067 0.709249 0.780407 0.065512 0.310012 0.375370 0.171417 0.207282 0.813806
0.758759 0.733131 0.010470 0.154180 0.792603 0.758005 0.117573 0.343255 0.392769 0.170597 0.208672 0.892777
0.687659 0.822541 -0.041370 0.026211 0.772809 0.889227 0.061394 0.303922 0.401409 0.177012 0.236791 0.894899
0.679998 0.655736 0.037897 0.076462 0.890949 0.796258 -0.022027 0.359026 0.443727 0.115591 0.225877 0.781752
0.850270 0.792430 -0.062584 0.123110 0.787093 0.727621 0.025549 0.344949 0.395663 0.200037 0.132397 0.716575
0.831036 0.762228 0.008515 0.091592 0.804384 0.772626 0.013465 0.402457 0.369755 0.141823 0.190685 0.893746
0.762346 0.702121 0.019569 0.068956 0.776986 0.749957 0.055284 0.420128 0.417972 0.149386 0.028171 0.836313
0.861365 0.793340 0.083881 0.118329 0.724865 0.811401 0.030430 0.388518 0.397762 0.108909 0.237390 0.866230
0.842412 0.859785 0.057505 0.116454 0.685510 0.764253 0.080580 0.250753 0.411105 0.148054 0.238052 0.811452
0.678271 0.824955 -0.012411 0.047369 0.804565 0.747040 0.175400 0.351727 0.447485 0.076914 0.289652 0.891041
0.699146 0.791036 0.065977 0.063591 0.802860 0.769696 -0.012771 0.383339 0.404716 0.226923 0.143991 0.881665
0.841788 0.853129 -0.007035 0.041181 0.706360 0.754045 0.137434 0.411420 0.389447 0.136610 0.263452 0.902479
0.760582 0.761716 0.029717 0.092847 0.752705 0.782642 0.035616 0.290847 0.390575 0.175297 0.197403 0.934485
0.831019 0.795268 -0.058425 -0.002250 0.606228 0.857993 0.027019 0.414161 0.306280 0.145497 0.234251 0.824705
0.823364 0.767707 -0.042715 0.060312 0.772972 0.702348 0.095755 0.423236 0.470061 0.144959 0.134128 0.864616
0.750552 0.820272 -0.053343 0.126242 0.697377 0.746409 0.060091 0.309872 0.335141 0.094539 0.169016 0.802574
0.883565 0.757655 0.109666 0.186383 0.789601 0.821435 0.114485 0.363048 0.418321 0.127395 0.186916 0.804296
0.746784 0.793505 -0.026621 -0.000094 0.830905 0.872509 0.059948 0.444462 0.356647 0.153070 0.172488 0.782028
0.845527 0.640803 -0.041732 0.089355 0.816090 0.794054 0.101024 0.403841 0.386679 0.138627 0.173628 0.800148
0.693576 0.781060 0.071850 0.119207 0.708676 0.710162 0.057265 0.358283 0.377968 0.125147 0.200342 0.877493
0.726692 0.798688 -0.003361 0.090516 0.769515 0.801183 0.000707 0.333537 0.349875 0.247000 0.279406 0.845852
0.800058 0.823195 0.044373 0.101667 0.801397 0.864725 0.059159 0.360910 0.395366 0.167458 0.197136 0.926453
0.851572 0.796287 -0.056910 0.126333 0.733771 0.819171 -0.042891 0.375810 0.327368 0.225925 0.229265 0.779178
0.808591 0.792772 0.021645 0.073767 0.705888 0.762552 0.043598 0.229850 0.463583 0.142942 0.231505 0.768121
0.736625 0.716778 -0.040157 0.048992 0.708071 0.845913 0.033170 0.397652 0.346218 0.093136 0.193182 0.848464
0.767079 0.840854 0.052318 0.076980 0.779283 0.739579 0.046095 0.299237 0.398546 0.182542 0.172028 0.819239
0.772085 0.836502 -0.040384 0.037294 0.783706 0.768848 0.068684 0.404340 0.445563 0.109803 0.223047 0.878116
0.807985 0.814972 0.074068 0.083958 0.737558 0.808103 -0.013271 0.330899 0.461904 0.127896 0.163035 0.851198
0.731965 0.830578 -0.020786 0.046937 0.769669 0.822944 0.150137 0.362897 0.409763 0.114119 0.240968 0.844315
0.825150 0.707214 -0.056704 0.083024 0.708615 0.774859 0.032498 0.338019 0.350434 0.209313 0.187404 0.887803
0.757462 0.753224 -0.089785 0.140012 0.728751 0.795077 -0.023260 0.363900 0.451021 0.157740 0.238234 0.848752
0.733751 0.925239 -0.036789 0.030685 0.705300 0.942752 0.017255 0.266855 0.375320 0.218092 0.206978 0.936095
0.749184 0.753432 -0.002615 0.092964 0.654546 0.839463 0.099534 0.330354 0.255352 0.214609 0.216757 0.804711
0.810226 0.769585 0.038744 0.147401 0.721981 0.702161 0.005751 0.420771 0.390836 0.108607 0.277912 0.881270
0.791790 0.791741 -0.051167 0.031894 0.703668 0.814669 0.000089 0.359817 0.308368 0.186666 0.240835 0.848568
0.726475 0.694676 -0.022528 0.175828 0.780028 0.921786 0.064215 0.290579 0.405523 0.235107 0.233424 0.867633
0.816456 0.856763 0.092205 0.066613 0.731444 0.839364 0.076200 0.282212 0.402346 0.089212 0.225850 0.849492
0.832744 0.804799 -0.065714 0.047651 0.761222 0.805422 0.026071 0.424026 0.423943 0.236875 0.213105 0.880405
0.862877 0.728885 0.050890 0.147138 0.714445 0.707262 0.033955 0.337911 0.352962 0.087874 0.179334 0.886308
0.837774 0.693237 -0.012453 0.024483 0.837067 0.759536 0.123078 0.350153 0.342915 0.065874 0.229521 0.882426
0.820495 0.787123 -0.000916 0.042570 0.770551 0.782895 -0.056611 0.346436 0.340665 0.132360 0.202226 0.894175
0.851489 0.738404 -0.006439 0.134018 0.761812 0.750054 0.061998 0.305671 0.431563 0.211408 0.150273 0.849455
0.779960 0.841480 -0.010795 0.092914 0.634477 0.768484 0.080947 0.294371 0.399228 0.151200 0.273283 0.792806
0.725935 0.832930 0.000011 0.023302 0.755914 0.837267 0.068528 0.361509 0.372311 0.090129 0.231191 0.869312
0.891755 0.898122 0.006674 0.077248 0.735349 0.721898 -0.060775 0.344317 0.345157 0.135509 0.181589 0.817355
0.764593 0.746738 0.073843 0.105743 0.747426 0.824774 0.090263 0.338014 0.444048 0.139494 0.209426 0.811357
0.782813 0.740778 -0.007401 0.039057 0.746578 0.835713 0.002792 0.294895 0.343271 0.246174 0.257984 0.739452
0.775109 0.854703 -0.036706 0.120879 0.732529 0.787609 -0.004144 0.381610 0.380974 0.167190 0.192408 0.828744
0.937866 0.810345 0.065493 0.093041 0.788139 0.766654 0.098137 0.375780 0.406741 0.133030 0.195504 0.876559
0.774230 0.709973 0.024393 0.041545 0.812652 0.824228 0.007587 0.335658 0.336021 0.186808 0.147277 0.854192
0.809294 0.860989 0.051917 0.025047 0.744185 0.766947 0.039745 0.375416 0.395922 0.206493 0.240446 0.793485
0.776675 0.785749 0.017499 0.059879 0.840474 0.817494 0.041172 0.342222 0.428741 0.195986 0.146571 0.898379
0.910148 0.823257 0.113967 0.097587 0.782174 0.807252 0.033096 0.404175 0.353958 0.122628 0.216102 0.916111
0.787670 0.745558 0.005177 0.004176 0.725217 0.799890 0.124531 0.330930 0.383772 0.161281 0.200020 0.849050
0.635075 0.439493 0.394077 0.747038 0.108115 0.817596 0.914751 1.026140 0.621961 0.825193 0.638014 0.690148
0.633545 0.436990 0.418146 0.774447 0.248382 0.830522 1.001831 0.989202 0.575767 0.853967 0.623896 0.692581
0.655800 0.504825 0.462323 0.790184 0.117491 0.897313 0.882756 0.930278 0.637486 0.771419 0.725257 0.646859
0.614894 0.404842 0.515799 0.753959 0.132221 0.876677 0.869318 0.951714 0.616974 0.810416 0.728974 0.797869
0.661521 0.368272 0.458265 0.773470 0.111916 0.919875 0.827748 1.065319 0.599973 0.816973 0.662452 0.811463
0.695730 0.386954 0.441290 0.777761 0.062690 0.850418 0.877363 1.034144 0.680834 0.787222 0.719283 0.704640
0.628952 0.313047 0.534214 0.789477 0.118064 0.877916 0.970198 1.034634 0.596207 0.833392 0.687865 0.724225
0.601015 0.447555 0.588928 0.867222 0.148082 0.892612 0.865287 1.032578 0.747588 0.753587 0.769830 0.692844
0.591245 0.389831 0.434159 0.801818 0.041654 0.851729 0.848792 0.966232 0.624551 0.750920 0.620376 0.635031
0.600530 0.399429 0.469774 0.887000 0.129929 0.917403 0.872024 0.944158 0.757587 0.875878 0.682110 0.704073
0.641023 0.333411 0.511490 0.760621 0.202060 0.867661 0.932540 1.004038 0.552213 0.867487 0.684402 0.650927
0.678462 0.443304 0.579708 0.854518 0.096641 0.912401 0.918957 0.972256 0.656143 0.906391 0.691256 0.697376
0.753257 0.411293 0.453084 0.771647 0.147757 0.826593 0.983384 0.938417 0.576602 0.775547 0.741414 0.791282
0.679023 0.375184 0.379878 0.787851 0.145038 0.910849 0.926275 1.005055 0.523738 0.805007 0.663152 0.643234
0.631011 0.407742 0.438987 0.752913 0.138547 0.812605 0.890832 1.058151 0.618832 0.863511 0.646280 0.763626
0.543558 0.472204 0.537674 0.786018 0.135021 0.852513 0.870519 0.978543 0.548420 0.818689 0.637298 0.715101
0.658327 0.472346 0.514736 0.870667 0.170134 0.826122 0.884909 0.985034 0.694313 0.775051 0.716686 0.776596
0.669073 0.450470 0.461239 0.726895 0.254392 0.892468 0.906795 0.942530 0.658393 0.841006 0.622019 0.702555
0.660407 0.396660 0.475304 0.747594 0.172322 0.850729 0.902036 1.050605 0.591963 0.881592 0.645123 0.716010
0.652265 0.353822 0.483882 0.812143 0.242183 0.895204 0.917643 0.988649 0.580120 0.867063 0.632581 0.721680
0.662688 0.460542 0.485559 0.774749 0.159386 0.873696 0.891232 0.939939 0.547355 0.819135 0.612207 0.695934
0.587705 0.385661 0.511163 0.785440 0.036869 0.843066 0.962235 1.016137 0.665467 0.863198 0.631443 0.736408
0.631778 0.346473 0.455613 0.768941 0.142882 0.907437 0.921761 0.955542 0.660831 0.818761 0.693309 0.751349
0.705045 0.369380 0.410716 0.750633 0.168633 0.887728 0.975676 0.983820 0.645408 0.765123 0.724603 0.694636
0.702691 0.351726 0.500177 0.754339 0.164211 0.843622 0.813829 0.951626 0.611847 0.879689 0.726989 0.722663
0.625459 0.429063 0.435939 0.788189 0.032359 0.844914 0.911112 0.993463 0.653238 0.832009 0.679823 0.649902
0.615952 0.433148 0.475209 0.765413 0.202862 0.839988 0.888238 0.996612 0.673493 0.898515 0.679231 0.785015
0.557013 0.386762 0.486597 0.847490 0.174529 0.798352 0.751149 0.965718 0.663366 0.682964 0.701966 0.736711
0.544994 0.369172 0.589899 0.722133 0.140580 0.843776 0.978598 0.948146 0.611974 0.800524 0.745901 0.697860
0.704923 0.537724 0.516826 0.835149 0.206037 0.807344 0.844196 0.960232 0.589954 0.866364 0.777475 0.738092
0.592600 0.457372 0.443269 0.798761 0.137351 0.891458 0.858246 0.981525 0.557612 0.893046 0.660674 0.709293
0.586198 0.424140 0.414199 0.839053 0.234359 0.842518 0.963526 0.993255 0.601717 0.841134 0.671234 0.655842
0.650652 0.458885 0.478726 0.812497 0.064768 0.896895 0.846915 0.944299 0.648458 0.776816 0.743203 0.764821
0.665407 0.435575 0.489184 0.791553 0.222393 0.841780 0.876948 0.947555 0.555698 0.874094 0.664087 0.814280
0.585042 0.400640 0.402066 0.731790 0.035556 0.862055 0.936547 1.024268 0.636782 0.823596 0.685245 0.734157
0.662850 0.358478 0.447150 0.725119 0.159901 0.929740 0.866356 0.942151 0.666785 0.856312 0.673053 0.712545
0.768182 0.359076 0.425253 0.889546 0.115473 0.856523 0.914595 1.029729 0.758867 0.818136 0.658709 0.630018
0.522678 0.375106 0.523678 0.881809 0.130987 0.883572 0.912339 0.975577 0.675903 0.818156 0.635432 0.684779
0.561489 0.336013 0.478892 0.842687 0.130601 0.924431 0.880491 1.076513 0.646592 0.758438 0.631684 0.750023
0.558913 0.388698 0.413040 0.793240 0.080320 0.770152 0.903139 1.081400 0.572747 0.753068 0.634095 0.721065
0.621142 0.409220 0.432976 0.804493 0.178546 0.885780 0.962782 0.933301 0.538179 0.878364 0.732273 0.698393
0.647872 0.382191 0.476624 0.825469 0.148241 0.883806 0.848130 0.987069 0.603561 0.786001 0.753061 0.705008
0.618609 0.462616 0.508813 0.855428 0.135983 0.821735 0.872559 0.969159 0.597729 0.853862 0.619533 0.692082
0.613883 0.374527 0.532230 0.807937 0.121404 0.824866 0.873590 0.997591 0.695595 0.913706 0.716121 0.713313
0.690625 0.483428 0.491942 0.887313 0.114268 0.838773 0.929685 0.955790 0.797041 0.797523 0.737031 0.730934
0.551212 0.438381 0.506940 0.807283 0.125052 0.905138 0.930948 1.002352 0.709855 0.746242 0.731546 0.719492
0.567914 0.421444 0.535172 0.762501 0.113829 0.813389 0.901940 0.965992 0.656815 0.874104 0.630344 0.745959
0.601665 0.377979 0.518122 0.800048 0.047196 0.939560 0.910884 0.990824 0.721064 0.907784 0.782407 0.646717
0.616867 0.361369 0.579005 0.795707 0.054253 0.872274 0.854795 0.989132 0.701988 0.887427 0.612997 0.810615
0.636615 0.477175 0.486822 0.885242 0.117634 0.917489 0.911676 1.036662 0.658048 0.790002 0.636685 0.788384
0.650745 0.427717 0.573312 0.743971 0.132409 0.915606 0.909863 1.034715 0.617525 0.813974 0.690316 0.746435
0.621467 0.354419 0.443735 0.828713 0.132303 0.861389 0.906475 0.917981 0.598839 0.754406 0.723243 0.745173
0.679783 0.356278 0.501009 0.729475 0.072263 0.883404 0.869900 0.980494 0.549707 0.803695 0.712571 0.701686
0.684155 0.336953 0.442052 0.813733 0.134742 0.834065 0.883518 1.041478 0.687558 0.869170 0.760033 0.738532
0.613962 0.352643 0.518231 0.746038 0.170017 0.798500 0.832060 0.971377 0.683509 0.785512 0.609241 0.744529
0.713076 0.433449 0.472948 0.784095 0.200014 0.901132 0.842432 0.991043 0.726845 0.839123 0.635405 0.657178
0.632356 0.433786 0.475757 0.821879 0.114704 0.870943 0.819060 0.981907 0.590702 0.809810 0.705874 0.740733
0.742873 0.376099 0.515177 0.799960 0.180869 0.857748 0.902030 0.990027 0.643706 0.909041 0.715713 0.654683
0.753750 0.348359 0.541953 0.702249 0.180406 0.890441 0.926168 0.941339 0.651932 0.815304 0.653564 0.730605
0.651564 0.404524 0.465357 0.809431 0.168598 0.837629 0.933968 0.878437 0.606896 0.779529 0.758442 0.739454
0.730818 0.409759 0.493204 0.813630 0.164825 0.876788 0.954626 1.022850 0.620602 0.849518 0.787827 0.669596
0.624309 0.430741 0.361789 0.880256 0.116673 0.846676 0.962986 0.958789 0.653262 0.901289 0.655391 0.686787
0.563954 0.472698 0.462892 0.786923 0.089045 0.849614 0.896266 0.971302 0.643527 0.874791 0.749728 0.768295
0.597793 0.444700 0.561851 0.833142 0.147680 0.845283 0.815956 0.960107 0.653575 0.810567 0.709488 0.795208
0.559244 0.356472 0.470455 0.811006 0.195395 0.829978 0.931035 1.016970 0.576102 0.811911 0.647553 0.812897
0.713851 0.384057 0.504045 0.760433 0.128796 0.857369 0.918997 0.950567 0.671102 0.850979 0.699416 0.729734
0.736755 0.347630 0.502475 0.803754 0.079657 0.785303 0.919661 0.981378 0.668206 0.827149 0.646674 0.723595
0.653956 0.406796 0.557485 0.876670 0.187209 0.884024 0.859487 0.871562 0.662477 0.935591 0.619764 0.728893
0.653253 0.364721 0.643268 0.715702 0.234414 0.923665 0.826005 1.080616 0.604378 0.858472 0.799248 0.773198
0.650001 0.403785 0.477391 0.797166 0.194094 0.915159 0.878878 0.990350 0.672501 0.814205 0.624320 0.787603
0.652739 0.516169 0.569173 0.898117 0.092555 0.814542 0.910327 1.024818 0.660780 0.910907 0.677843 0.743396
0.610455 0.393146 0.425365 0.863282 0.038743 0.798512 0.845085 1.055947 0.649216 0.888725 0.684011 0.772934
0.609847 0.408859 0.375402 0.806794 0.100199 0.885283 0.875662 0.971816 0.645723 0.772960 0.743948 0.673114
0.634140 0.352140 0.431764 0.824251 0.095530 0.910331 0.897596 0.945787 0.659696 0.905610 0.767762 0.756368
0.652093 0.380773 0.446232 0.728861 0.042249 0.815587 0.934919 1.008396 0.620327 0.857446 0.595112 0.756510
0.631133 0.404249 0.462563 0.856205 0.212014 0.866553 0.888540 0.917818 0.659928 0.824133 0.782910 0.746944
0.631487 0.399451 0.549595 0.783005 0.164161 0.775674 0.899496 0.936003 0.649155 0.816908 0.642784 0.631757
0.718846 0.380930 0.531119 0.766648 0.131690 0.901357 0.942323 1.020403 0.623855 0.805645 0.684886 0.683974
0.661047 0.466136 0.564865 0.722214 0.162194 0.837730 0.925871 0.985464 0.643054 0.768958 0.778020 0.689029
0.676108 0.338285 0.460833 0.749855 0.142481 0.906416 0.882338 0.903696 0.614631 0.809914 0.698145 0.748039
0.622195 0.449282 0.478177 0.841251 0.117978 0.887587 0.908298 0.923408 0.700762 0.770018 0.656052 0.727823
0.580266 0.334250 0.352211 0.818865 0.168067 0.917834 0.853810 0.959921 0.498983 0.785910 0.610147 0.701683
0.633357 0.359293 0.458277 0.861413 0.153776 0.874205 0.951725 1.008745 0.664386 0.822369 0.728400 0.623025
0.690449 0.381303 0.451283 0.859463 0.150412 0.848102 0.998341 0.960241 0.649671 0.886757 0.786353 0.815831
0.662504 0.432332 0.442232 0.733121 0.092043 0.804185 0.934376 0.921552 0.640415 0.813836 0.707485 0.693003
0.564254 0.429221 0.399826 0.754945 0.059901 0.865181 0.966656 0.973778 0.624880 0.878139 0.730732 0.722011
0.722739 0.294795 0.504704 0.829369 0.141851 0.851124 0.926416 0.973278 0.629393 0.824568 0.780302 0.738760
0.680597 0.256853 0.498035 0.790165 0.159113 0.888183 0.891015 0.942194 0.622425 0.828313 0.598883 0.648543
0.667587 0.475827 0.496995 0.801143 0.147781 0.878896 0.890419 0.923803 0.684813 0.895602 0.684401 0.697411
0.620311 0.414162 0.521955 0.816559 0.113647 0.906749 0.929900 0.948861 0.648546 0.936572 0.702281 0.850725
0.654464 0.468869 0.421766 0.757540 0.167311 0.938097 0.905527 0.970912 0.768413 0.828422 0.694275 0.705959
0.635270 0.442433 0.501630 0.894542 0.203583 0.849871 0.877814 1.050834 0.673940 0.891761 0.646772 0.750698
0.652262 0.469828 0.428267 0.777477 0.073379 0.912755 0.922835 0.904985 0.668772 0.794013 0.677307 0.659165
0.647423 0.378298 0.481879 0.841956 0.043870 0.815056 0.849046 0.929509 0.715794 0.802036 0.646991 0.771062
0.631505 0.438541 0.475450 0.789554 0.041048 0.877200 0.906802 1.017930 0.675105 0.741538 0.672691 0.716837
0.609425 0.395048 0.563442 0.763806 0.142131 0.882982 0.862258 1.114553 0.605047 0.892884 0.693136 0.790429
0.716969 0.445910 0.438068 0.865625 0.077563 0.897225 0.979395 1.027384 0.594403 0.802096 0.704580 0.679813
0.604232 0.318217 0.505789 0.834926 0.096648 0.820996 0.741936 0.930884 0.650480 0.873628 0.754615 0.692728
0.627927 0.391861 0.446473 0.815944 0.139809 0.782146 0.916581 0.991562 0.581076 0.876467 0.589821 0.657390
0.614457 0.382077 0.504206 0.833348 0.150453 0.776176 0.853177 1.061239 0.592307 0.814996 0.740115 0.712175
0.541141 0.421495 0.466120 0.911563 0.129184 0.894943 0.948591 1.065868 0.625788 0.895145 0.725566 0.815589
0.663551 0.359546 0.531206 0.840454 0.137425 0.822016 0.929007 0.981026 0.626666 0.848513 0.597895 0.804954
0.717432 0.417622 0.502197 0.892152 0.101435 0.822230 1.014551 1.011059 0.680254 0.843999 0.659349 0.694096
0.579579 0.469826 0.496913 0.872226 0.200038 0.861206 0.961516 1.059225 0.645895 0.863625 0.682103 0.772014
0.716899 0.372066 0.515723 0.850683 0.086286 0.838090 0.918342 0.891532 0.616361 0.816493 0.708904 0.709951
0.632758 0.346479 0.480427 0.850415 0.114220 0.852788 0.822475 0.994192 0.654152 0.841358 0.730838 0.766399
0.643925 0.438382 0.432754 0.834025 0.218114 0.826301 0.889139 0.944350 0.652841 0.819041 0.595758 0.723738
0.688972 0.475961 0.470721 0.764709 0.105632 0.879486 0.851520 0.910221 0.672926 0.780683 0.563170 0.684230
0.598157 0.382078 0.464721 0.787983 0.121054 0.992468 0.988925 1.004337 0.620104 0.809273 0.692179 0.728500
0.595288 0.343299 0.561064 0.840365 0.100831 0.839874 0.926931 0.907461 0.681709 0.785385 0.681439 0.779505
0.633723 0.366191 0.498132 0.814548 0.078251 0.852253 0.975402 0.993838 0.668716 0.774468 0.727748 0.644959
0.629273 0.431596 0.441940 0.862499 0.129403 0.939247 0.931889 0.947379 0.560468 0.815322 0.629471 0.725632
0.623777 0.349505 0.459460 0.811345 0.134873 0.757327 0.867373 0.996483 0.623982 0.815738 0.657343 0.799481
0.649240 0.378535 0.442340 0.866042 0.185137 0.892401 0.863349 1.048487 0.573640 0.869820 0.707178 0.774537
0.618089 0.487856 0.474758 0.727507 0.165700 0.840378 0.935955 0.941477 0.640099 0.803415 0.693552 0.703599
0.619512 0.399161 0.454979 0.822304 0.105171 0.836649 0.835832 0.933749 0.577935 0.824224 0.647764 0.736064
0.640627 0.343576 0.437661 0.834323 0.177997 0.932778 1.010801 0.990768 0.603484 0.857275 0.731438 0.772687
0.690623 0.480643 0.517837 0.907056 0.188590 0.885309 0.961992 1.033078 0.593988 0.811261 0.740891 0.770557
0.726347 0.472053 0.517588 0.828061 0.156765 0.879996 0.937549 1.044153 0.660879 0.850034 0.664401 0.731509
0.653269 0.433543 0.562157 0.800257 0.194753 0.878235 0.924220 0.901471 0.708891 0.842293 0.707677 0.684949
0.706523 0.381870 0.460853 0.838983 0.103375 0.870778 0.870458 0.868918 0.608059 0.841240 0.707994 0.641112
0.667378 0.421695 0.474436 0.904381 0.183288 0.823373 0.850021 0.926086 0.673244 0.896004 0.689813 0.776719
0.647762 0.485166 0.457869 0.745824 0.061688 0.880678 0.910176 1.016327 0.517471 0.845937 0.699060 0.800806
0.634662 0.478251 0.385667 0.842615 0.100499 0.876644 0.963859 0.973161 0.633991 0.735386 0.629069 0.779772
0.651941 0.408632 0.484552 0.756869 0.157919 0.884035 0.811619 1.021476 0.627240 0.870547 0.659625 0.700819
0.701670 0.458975 0.448654 0.841900 0.127604 0.866582 0.954693 0.967393 0.659499 0.759483 0.678881 0.728740
0.622554 0.336412 0.477162 0.826936 0.131090 0.873525 0.828072 1.020249 0.647969 0.893043 0.643304 0.727764
0.652469 0.365667 0.450383 0.829026 0.157522 0.875878 0.900697 1.010379 0.602248 0.850944 0.723350 0.686221
0.677755 0.424954 0.417928 0.856959 0.246640 0.852853 0.863103 0.876283 0.668536 0.790774 0.660386 0.707832
0.668245 0.456260 0.436029 0.777575 0.146983 0.874834 0.837053 0.881108 0.655988 0.821414 0.754881 0.759952
0.668675 0.410960 0.514183 0.748152 0.076555 0.876403 0.946829 0.999134 0.710261 0.899992 0.690303 0.725727
0.571781 0.397099 0.482910 0.808965 0.072796 0.832728 0.852607 1.030271 0.686193 0.831595 0.663906 0.650294
0.648345 0.403093 0.542816 0.856647 0.087989 0.824982 0.938566 0.950406 0.576092 0.939278 0.726900 0.830482
0.630377 0.377706 0.496669 0.799128 0.199999 0.875503 0.910795 1.036461 0.629588 0.858359 0.657008 0.793786
0.819075 0.693021 0.024634 0.028132 0.698253 0.801053 0.068982 0.439444 0.392766 0.158234 0.154952 0.854134
0.853028 0.784239 0.019771 0.107045 0.710689 0.748835 0.092463 0.321613 0.352417 0.292390 0.216070 0.880561
0.794531 0.718794 -0.048276 0.079696 0.718695 0.832577 0.081212 0.387312 0.321761 0.118315 0.235046 0.750874
0.851893 0.763085 -0.017989 0.024086 0.706862 0.765322 0.070329 0.379825 0.407967 0.210011 0.259936 0.928272
0.658958 0.788107 -0.046367 0.088760 0.719877 0.832255 -0.000474 0.373265 0.339272 0.172510 0.213688 0.812022
0.832472 0.824910 0.014095 0.039786 0.700750 0.726651 0.089651 0.400211 0.413512 0.244462 0.178993 0.822000
0.816806 0.729826 0.014948 0.030313 0.724551 0.707269 0.136678 0.322089 0.355235 0.166970 0.249648 0.903152
0.859566 0.804797 0.092098 0.183275 0.790071 0.672648 0.105988 0.366542 0.288547 0.140310 0.195234 0.749629
0.714586 0.716106 0.044345 0.090710 0.753082 0.768699 0.068095 0.302969 0.325448 0.130469 0.191278 0.879503
0.744163 0.795549 0.061151 0.010990 0.758776 0.796693 0.095037 0.386145 0.354953 0.150299 0.203566 0.918674
0.841758 0.722045 0.062146 0.097583 0.677131 0.885912 -0.009066 0.276938 0.353521 0.151588 0.209094 0.882127
0.910642 0.805755 0.036950 0.152997 0.744785 0.853444 0.079623 0.288143 0.376030 0.137407 0.267723 0.837813
0.715941 0.839151 0.025088 0.044187 0.729140 0.735564 0.061494 0.222586 0.449558 0.126071 0.099658 0.874987
0.798957 0.732319 -0.087555 0.059843 0.730178 0.864082 -0.011754 0.328123 0.335572 0.204490 0.211414 0.732486
0.851203 0.730083 -0.081036 0.009701 0.730537 0.826435 0.091041 0.393239 0.454870 0.175051 0.236749 0.846410
0.779543 0.873467 0.054681 0.134407 0.748945 0.820021 0.066316 0.273846 0.329266 0.150690 0.231443 0.810393
0.845843 0.820960 -0.115859 0.232609 0.710730 0.848942 0.029480 0.352146 0.399477 0.079890 0.132872 0.922560
0.758861 0.767738 -0.027122 0.059556 0.750744 0.853694 -0.041228 0.257064 0.428585 0.104177 0.234249 0.811809
0.780243 0.739708 -0.028607 0.141503 0.762731 0.756355 0.106303 0.418457 0.488675 0.110626 0.192387 0.775645
0.783211 0.687030 0.029980 0.077256 0.735720 0.734061 -0.062292 0.329889 0.447518 0.172864 0.244936 0.815868
0.773622 0.832595 -0.013051 0.043705 0.815566 0.831961 0.017518 0.343855 0.387321 0.066257 0.161884 0.904124
0.715183 0.773935 -0.007312 0.119087 0.709040 0.741462 0.051136 0.346073 0.316670 0.205086 0.258505 0.789913
0.826173 0.734072 -0.016875 0.080416 0.730720 0.849036 0.116750 0.320713 0.383563 0.193120 0.161022 0.887680
0.826536 0.768458 -0.066646 0.110202 0.767766 0.757864 0.038756 0.365636 0.420557 0.224309 0.211206 0.765166
0.849847 0.841083 0.084359 0.044876 0.738944 0.681132 0.092028 0.409268 0.427579 0.206636 0.118513 0.878036
0.856096 0.754616 -0.011289 0.082668 0.786128 0.776202 0.060204 0.383540 0.365666 0.154547 0.273950 0.932357
0.765517 0.759397 0.052538 0.184117 0.787510 0.762349 0.020809 0.367417 0.428987 0.152525 0.139338 0.769441
0.825007 0.757746 0.094366 0.090864 0.758939 0.800904 0.128058 0.429055 0.311314 0.224761 0.190653 0.908593
0.796845 0.805175 -0.009077 0.075579 0.767688 0.834671 -0.043690 0.323810 0.483339 0.193639 0.126208 0.796466
0.822245 0.712465 0.019468 0.117936 0.747957 0.761577 0.134310 0.336735 0.359330 0.171746 0.243740 0.778142
0.839100 0.888174 0.096541 0.046680 0.708539 0.818300 0.024639 0.321660 0.418743 0.136898 0.260292 0.861307
0.867423 0.784956 0.041778 0.103856 0.791208 0.776118 0.081525 0.341832 0.475830 0.089728 0.198282 0.914932
0.823184 0.828086 0.164474 0.068011 0.729653 0.790348 0.133325 0.311264 0.476515 0.182147 0.232038 0.800302
0.729533 0.792560 0.029702 0.093533 0.850237 0.768061 0.015094 0.331967 0.421384 0.171367 0.197350 0.819904
0.782787 0.790455 -0.011234 0.011925 0.727755 0.695569 0.080462 0.417213 0.413675 0.125176 0.242436 0.941317
0.727714 0.790320 -0.071605 0.146690 0.762779 0.813107 0.042553 0.392188 0.378178 0.181765 0.203211 0.833745
0.857614 0.719074 -0.019033 0.140892 0.704289 0.834177 0.089665 0.292693 0.462501 0.151099 0.262329 0.937749
0.805525 0.820490 0.034114 0.052104 0.753041 0.751268 0.068093 0.356903 0.274538 0.152793 0.093424 0.875776
0.744454 0.767497 -0.011057 0.105370 0.817308 0.782316 0.073180 0.337659 0.413889 0.100915 0.194471 0.867269
0.821833 0.739512 -0.061611 0.079847 0.750509 0.823658 0.012753 0.352264 0.427965 0.130092 0.240337 0.881162
0.805614 0.792693 -0.067279 0.158366 0.683714 0.745768 0.101688 0.322449 0.375741 0.223027 0.218764 0.871157
0.798193 0.758048 0.013755 0.092407 0.788725 0.728872 0.174034 0.243653 0.477712 0.174198 0.217696 0.838857
0.805126 0.821470 -0.027679 0.137633 0.765316 0.776406 0.099588 0.343074 0.355825 0.065746 0.219808 0.839944
0.742305 0.745194 -0.095194 0.081422 0.643489 0.746930 0.135497 0.342393 0.370843 0.177812 0.192131 0.891578
0.831176 0.758478 -0.033773 0.089189 0.718310 0.759528 0.035718 0.400914 0.414711 0.090560 0.168619 0.821120
0.798181 0.806369 0.023215 0.150185 0.702682 0.863533 0.085463 0.336715 0.382973 0.175878 0.216244 0.923219
0.716058 0.810340 0.018698 0.046692 0.574703 0.793372 0.010956 0.398816 0.471323 0.170344 0.162838 0.827396
0.833702 0.776149 -0.052034 0.068366 0.797011 0.706352 0.081400 0.343917 0.372949 0.143607 0.185175 0.863947
0.761625 0.804396 -0.015147 0.076571 0.782170 0.857691 0.108049 0.378417 0.448048 0.148897 0.186204 0.823345
0.733229 0.784872 0.045497 0.084850 0.667558 0.707841 0.085038 0.314987 0.362984 0.156016 0.238252 0.867119
0.794110 0.803710 -0.099801 0.047455 0.756909 0.817650 0.136038 0.347918 0.381405 0.122542 0.212054 0.813610
0.840923 0.731322 0.018393 0.095476 0.693620 0.741392 0.149374 0.295674 0.379683 0.198888 0.221439 0.780833
0.705122 0.716714 -0.028641 0.094566 0.662026 0.851129 0.009115 0.348572 0.292256 0.149113 0.163847 0.841441
0.813183 0.771966 0.084053 0.089030 0.747041 0.748433 0.107577 0.410925 0.442093 0.232331 0.200426 0.942692
0.881076 0.771537 0.027352 0.040323 0.690148 0.762786 0.032611 0.312092 0.409170 0.225598 0.297983 0.877760
0.877745 0.772260 -0.068892 0.026255 0.775405 0.756619 0.014867 0.332461 0.425054 0.105525 0.165596 0.909328
0.871258 0.791992 -0.008588 0.121417 0.700626 0.824028 0.027825 0.270455 0.369415 0.145006 0.205074 0.852225
0.766058 0.707335 -0.008182 0.138541 0.668367 0.791088 -0.032983 0.339249 0.420191 0.164847 0.269983 0.846096
0.786261 0.848527 -0.079786 0.100332 0.737574 0.750574 -0.046431 0.384283 0.372287 0.139471 0.161789 0.852971
0.841063 0.771448 0.034712 0.133336 0.768278 0.830126 0.057621 0.382699 0.463819 0.130171 0.159646 0.755589
0.790038 0.866463 -0.051608 0.093777 0.709452 0.746038 0.100323 0.336743 0.409683 0.075845 0.260825 0.868622
0.776670 0.782554 -0.107979 0.101972 0.687611 0.810169 0.020257 0.352454 0.464703 0.205003 0.185677 0.914894
0.845105 0.750855 0.022607 0.053420 0.693863 0.692097 -0.075949 0.343581 0.275459 0.206653 0.222895 0.904405
0.734518 0.762993 0.000769 0.057973 0.655139 0.755814 0.060187 0.294875 0.339019 0.174107 0.206612 0.819080
0.774290 0.791476 0.028489 0.066921 0.778683 0.799894 0.073751 0.357138 0.388977 0.176255 0.172444 0.750456
0.734253 0.732250 0.044527 0.043105 0.807572 0.856441 0.064451 0.392013 0.350719 0.121686 0.135570 0.854269
0.722064 0.810039 0.071674 -0.001923 0.813584 0.783146 0.080066 0.325701 0.428096 0.185341 0.276557 0.757224
0.763686 0.816705 0.009633 -0.042952 0.728378 0.808486 0.071873 0.373887 0.388655 0.127502 0.259332 0.855901
0.838995 0.776547 0.001260 0.043174 0.834045 0.921662 0.010172 0.387925 0.362754 0.173762 0.270778 0.825439
0.863904 0.729002 0.022067 0.119969 0.778787 0.883140 0.076146 0.332219 0.327389 0.138848 0.186294 0.876115
0.745827 0.694497 0.030175 0.113981 0.714808 0.816993 -0.020118 0.251109 0.347125 0.246400 0.188404 0.868434
0.869605 0.647484 0.098590 0.063565 0.755955 0.800406 0.083525 0.289372 0.423036 0.101546 0.179778 0.878263
0.797631 0.841331 0.042121 0.104768 0.778267 0.765604 0.032720 0.338615 0.419731 0.170480 0.182301 0.774027
0.751775 0.736813 0.064513 0.115840 0.816827 0.893157 0.013291 0.318572 0.290520 0.213054 0.262421 0.811404
0.809337 0.835600 -0.041692 0.118686 0.707779 0.786921 0.035452 0.297193 0.386830 0.127885 0.176856 0.792168
0.849633 0.837878 0.026068 0.002546 0.669929 0.721208 0.064272 0.398393 0.495572 0.108199 0.256262 0.807592
0.711894 0.760340 0.018228 0.131470 0.725180 0.802005 0.015861 0.371445 0.402881 0.123476 0.294079 0.871425
0.799879 0.748417 0.000151 0.068583 0.743855 0.796445 0.026485 0.371169 0.397701 0.149166 0.233550 0.908479
0.700220 0.785665 -0.042600 0.050654 0.714384 0.871365 0.047568 0.404627 0.392925 0.177881 0.317201 0.834332
0.738715 0.779141 -0.052624 0.177289 0.767680 0.726083 0.143790 0.366140 0.376699 0.162678 0.159800 0.882946
0.800528 0.818073 0.093098 0.083004 0.827060 0.710778 0.027737 0.362866 0.333048 0.214975 0.256629 0.747675
0.738276 0.804394 -0.013404 0.039720 0.712655 0.750510 0.069934 0.369599 0.325265 0.176107 0.176876 0.880931
0.778753 0.840855 0.005350 0.067328 0.723705 0.746145 0.062027 0.300424 0.340354 0.215752 0.172548 0.715643
0.744797 0.754820 0.075726 0.125170 0.725236 0.746416 0.026536 0.316169 0.292274 0.113023 0.254043 0.757829
0.731133 0.747066 0.040482 -0.070927 0.779255 0.845383 0.068514 0.359475 0.358836 0.191414 0.177469 0.775038
0.736671 0.702347 0.011210 0.105858 0.817411 0.811320 -0.009662 0.319939 0.296051 0.082231 0.188663 0.819953
0.816330 0.832276 0.058708 0.092235 0.673910 0.721495 -0.010384 0.313935 0.448491 0.113935 0.220303 0.800387
0.827056 0.771606 0.012571 0.118364 0.681591 0.751446 0.070860 0.410990 0.330466 0.242814 0.160267 0.794807
0.788451 0.768217 0.048409 0.148338 0.650546 0.810272 0.053565 0.403125 0.419193 0.128545 0.249886 0.800737
0.841336 0.638698 0.060093 0.004290 0.719362 0.758885 0.023476 0.257311 0.346067 0.177508 0.229318 0.864091
0.794801 0.737836 0.005875 0.081572 0.704876 0.772479 -0.018823 0.301136 0.318980 0.219724 0.142680 0.758323
0.756888 0.864480 0.002591 0.093293 0.842639 0.755915 -0.008844 0.408565 0.395896 0.153815 0.210704 0.777592
0.724183 0.839928 0.098226 0.123739 0.664384 0.791154 0.069250 0.393274 0.440241 0.197311 0.223814 0.698947
0.781790 0.750487 0.002069 0.088821 0.656639 0.857131 0.022888 0.470425 0.323578 0.207056 0.166867 0.832371
0.801992 0.776128 0.067418 -0.022423 0.692814 0.789015 -0.005285 0.314888 0.422001 0.152565 0.250219 0.799613
0.836668 0.754216 0.027071 0.067613 0.755700 0.764279 0.070868 0.345207 0.475995 0.117834 0.204956 0.849545
0.775221 0.737645 -0.010800 0.067172 0.714490 0.789278 0.025568 0.383029 0.383275 0.183682 0.241552 0.949869
0.761601 0.697990 0.047456 0.091109 0.743985 0.731768 -0.008831 0.419641 0.397636 0.215241 0.223694 0.824671
0.799641 0.756941 -0.017630 0.079069 0.729765 0.831600 -0.015512 0.393108 0.375125 0.109902 0.256160 0.835346
0.854738 0.735019 0.009892 0.020549 0.753565 0.710804 0.090872 0.443048 0.413327 0.112211 0.240593 0.798393
0.852340 0.777234 0.044337 0.019116 0.649231 0.885863 0.030772 0.346344 0.343707 0.162704 0.137595 0.839343
0.727018 0.750517 0.005900 0.159308 0.693918 0.743922 0.075329 0.362540 0.351806 0.149646 0.215616 0.863563
0.694959 0.785696 -0.062001 0.082050 0.733228 0.810529 -0.040825 0.274841 0.344740 0.227681 0.245318 0.861625
0.802734 0.725280 0.036575 0.005172 0.791527 0.783213 -0.003790 0.422437 0.393720 0.175277 0.281220 0.787282
0.795241 0.759231 -0.051149 0.125298 0.635432 0.714001 0.091768 0.350632 0.442671 0.108615 0.196226 0.869292
0.736188 0.788206 0.072475 0.063864 0.695158 0.803994 -0.030489 0.405584 0.402611 0.117627 0.211331 0.918536
0.789031 0.753348 -0.044032 0.078555 0.700126 0.760541 0.055138 0.360117 0.478177 0.173230 0.328684 0.825626
0.823690 0.841792 0.010431 0.024561 0.755068 0.765829 0.101707 0.403379 0.294944 0.134926 0.219304 0.730796
0.878069 0.877100 0.000850 0.106053 0.694015 0.707740 0.026012 0.333636 0.487609 0.036468 0.283582 0.825496
0.832586 0.763819 0.017306 0.086072 0.784101 0.686516 0.107222 0.263762 0.357875 0.255915 0.280090 0.868390
0.642884 0.717714 -0.072163 0.046936 0.622043 0.780824 0.165173 0.326369 0.436376 0.111722 0.211693 0.889359
0.771474 0.827423 -0.014984 0.114282 0.728821 0.794875 0.051342 0.324459 0.331611 0.064060 0.202168 0.881428
0.903061 0.687029 0.014538 0.217690 0.690552 0.822553 0.074628 0.376352 0.338520 0.079153 0.143178 0.828216
0.783054 0.693368 0.006988 0.045096 0.768328 0.767503 0.050470 0.413190 0.420606 0.165199 0.289693 0.818531
0.915174 0.750012 0.011586 0.110042 0.793346 0.838264 0.017346 0.251896 0.361141 0.105445 0.274432 0.901279
0.806132 0.692211 -0.016725 0.059386 0.627353 0.794964 -0.011272 0.381897 0.477769 0.272703 0.184044 0.892017
0.779788 0.801314 -0.035858 0.057993 0.757293 0.838372 0.051620 0.348957 0.394160 0.122069 0.220133 0.837935
0.752726 0.759766 -0.018943 0.069842 0.686402 0.845409 0.153227 0.337840 0.422916 0.091210 0.249479 0.890668
0.844536 0.775736 -0.043174 0.130703 0.659052 0.810373 0.047952 0.363948 0.355710 0.177806 0.225154 0.832045
0.831038 0.767598 0.067989 0.118645 0.720499 0.861223 0.118105 0.308553 0.405462 0.081918 0.218726 0.840154
0.867784 0.771238 0.087766 0.076078 0.656876 0.794884 0.095740 0.345350 0.386629 0.063678 0.298771 0.843282
0.739010 0.875985 -0.014802 0.020711 0.752819 0.797741 0.054002 0.398726 0.370007 0.152550 0.272029 0.835059
0.731565 0.794701 0.011767 0.113481 0.783281 0.764551 0.124294 0.449389 0.361475 0.111793 0.173814 0.874766
0.771951 0.789322 -0.051728 0.167454 0.765194 0.845127 0.065715 0.351125 0.350952 0.172818 0.272178 0.846323
0.786854 0.841856 0.032801 -0.027094 0.753557 0.897396 0.076115 0.362460 0.370856 0.066428 0.193260 0.965186
0.762368 0.829473 -0.001747 0.074070 0.807125 0.654649 0.154405 0.287904 0.410835 0.120038 0.169438 0.807211
0.790305 0.817810 -0.070414 0.090848 0.755100 0.675572 0.076526 0.418342 0.385855 0.100786 0.190541 0.843257
0.789297 0.784423 0.040654 0.068929 0.693862 0.824283 0.095683 0.295946 0.369927 0.270978 0.228677 0.895510
0.772600 0.778638 -0.086771 0.068420 0.756638 0.785822 -0.027394 0.373223 0.465148 0.155375 0.257184 0.901716
0.776652 0.790032 -0.026196 0.258570 0.726150 0.812304 0.008910 0.363567 0.373836 0.162154 0.221995 0.903699
0.784767 0.841386 0.018397 0.074412 0.699330 0.709114 0.112965 0.255603 0.448703 0.139583 0.225398 0.844758
0.818467 0.749136 0.045146 0.114313 0.741444 0.746939 0.082792 0.427501 0.419830 0.115006 0.219101 0.830095
0.793062 0.710128 -0.048157 0.155462 0.780569 0.780811 0.006719 0.487337 0.425654 0.234538 0.182710 0.934055
0.761824 0.732639 -0.048442 0.076355 0.678898 0.801128 -0.005115 0.396695 0.357629 0.216510 0.262823 0.869472
0.782880 0.757877 -0.001802 0.024688 0.861404 0.826082 0.073615 0.320029 0.305098 0.193981 0.132264 0.801753
0.778575 0.747800 -0.044786 0.120032 0.763943 0.803443 0.078740 0.324396 0.485086 0.158535 0.134754 0.920688
0.905905 0.776412 0.019066 0.152838 0.608764 0.841195 0.057360 0.383174 0.379593 0.109508 0.294721 0.822730
0.803061 0.838996 0.006284 -0.021829 0.743016 0.792399 0.060271 0.415366 0.423903 0.003282 0.156108 0.902936
0.834084 0.770164 0.016730 0.087420 0.756766 0.897230 -0.043462 0.298250 0.419817 0.204139 0.262775 0.796173
0.770429 0.750202 0.017355 0.116295 0.736635 0.662004 0.053981 0.343217 0.416252 0.163867 0.229797 0.872456
0.789455 0.757875 0.075666 0.083398 0.748057 0.782491 0.006474 0.416976 0.382961 0.177393 0.255402 0.817650
0.798965 0.872953 0.108265 0.085568 0.822580 0.735399 -0.043499 0.235850 0.444643 0.184607 0.216020 0.827483
0.842797 0.783981 0.101310 0.109937 0.744800 0.896413 0.058998 0.316968 0.394328 0.077231 0.120688 0.827957
0.810967 0.805636 -0.001583 0.019909 0.763065 0.780244 0.020989 0.289565 0.403202 0.194184 0.174858 0.874862
0.866391 0.831638 0.062638 0.118393 0.699743 0.811433 0.112754 0.225547 0.339419 0.192683 0.327087 0.841278
0.778211 0.775262 -0.092932 0.097849 0.793842 0.846676 0.145928 0.380881 0.394446 0.120219 0.226783 0.855323
0.792367 0.699384 -0.103994 0.066833 0.768915 0.841285 0.028595 0.360041 0.422107 0.148910 0.215773 0.807781
0.844945 0.775002 -0.021885 0.074585 0.790522 0.782471 0.087704 0.398006 0.368489 0.229434 0.253061 0.839298
0.795906 0.721933 0.002075 0.006041 0.716528 0.845709 0.006859 0.307689 0.317382 0.012815 0.075514 0.828532
0.721220 0.765068 0.067339 0.169238 0.825425 0.794133 -0.032950 0.281435 0.354703 0.219140 0.226244 0.910664
0.799406 0.763768 0.076614 0.120673 0.775406 0.748959 -0.041876 0.386075 0.399646 0.121984 0.153166 0.851396
0.852962 0.817690 -0.085958 0.054685 0.668278 0.755257 0.046139 0.429712 0.354847 0.045434 0.231242 0.861347
0.781549 0.785613 -0.006468 0.048793 0.826816 0.787795 0.089977 0.387007 0.354489 0.143776 0.273955 0.796947
0.824055 0.752515 -0.046243 0.098217 0.789597 0.836730 0.017930 0.284563 0.340105 0.099515 0.291640 0.861274
0.760076 0.728436 0.053761 0.072611 0.799519 0.804077 -0.026985 0.290256 0.443798 0.140626 0.317661 0.773696
0.776780 0.730420 0.016467 0.135198 0.779624 0.834209 0.111917 0.251031 0.337839 0.157577 0.176221 0.898060
0.744194 0.844274 0.004378 0.130213 0.837244 0.880259 0.084556 0.391340 0.406319 0.152502 0.258085 0.847931
0.779384 0.812467 -0.049536 0.038095 0.873552 0.782425 -0.053385 0.394358 0.379229 0.201101 0.138294 0.872694
0.679557 0.787515 -0.020933 0.092540 0.812057 0.753354 0.017532 0.327454 0.424661 0.187532 0.364319 0.814286
0.793252 0.758918 -0.014525 0.109537 0.739549 0.820746 0.026439 0.349390 0.440312 0.241440 0.244453 0.895544
0.834685 0.726088 0.000099 0.010459 0.609231 0.742324 0.078246 0.356551 0.417699 0.135246 0.215021 0.912709
0.671516 0.828523 0.100192 0.134178 0.716907 0.656577 0.054921 0.337370 0.429735 0.114197 0.110655 0.865748
0.893782 0.776612 0.007841 0.012180 0.846976 0.904317 0.044152 0.273735 0.329292 0.120458 0.083823 0.817645
0.849620 0.765132 -0.047118 0.224672 0.661973 0.808729 0.060268 0.305235 0.468160 0.204421 0.165314 0.843726
0.713749 0.708392 -0.001422 0.112453 0.768589 0.827573 0.062405 0.383707 0.347585 0.131259 0.068604 0.876457
0.821258 0.777140 0.070130 0.133053 0.759736 0.891868 0.021722 0.371797 0.465359 0.168153 0.245356 0.901942
0.704603 0.794029 -0.033961 0.044310 0.723159 0.742372 0.066864 0.261716 0.259619 0.161505 0.155126 0.811331
0.762460 0.765036 0.008501 0.049581 0.823660 0.829139 0.070220 0.352457 0.447883 0.193731 0.246272 0.839636
0.816678 0.792462 -0.109770 0.021894 0.677569 0.809435 0.063481 0.320857 0.369562 0.133660 0.202170 0.815211
0.807566 0.849802 0.001126 0.101491 0.724711 0.741623 0.065978 0.438167 0.368062 0.189840 0.194052 0.832399
0.825846 0.784046 0.063333 0.017641 0.743785 0.770199 -0.021945 0.325849 0.418865 0.128571 0.214257 0.852079
0.750501 0.810703 0.053115 0.131988 0.756238 0.901199 0.076233 0.338217 0.385891 0.224087 0.248391 0.786773
0.787862 0.821389 0.021639 0.170882 0.739726 0.705907 0.054956 0.316842 0.366535 0.210352 0.077563 0.878561
0.919346 0.833641 0.042519 0.034760 0.710999 0.865094 0.028438 0.424947 0.352854 0.262380 0.144952 0.742315
0.858454 0.807256 0.070937 0.077765 0.646728 0.823646 0.074267 0.348633 0.290579 0.112018 0.166184 0.931396
0.765574 0.793357 -0.023372 0.144749 0.765823 0.926456 0.035553 0.342820 0.378429 0.048979 0.160694 0.859510
0.777773 0.785280 0.044483 -0.009190 0.738430 0.775570 -0.071944 0.337666 0.404197 0.113697 0.267276 0.825774
0.753043 0.726888 -0.059398 0.093948 0.813645 0.774572 0.124987 0.430475 0.416889 0.156592 0.292538 0.876311
0.775542 0.655723 0.040800 0.081526 0.697417 0.811948 0.006297 0.347978 0.308403 0.177413 0.273818 0.861978
0.736121 0.838735 -0.031907 0.134785 0.794835 0.861167 0.024997 0.327567 0.397794 0.090579 0.216127 0.806258
0.888966 0.834264 -0.025996 0.179441 0.760721 0.802174 0.015862 0.390583 0.368055 0.163895 0.242593 0.879847
0.854234 0.811419 0.086324 0.070295 0.840799 0.839427 0.027047 0.321935 0.452108 0.127915 0.287409 0.890504
0.775999 0.851730 -0.001172 0.043989 0.757848 0.778001 0.032969 0.397161 0.281719 0.126918 0.296208 0.740336
0.699552 0.710806 0.025493 0.125891 0.705720 0.769053 -0.064037 0.262491 0.329902 0.161000 0.318301 0.876664
0.877879 0.806842 -0.053397 0.064579 0.619208 0.792617 0.085319 0.457983 0.402872 0.121529 0.233277 0.749260
0.856717 0.803698 0.052661 0.045774 0.786547 0.838858 0.100189 0.370192 0.458368 0.188967 0.187584 0.839953
0.814496 0.736758 0.031968 0.165481 0.760304 0.781700 0.113004 0.373446 0.391326 0.193977 0.184164 0.884119
0.690650 0.723699 0.030731 -0.029757 0.709775 0.820911 0.019050 0.373991 0.442237 0.178597 0.211751 0.907850
0.755404 0.863944 0.079245 0.129213 0.768085 0.822863 0.067568 0.401979 0.249495 0.171022 0.146431 0.792229
0.740327 0.826785 -0.016252 0.036082 0.811862 0.750447 0.053343 0.311942 0.420457 0.215438 0.240251 0.853798
0.803209 0.804208 -0.006686 0.124470 0.687633 0.803165 -0.033758 0.378673 0.427227 0.130540 0.170342 0.817157
0.829553 0.850635 -0.054806 0.054012 0.679582 0.702835 0.078746 0.370576 0.281458 0.116485 0.256807 0.890351
0.816686 0.774930 -0.014041 0.084935 0.683544 0.782857 0.122470 0.288599 0.268393 0.231113 0.177075 0.805691
0.834028 0.795913 -0.079664 0.067815 0.703319 0.817375 -0.002687 0.356158 0.396493 0.168264 0.138630 0.841436
0.752853 0.769445 0.083144 0.085553 0.666018 0.800024 0.048353 0.422219 0.360207 0.127205 0.173788 0.866897
0.872272 0.784915 0.088834 0.079448 0.756653 0.835346 0.008622 0.302851 0.409341 0.120909 0.156905 0.900899
0.763538 0.719530 0.014967 -0.031667 0.802451 0.797121 0.030490 0.344359 0.363936 0.122042 0.237737 0.840491
0.794245 0.857218 -0.031450 0.157342 0.745022 0.754375 -0.007535 0.324232 0.461302 0.143107 0.263431 0.765773
0.787815 0.858668 0.084295 0.109342 0.762810 0.841379 -0.021454 0.310629 0.365401 0.184095 0.236476 0.798111
0.823956 0.820848 -0.014555 0.144399 0.702508 0.710410 0.007829 0.340284 0.381523 0.177922 0.206034 0.767405
0.778618 0.736092 -0.059147 0.100348 0.740863 0.823474 0.065745 0.346214 0.362415 0.187836 0.235498 0.851681
0.831514 0.718031 0.051490 0.045652 0.743782 0.710250 0.061087 0.346778 0.365929 0.088894 0.205140 0.823313
0.830002 0.709964 -0.040237 0.020724 0.748347 0.776370 0.089168 0.326296 0.438499 0.090380 0.275252 0.857127
0.797241 0.722548 -0.004655 -0.015463 0.816914 0.750213 0.071428 0.414286 0.437581 0.100475 0.203637 0.856420
0.853268 0.772343 -0.020760 0.090675 0.776205 0.762643 0.025732 0.223709 0.314167 0.171687 0.253698 0.781147
0.670974 0.793407 0.022659 0.055329 0.694129 0.860131 0.055116 0.337396 0.247796 0.173653 0.231282 0.782773
0.828134 0.815878 -0.039379 0.119105 0.722699 0.840046 0.020669 0.381322 0.388367 0.118538 0.238321 0.761263
0.765409 0.818209 -0.097261 0.056214 0.730783 0.828707 0.066807 0.370608 0.381856 0.086533 0.238516 0.802926
0.692237 0.740037 -0.062159 0.095723 0.755288 0.834555 0.008259 0.302131 0.452677 0.183558 0.209619 0.865904
0.789670 0.752371 -0.001346 0.088588 0.728847 0.866072 0.135250 0.377413 0.304323 0.133415 0.223586 0.897464
0.751544 0.802472 0.002216 0.120354 0.731718 0.802494 -0.054566 0.351510 0.438577 0.077380 0.279967 0.876363
0.774603 0.754883 0.066319 0.060202 0.764129 0.845723 0.036057 0.393928 0.457597 0.127767 0.208731 0.921283
0.833768 0.776627 0.022906 0.088245 0.703835 0.801777 -0.009462 0.396121 0.343137 0.175714 0.155627 0.801861
0.814402 0.771243 -0.045778 0.083690 0.736324 0.880434 0.109896 0.332980 0.411181 0.166125 0.251447 0.891467
0.833090 0.809053 -0.068517 0.108946 0.717792 0.821821 0.016402 0.321219 0.329766 0.210867 0.173505 0.838309
0.727349 0.771655 0.067868 -0.004425 0.758340 0.792191 0.104616 0.432488 0.436128 0.244861 0.266774 0.890945
0.833082 0.820732 0.021355 0.064411 0.734112 0.745482 0.115485 0.370190 0.346723 0.120094 0.230979 0.883902
0.748429 0.768068 -0.018213 0.146474 0.687627 0.838279 -0.003159 0.387506 0.380606 0.142657 0.163267 0.971426
0.755144 0.776086 0.033242 0.070950 0.765316 0.817437 0.056964 0.381717 0.375674 0.084059 0.188296 0.827005
0.873729 0.779931 -0.014310 0.145136 0.654646 0.809066 0.085989 0.299494 0.446635 0.238061 0.264695 0.798609
0.836997 0.836356 -0.011885 0.147432 0.632451 0.766499 -0.048925 0.328777 0.331993 0.145040 0.214881 0.798830
0.794902 0.771584 0.074211 0.072371 0.748031 0.751469 0.069308 0.369783 0.403237 0.322875 0.238739 0.753320
0.756148 0.739910 0.012303 0.182238 0.746044 0.731157 0.057079 0.342288 0.427658 0.131490 0.211691 0.912219
0.886200 0.810890 0.071487 0.015780 0.711259 0.870476 0.061787 0.246011 0.446783 0.140246 0.242393 0.735638
0.831201 0.708447 -0.051231 0.108313 0.735272 0.755201 0.009692 0.377489 0.450868 0.133032 0.160128 0.876129
0.757101 0.831825 0.026415 0.056912 0.662428 0.757068 0.024760 0.395647 0.478398 0.155633 0.109755 0.885153
0.746322 0.856533 -0.025606 0.044416 0.728420 0.774375 0.022232 0.310417 0.368689 0.023077 0.119541 0.894661
0.709536 0.757528 -0.034251 0.157112 0.714478 0.882535 0.048639 0.315711 0.405311 0.137239 0.232651 0.796375
0.785156 0.759446 0.026979 -0.016597 0.717505 0.775611 0.022044 0.295236 0.355969 0.161444 0.227139 0.708196
0.817761 0.773974 0.020865 0.054986 0.804284 0.839042 0.067976 0.392487 0.330880 0.162629 0.155284 0.854847
0.926510 0.711999 0.112772 0.048338 0.781823 0.846472 -0.054100 0.314136 0.405806 0.153684 0.221468 0.850110
0.781054 0.763570 0.034133 0.081009 0.742319 0.833261 0.043818 0.345630 0.363065 0.295220 0.242914 0.867304
0.791197 0.720097 -0.034971 0.126160 0.756672 0.871815 0.129369 0.261120 0.365042 0.108716 0.158495 0.826146
0.751536 0.803943 0.025913 0.093868 0.810904 0.788391 0.081000 0.282469 0.306199 0.082850 0.203317 0.812087
0.821985 0.801468 0.071763 0.163316 0.749772 0.790666 0.017716 0.350459 0.408003 0.173527 0.255499 0.900662
0.769331 0.776669 0.073815 0.173016 0.705560 0.823731 0.117335 0.447240 0.408980 0.095694 0.126758 0.810643
0.758592 0.811190 0.050886 0.057594 0.747271 0.721184 0.081608 0.457859 0.455245 0.197565 0.229933 0.823493
0.747809 0.719145 0.072205 0.090176 0.708873 0.858811 0.033889 0.296906 0.397789 0.213689 0.213955 0.915469
0.725519 0.797525 -0.013446 0.151238 0.758430 0.828002 0.088926 0.243604 0.334515 0.221197 0.259435 0.821802
0.811327 0.793207 -0.026750 0.107469 0.715408 0.778823 -0.018139 0.339739 0.458298 0.076775 0.168069 0.858082
0.700668 0.783617 0.043691 0.104779 0.772087 0.733781 0.125642 0.397852 0.406153 0.158976 0.212738 0.842435
0.710732 0.763257 0.088697 0.056672 0.668419 0.792268 0.063849 0.314300 0.316931 0.134082 0.195413 0.863678
0.752674 0.656760 0.002295 0.098853 0.707305 0.778639 0.103824 0.344384 0.396446 0.194539 0.199398 0.833533
0.775197 0.777112 0.063683 0.083414 0.757881 0.818439 0.027514 0.349190 0.444300 0.173832 0.291810 0.917682
0.859311 0.799889 -0.005003 0.078548 0.707752 0.770209 0.011759 0.368980 0.440425 0.138451 0.306634 0.701716
0.813425 0.723806 0.020328 0.104550 0.677099 0.685199 0.018168 0.343700 0.409549 0.200764 0.287513 0.813115
0.744924 0.790062 -0.016351 0.082364 0.640274 0.890620 0.095206 0.418169 0.384531 0.112266 0.182881 0.765893
0.810618 0.751644 0.085867 -0.010664 0.829165 0.791997 -0.009715 0.307012 0.380778 0.224914 0.219561 0.843911
0.825683 0.763373 0.037514 0.121534 0.739612 0.695699 0.005306 0.377913 0.368617 0.100810 0.333634 0.811378
0.804744 0.748039 -0.078654 0.129736 0.713375 0.907583 -0.000917 0.313248 0.334596 0.163209 0.318244 0.882812
0.837721 0.794975 -0.075137 0.024907 0.765744 0.749554 0.042084 0.394543 0.346469 0.147111 0.250515 0.865085
0.799184 0.750672 0.027354 0.047055 0.793812 0.764071 0.142835 0.350406 0.395104 0.247879 0.268102 0.745751
0.740414 0.813875 0.060820 0.149305 0.726713 0.778479 0.060884 0.313530 0.380236 0.188579 0.211649 0.902928
0.718773 0.756603 0.023838 0.025012 0.675179 0.891532 -0.039602 0.327618 0.416155 0.213260 0.211076 0.872443
0.752327 0.767666 0.020898 0.183168 0.793180 0.774066 0.016657 0.314123 0.398881 0.279464 0.266604 0.906685
0.842030 0.711229 0.020670 0.110996 0.768926 0.789552 0.112969 0.390263 0.416869 0.180774 0.198746 0.827243
0.714357 0.815659 0.041178 0.088256 0.754704 0.802871 0.092643 0.318702 0.400668 0.231189 0.183959 0.940404
0.828074 0.774320 0.053450 0.165055 0.736272 0.862652 0.109174 0.391799 0.451718 0.163696 0.215180 0.909611
0.718661 0.687664 -0.017097 0.006803 0.633175 0.799181 0.043003 0.297287 0.308515 0.188423 0.206928 0.838658
0.804770 0.827887 -0.004253 0.135262 0.671937 0.733013 0.087742 0.359038 0.354018 0.145767 0.264503 0.824268
0.814051 0.815524 -0.015538 0.119941 0.767285 0.861460 0.106347 0.343076 0.307512 0.165305 0.193390 0.857509
0.829761 0.732677 -0.046560 0.129068 0.641933 0.779222 0.098337 0.382943 0.393002 0.165594 0.192503 0.857537
0.724880 0.780168 -0.017590 -0.009962 0.744282 0.784197 0.027361 0.407547 0.459521 0.201709 0.192791 0.887593
0.795162 0.878007 0.029805 0.093873 0.764175 0.784903 -0.027860 0.323260 0.251767 0.125001 0.178088 0.878237
