26 12 13
0.799773 0.818477 0.427723 0.758583 0.133796 0.384276 1.007034 0.662401 0.568418 0.610112 0.564644 0.982427
0.821117 0.872508 0.507505 0.800457 0.029984 0.430027 0.988007 0.579119 0.548822 0.601854 0.567419 0.999170
0.721831 0.806800 0.371450 0.789906 0.121839 0.272032 1.047576 0.572746 0.507135 0.575970 0.442149 1.010158
0.700876 0.907686 0.369489 0.823138 0.057891 0.383372 1.030301 0.652379 0.508220 0.700723 0.583777 0.946856
0.752177 0.844235 0.519676 0.696734 0.074665 0.361321 0.903370 0.659176 0.602495 0.622683 0.568488 0.977903
0.824203 0.205719 0.678559 0.246170 0.076995 0.281277 0.578545 0.560554 0.422867 0.436973 0.403125 0.922733
0.784992 0.352034 0.641201 0.189819 0.027268 0.329371 0.546681 0.578496 0.405322 0.471693 0.364031 1.028965
0.864091 0.213976 0.750033 0.205764 0.081283 0.395861 0.699536 0.521534 0.474258 0.458434 0.461010 1.059479
0.742173 0.227234 0.761106 0.160607 0.057665 0.372798 0.489071 0.529084 0.411149 0.473676 0.384086 1.018278
0.628613 0.251000 0.651164 0.284704 0.108001 0.300218 0.604522 0.599345 0.409558 0.449315 0.361490 0.945738
0.761323 0.229443 0.690240 0.074951 0.127103 0.312340 0.562112 0.520586 0.412733 0.460782 0.422243 1.057079
0.836681 0.257789 0.731734 0.199360 0.144845 0.298808 0.605310 0.524541 0.491628 0.419267 0.310800 1.065623
0.838523 0.290495 0.670082 0.236092 0.056570 0.255057 0.662603 0.517082 0.444933 0.410317 0.437768 1.010952
0.777269 0.303169 0.727576 0.170268 0.079384 0.344238 0.630518 0.556965 0.417595 0.563544 0.394184 1.006244
0.651846 0.326733 0.755850 0.227653 0.126628 0.252262 0.677434 0.636771 0.384836 0.453976 0.477754 1.081147
0.650240 -0.003085 0.957638 0.845611 0.936122 0.301863 0.524471 0.321587 0.948294 1.042395 0.755043 0.983698
0.692992 0.076643 0.981248 0.870538 0.924753 0.310015 0.492354 0.388150 0.755428 1.034536 0.719731 0.992979
0.634994 0.004059 0.950647 0.861560 0.970393 0.442116 0.424489 0.379409 0.929892 1.001225 0.745406 0.889747
0.616278 0.031427 1.079704 0.830303 1.003915 0.373039 0.498056 0.352878 0.865415 0.996138 0.742219 0.913378
0.618572 -0.089093 0.987933 0.847679 0.990376 0.288921 0.496706 0.245773 0.974793 1.059334 0.767247 0.947150
0.815628 0.187534 0.828426 0.222558 0.064392 0.343443 0.697412 0.541611 0.381680 0.506296 0.351140 1.030325
0.841797 0.245099 0.717567 0.162510 0.108195 0.347515 0.686098 0.458296 0.425092 0.489130 0.412178 0.985564
0.764009 0.267632 0.691302 0.117378 0.108882 0.319507 0.577528 0.563642 0.337086 0.578932 0.352660 1.039343
0.734161 0.177527 0.680346 0.213608 0.093390 0.194904 0.703967 0.473186 0.454212 0.492460 0.321195 0.912682
0.720521 0.241122 0.766594 0.175358 0.264164 0.272574 0.710259 0.556671 0.387901 0.374838 0.345280 0.960790
0.806689 0.276278 0.729295 0.227124 0.104717 0.357468 0.726499 0.591367 0.404345 0.527218 0.316949 0.970555
