24 12 4
0.273252 0.618235 0.399483 0.120636 0.454211 0.587102 0.246157 0.794934 0.425585 0.794976 0.029566 0.896653
0.335215 0.635523 0.304751 0.067322 0.519776 0.710939 0.228077 0.717497 0.448153 0.839306 0.042794 0.947656
0.304415 0.697563 0.338691 0.141601 0.490989 0.633356 0.304798 0.727439 0.399505 0.750225 0.042788 0.885409
0.270910 0.661606 0.265471 0.074728 0.456028 0.666864 0.216922 0.865744 0.470524 0.738257 0.026943 0.896195
0.588115 0.967766 0.310965 0.640337 0.014991 0.203309 0.241110 0.171783 0.625725 0.629079 0.680774 0.130193
0.619519 0.877931 0.341408 0.720139 -0.020312 0.256760 0.193025 0.138711 0.621314 0.692346 0.772767 0.047004
0.533174 0.863820 0.260151 0.709965 0.019573 0.149815 0.231031 0.233032 0.585568 0.790666 0.774208 0.100522
0.576534 0.985692 0.322352 0.676841 -0.091716 0.188501 0.186316 0.160120 0.627637 0.687456 0.732178 -0.005540
0.543142 0.867986 0.348380 0.658409 0.100675 0.307312 0.128970 0.224303 0.554807 0.611187 0.704965 0.074581
0.634918 1.004227 0.389281 0.697605 0.012175 0.259322 0.199038 0.139832 0.560785 0.671985 0.678569 0.120224
0.576649 0.922071 0.360018 0.672131 -0.044729 0.212956 0.154174 0.195681 0.593689 0.785203 0.720054 0.055065
0.615340 0.851210 0.248461 0.608759 0.088321 0.231698 0.215971 0.244017 0.524774 0.681554 0.679783 0.038893
0.635121 0.435723 0.994420 0.334100 0.386013 0.647926 0.482936 0.882973 0.661776 0.263431 0.146027 0.228848
0.639695 0.328726 0.891825 0.446380 0.307654 0.627549 0.438153 0.789446 0.505657 0.292925 0.114884 0.183636
0.641461 0.463968 0.917259 0.419950 0.291981 0.681513 0.407450 1.017642 0.485890 0.242541 0.122447 0.200645
0.673818 0.349742 0.903296 0.383031 0.364536 0.752880 0.340791 0.904237 0.560763 0.230947 0.189104 0.127324
0.596702 0.930528 0.281192 0.727622 0.073397 0.151314 0.231740 0.106389 0.641474 0.717567 0.738276 0.074379
0.569418 0.915817 0.360031 0.638983 0.090774 0.240365 0.196882 0.215063 0.579748 0.646744 0.807543 -0.090375
0.533380 0.944515 0.273929 0.643198 0.012593 0.216645 0.163247 0.168930 0.526975 0.683527 0.748857 0.129716
0.576147 0.867749 0.424524 0.661229 -0.010809 0.219888 0.083302 0.147391 0.604616 0.718908 0.641022 -0.002004
0.503256 0.904005 0.327839 0.666265 -0.008795 0.238156 0.166033 0.168587 0.600599 0.759166 0.762512 0.163415
0.649204 0.898533 0.223405 0.657076 0.064144 0.266702 0.299622 0.152518 0.597179 0.690433 0.694096 0.058390
0.578902 1.022156 0.329309 0.690799 0.003606 0.212932 0.189809 0.147479 0.587289 0.641396 0.652450 0.068532
0.625786 0.858937 0.275302 0.719932 0.028006 0.239328 0.171709 0.142181 0.555736 0.714991 0.749902 0.034344
