600 12 300
0.368689 0.152314 0.272376 0.501321 0.386705 0.818769 0.855922 0.488056 0.207028 0.923884 0.514686 0.168684
0.440251 0.193436 0.327583 0.533512 0.371854 0.772373 0.860297 0.583835 0.238498 0.966622 0.523445 0.051119
0.303275 0.219115 0.266502 0.441621 0.315517 0.922725 0.729736 0.510000 0.237360 0.824622 0.634197 0.070477
0.442082 0.200491 0.341959 0.543471 0.512674 0.796458 0.798341 0.471589 0.186081 0.836388 0.531809 0.029180
0.449660 0.104660 0.257768 0.533338 0.405213 0.809041 0.732550 0.438150 0.116812 0.922417 0.413354 0.025319
0.448748 0.143485 0.292811 0.523464 0.323127 0.740742 0.784742 0.487044 0.181518 0.815641 0.564723 0.124600
0.378107 0.129057 0.276496 0.517260 0.340116 0.933092 0.813070 0.497362 0.126574 0.874238 0.521711 0.087679
0.481558 0.144237 0.261221 0.434519 0.398494 0.780830 0.847249 0.416939 0.265768 0.882163 0.522231 0.064183
0.528756 0.201811 0.284902 0.446731 0.379039 0.780071 0.760151 0.510158 0.164483 0.870875 0.487201 0.032803
0.467227 0.243733 0.329524 0.557192 0.480186 0.839749 0.818712 0.491221 0.161232 0.854788 0.495436 0.152651
0.426627 0.206155 0.401449 0.510306 0.377744 0.798603 0.865594 0.487587 0.183023 0.944254 0.485359 0.090985
0.323449 0.124362 0.315164 0.447919 0.405616 0.784414 0.777328 0.553459 0.185387 0.861199 0.516257 0.103188
0.425448 0.054950 0.399011 0.538845 0.506479 0.802278 0.789968 0.486976 0.118834 0.993027 0.468121 0.067297
0.457563 0.150193 0.217104 0.473603 0.371158 0.810777 0.717173 0.508336 0.112638 0.863025 0.476997 0.093643
0.386668 0.111064 0.255086 0.552781 0.466000 0.738392 0.716926 0.473596 0.132589 0.846247 0.449921 0.072209
0.327580 0.179600 0.352665 0.501989 0.392422 0.777756 0.724445 0.490386 0.188598 0.904012 0.568832 0.061631
0.456662 0.122617 0.367815 0.493987 0.321873 0.834295 0.733336 0.494869 0.104492 0.891123 0.589720 0.050881
0.450443 0.166853 0.224721 0.535962 0.319315 0.686391 0.777525 0.463921 0.135852 0.908936 0.488752 0.142365
0.500425 0.172886 0.353878 0.576812 0.351138 0.820466 0.730780 0.382986 0.196402 0.825098 0.670372 0.133501
0.427065 0.140333 0.229902 0.416528 0.338556 0.767248 0.728226 0.457869 0.276104 0.847178 0.565327 0.081533
0.438125 0.173534 0.324649 0.554921 0.398440 0.907138 0.715141 0.472172 0.201450 0.866278 0.613211 0.091905
0.358292 0.183039 0.272172 0.507520 0.502517 0.830692 0.849171 0.535735 0.284163 0.924122 0.528418 0.002710
0.371619 0.202601 0.350602 0.525699 0.396144 0.803145 0.756585 0.543051 0.138113 0.898988 0.486530 0.025081
0.362925 0.228043 0.226158 0.484254 0.454531 0.748104 0.698894 0.559935 0.118239 0.911383 0.496261 0.073822
0.419837 0.061925 0.341974 0.566636 0.472018 0.862865 0.807677 0.467475 0.187864 0.976361 0.651937 0.155647
0.438502 0.163751 0.300528 0.599721 0.372792 0.827802 0.901936 0.458725 0.195955 0.936606 0.508572 0.144654
0.354984 0.257136 0.295822 0.540073 0.427095 0.828341 0.826979 0.529764 0.217465 0.824597 0.472494 0.133598
0.477362 0.129442 0.310528 0.514465 0.434884 0.757865 0.879723 0.481266 0.157220 0.944574 0.519159 0.105795
0.469847 0.142868 0.263445 0.494907 0.423783 0.864457 0.690047 0.494953 0.136941 0.963679 0.553605 0.187087
0.430371 0.134231 0.296991 0.514502 0.448155 0.858908 0.807872 0.494753 0.139656 0.942677 0.565309 0.122099
0.432457 0.099031 0.383279 0.565303 0.347060 0.701140 0.807977 0.497005 0.146515 0.790742 0.584432 0.099356
0.456921 0.170010 0.363220 0.431631 0.380438 0.790082 0.831003 0.484789 0.167898 0.882180 0.481420 0.103508
0.345114 0.122768 0.254119 0.485397 0.379473 0.826223 0.803243 0.484832 0.199931 0.936526 0.470297 0.117076
0.350623 0.095090 0.387433 0.537200 0.411280 0.718242 0.744069 0.441778 0.131843 0.858326 0.589130 0.127362
0.365937 0.155252 0.304719 0.427316 0.409815 0.811611 0.841764 0.477716 0.227359 0.893174 0.489858 0.103508
0.359404 0.200453 0.331420 0.485768 0.293627 0.771957 0.806542 0.464087 0.251853 0.837918 0.592242 0.180073
0.422049 0.188386 0.382280 0.543759 0.413678 0.766365 0.767961 0.549381 0.132452 0.868771 0.500043 -0.012516
0.429807 0.195965 0.365059 0.526503 0.471673 0.809648 0.807121 0.547573 0.181019 0.937990 0.540484 0.038016
0.415441 0.152362 0.319896 0.422105 0.480830 0.803999 0.777640 0.501703 0.187896 0.860517 0.524894 0.101687
0.436491 0.184128 0.256590 0.517256 0.410220 0.771676 0.775173 0.470960 0.178924 0.929527 0.467003 0.062869
0.515569 0.131137 0.317135 0.509741 0.432115 0.749219 0.730571 0.473571 0.126464 0.886455 0.529124 0.080763
0.485112 0.091132 0.288445 0.478521 0.422823 0.711950 0.792125 0.500355 0.257005 0.964646 0.582256 0.063544
0.406351 0.194011 0.235348 0.493980 0.343070 0.752564 0.807984 0.442832 0.164307 0.883043 0.595692 0.067133
0.461257 0.136679 0.255877 0.536146 0.439043 0.793111 0.797937 0.401379 0.212259 0.783390 0.504835 0.106591
0.407427 0.119509 0.238262 0.402039 0.386489 0.778072 0.825285 0.487703 0.211150 0.831759 0.562074 0.199628
0.404835 0.094019 0.453498 0.494335 0.352984 0.811880 0.834598 0.560472 0.300516 0.920474 0.577705 0.068133
0.356927 0.219594 0.316624 0.501975 0.435628 0.847359 0.817827 0.503386 0.180943 0.897162 0.518134 0.109043
0.406739 0.156610 0.367302 0.431122 0.348094 0.825818 0.791707 0.422107 0.167053 0.911333 0.503375 0.181106
0.423255 0.184036 0.360990 0.572932 0.365721 0.903103 0.747255 0.588820 0.201782 0.910053 0.532874 0.201979
0.464567 0.149179 0.250022 0.564771 0.399590 0.883840 0.834784 0.523695 0.156688 0.851277 0.559145 0.071907
0.429828 0.133361 0.381437 0.506047 0.460823 0.777460 0.799622 0.493391 0.086797 0.933884 0.564130 0.143904
0.389441 0.180964 0.234932 0.538338 0.422678 0.864006 0.827101 0.496035 0.268296 0.896996 0.592572 0.062450
0.444904 0.117449 0.326464 0.483877 0.381356 0.874310 0.884823 0.482678 0.154911 0.894724 0.546402 0.137038
0.465442 0.108507 0.248374 0.441143 0.392775 0.871237 0.707139 0.463910 0.181926 0.862856 0.557561 0.046777
0.403483 0.155575 0.205322 0.444322 0.400673 0.790284 0.784498 0.502937 0.134308 0.985048 0.447763 0.079915
0.438400 0.112533 0.253919 0.526376 0.452807 0.792338 0.740402 0.523315 0.162888 0.900752 0.548622 0.145938
0.498434 0.223423 0.288286 0.521620 0.385836 0.755838 0.825466 0.473279 0.144449 0.952712 0.591402 0.125837
0.456229 0.139923 0.314519 0.468237 0.480056 0.813782 0.785028 0.452133 0.122330 0.879115 0.436237 0.153311
0.403265 0.227489 0.244823 0.549066 0.303087 0.909816 0.834902 0.451734 0.235446 0.891629 0.570960 0.076795
0.368925 0.195202 0.332272 0.436788 0.286972 0.775165 0.802598 0.487586 0.211611 0.889853 0.555579 0.148320
0.323859 0.150818 0.250064 0.545165 0.418865 0.804786 0.837104 0.537426 0.228979 0.870295 0.425601 0.109587
0.437291 0.213842 0.360627 0.529583 0.428860 0.781599 0.869424 0.468470 0.215922 0.939974 0.519889 0.107326
0.375676 0.185297 0.338394 0.556907 0.379172 0.818806 0.816009 0.465791 0.236913 0.904776 0.498751 0.134765
0.346104 0.195975 0.290323 0.530937 0.376122 0.700871 0.801477 0.488739 0.156780 0.785458 0.470714 0.105505
0.433549 0.168197 0.301580 0.498291 0.387517 0.795302 0.735854 0.518487 0.177960 0.864025 0.573380 0.044522
0.347692 0.120764 0.325223 0.475906 0.461768 0.792285 0.794362 0.508107 0.213721 0.928291 0.508261 0.055556
0.427604 0.106231 0.260915 0.464426 0.480360 0.932564 0.900172 0.456092 0.219010 0.887915 0.544334 0.116449
0.410227 0.174991 0.347616 0.432586 0.487137 0.846911 0.669852 0.393302 0.286420 0.841654 0.600426 0.065039
0.364693 0.194664 0.315717 0.488922 0.361198 0.822996 0.828031 0.432455 0.223596 0.785552 0.517531 0.078297
0.459486 0.094002 0.247688 0.483926 0.431651 0.704219 0.807851 0.406697 0.191846 0.865239 0.590254 0.046781
0.517629 0.221305 0.362000 0.506391 0.399009 0.777842 0.783316 0.508593 0.247559 0.869726 0.639504 0.067119
0.465811 0.153815 0.292920 0.499898 0.363729 0.797561 0.740538 0.497053 0.204716 0.812142 0.503369 0.101636
0.302587 0.123297 0.284245 0.433665 0.368903 0.720710 0.847869 0.485722 0.148921 0.834641 0.549176 0.151939
0.403100 0.107197 0.414559 0.427109 0.462211 0.799853 0.743514 0.439290 0.316609 0.951325 0.495608 0.154458
0.506860 0.229877 0.245754 0.479372 0.303895 0.744207 0.773258 0.420546 0.121908 0.869839 0.552312 0.090670
0.365439 0.260487 0.275627 0.430177 0.446856 0.771775 0.808982 0.413146 0.197475 0.877855 0.501731 0.022874
0.449747 0.186025 0.386568 0.493826 0.337195 0.739364 0.769107 0.524160 0.160593 0.849969 0.485695 0.009525
0.483486 0.130846 0.249827 0.499166 0.352397 0.769454 0.808113 0.472627 0.164816 0.899197 0.499481 0.039011
0.568220 0.142236 0.279481 0.530376 0.447363 0.859572 0.869478 0.429883 0.188757 0.805678 0.557017 0.106869
0.326486 0.174176 0.256628 0.458481 0.467021 0.702439 0.703029 0.575625 0.177669 0.853252 0.602794 0.118675
0.397187 0.193667 0.281338 0.525828 0.365019 0.804128 0.781409 0.433116 0.183371 0.902727 0.488849 0.166907
0.446748 0.089383 0.280148 0.559031 0.403019 0.787631 0.804388 0.553736 0.259176 0.900113 0.511802 0.094035
0.428901 0.123097 0.298334 0.450542 0.506322 0.813983 0.804037 0.470255 0.159629 0.820489 0.523034 0.057078
0.436926 0.194359 0.304694 0.460094 0.389893 0.803926 0.824389 0.507558 0.166676 0.938640 0.587112 0.106568
0.321317 0.117638 0.312730 0.505165 0.414708 0.854887 0.733044 0.504245 0.211407 0.904998 0.510615 0.010408
0.479738 0.137013 0.244154 0.605967 0.328642 0.827416 0.779539 0.419709 0.189818 0.805017 0.484821 0.074268
0.372419 0.202890 0.332514 0.494548 0.439028 0.822280 0.808193 0.430509 0.175311 0.836895 0.457018 0.095857
0.383379 0.161247 0.182609 0.449466 0.477265 0.822252 0.813376 0.551553 0.312433 0.797502 0.546435 0.132860
0.379019 0.118741 0.293409 0.472237 0.458652 0.897596 0.765046 0.497457 0.146524 0.848934 0.481438 0.077821
0.446746 0.280163 0.323169 0.503744 0.414215 0.745970 0.804120 0.540531 0.116545 0.895699 0.537612 0.108499
0.428166 0.205496 0.328619 0.508674 0.480059 0.843991 0.796522 0.534620 0.181078 0.949914 0.486419 0.106791
0.517502 0.139507 0.267719 0.511551 0.487372 0.836917 0.791287 0.427364 0.172095 0.858680 0.592264 0.193453
0.440145 0.243575 0.294752 0.427826 0.390179 0.758466 0.825891 0.482892 0.148856 0.953002 0.441700 0.030155
0.451601 0.104946 0.344315 0.466621 0.402592 0.803754 0.780954 0.528941 0.174160 0.932686 0.576646 0.066101
0.337820 0.139769 0.244704 0.489220 0.372483 0.822156 0.722342 0.480664 0.210538 0.812310 0.539841 0.160703
0.519878 0.115966 0.272231 0.443079 0.351146 0.793615 0.862743 0.553810 0.172873 0.900328 0.581814 0.170573
0.413562 0.242038 0.329590 0.453578 0.418490 0.784187 0.831234 0.466993 0.222414 0.835988 0.661645 0.114490
0.495445 0.142570 0.211274 0.466352 0.366061 0.815620 0.759033 0.493444 0.171091 0.946564 0.546479 0.086208
0.427401 0.167472 0.238184 0.563731 0.367701 0.798848 0.761078 0.467212 0.118040 0.890224 0.472897 0.122657
0.382354 0.198939 0.233491 0.548086 0.451884 0.779352 0.802335 0.499417 0.180196 0.926583 0.479735 0.175126
0.423585 0.173847 0.894142 0.562828 0.290394 0.297127 0.780267 0.813513 0.035872 0.681980 0.706428 0.402930
0.398197 0.198240 0.900416 0.563161 0.313694 0.387569 0.797134 0.829967 0.036277 0.621133 0.659043 0.475452
0.415825 0.230774 0.807021 0.499089 0.219260 0.399098 0.808699 0.689848 0.045004 0.574207 0.660509 0.437545
0.377275 0.174870 0.825869 0.524742 0.258350 0.360456 0.760465 0.715707 0.030790 0.725825 0.663020 0.443106
0.416763 0.184403 0.808748 0.538299 0.327687 0.387419 0.807938 0.763912 0.009845 0.717972 0.669936 0.524344
0.418635 0.168545 0.879505 0.502787 0.288650 0.362463 0.706799 0.815910 0.144030 0.729757 0.668299 0.446891
0.451343 0.209461 0.868797 0.600909 0.266315 0.434516 0.748831 0.695023 0.043897 0.572994 0.646509 0.507975
0.460251 0.266664 0.886225 0.562202 0.299895 0.430779 0.781898 0.849997 0.075728 0.660603 0.622216 0.507110
0.361617 0.187776 0.831129 0.465731 0.269490 0.338087 0.800052 0.771145 0.022989 0.642545 0.700230 0.484268
0.443836 0.246670 0.863932 0.544545 0.225188 0.275053 0.759095 0.799391 0.014310 0.605206 0.764072 0.491823
0.421920 0.225437 0.797756 0.518506 0.288033 0.269458 0.753458 0.840996 0.093858 0.669446 0.675479 0.519990
0.389364 0.187015 0.912627 0.522374 0.177668 0.365518 0.770645 0.737903 0.065462 0.578034 0.728886 0.525547
0.394602 0.183587 0.837996 0.501821 0.267454 0.490007 0.754558 0.891563 -0.044001 0.674526 0.635148 0.551272
0.404423 0.114095 0.786896 0.488281 0.425795 0.329106 0.746906 0.790570 0.009420 0.696636 0.599713 0.429083
0.438976 0.118561 0.930135 0.529571 0.209507 0.397496 0.806953 0.800025 0.054559 0.678015 0.615890 0.498334
0.402566 0.158906 0.869559 0.573299 0.316359 0.311890 0.722925 0.837366 0.009282 0.711525 0.718650 0.455718
0.340885 0.127029 0.864694 0.500763 0.213609 0.378794 0.774221 0.821671 -0.017392 0.720136 0.687789 0.511415
0.502865 0.165096 0.921761 0.619782 0.251196 0.354337 0.682525 0.791308 -0.012466 0.668705 0.677295 0.524757
0.418650 0.221432 0.893505 0.495003 0.358860 0.360136 0.696941 0.793625 0.023273 0.648756 0.602502 0.519235
0.504122 0.231741 0.820350 0.529211 0.308809 0.426510 0.713010 0.809297 0.002353 0.757736 0.668032 0.441128
0.493170 0.226976 0.875315 0.525524 0.294550 0.448278 0.751520 0.807090 0.060810 0.698002 0.707775 0.441638
0.376138 0.189391 0.885955 0.552739 0.344443 0.304498 0.801379 0.755378 0.058933 0.645091 0.800676 0.498638
0.428663 0.205909 0.747712 0.558599 0.328587 0.362972 0.761918 0.785514 0.020660 0.692153 0.716994 0.500315
0.377682 0.113089 0.874440 0.643594 0.276268 0.234896 0.774550 0.941646 0.101364 0.615352 0.666090 0.508643
0.454310 0.193490 0.881940 0.559468 0.236714 0.368681 0.819478 0.644083 0.030877 0.683874 0.747214 0.567254
0.403995 0.155102 0.943109 0.526324 0.356015 0.467054 0.802250 0.806194 -0.001881 0.682674 0.732187 0.510064
0.453824 0.127815 0.787254 0.513732 0.272976 0.346274 0.822510 0.806297 0.033668 0.720265 0.718796 0.341680
0.341249 0.229659 0.895573 0.513874 0.242040 0.369951 0.650231 0.789934 -0.052295 0.666656 0.711888 0.518695
0.491563 0.278980 0.883503 0.615462 0.189959 0.371889 0.859688 0.782981 0.155985 0.630130 0.780206 0.485211
0.428854 0.186205 0.849952 0.603359 0.257800 0.339300 0.761657 0.786396 -0.016592 0.703529 0.738330 0.467015
0.430373 0.233396 0.785879 0.533050 0.219217 0.363057 0.794008 0.828418 0.042488 0.620209 0.663576 0.489285
0.579059 0.174030 0.899751 0.480274 0.289635 0.311121 0.776793 0.782458 0.099056 0.659361 0.765779 0.449053
0.403913 0.231293 0.827366 0.551393 0.231686 0.388819 0.778623 0.870874 0.121747 0.659675 0.757475 0.466444
0.351943 0.209854 0.821488 0.612819 0.151846 0.315711 0.789394 0.733028 0.018803 0.714355 0.728233 0.554809
0.392509 0.300540 0.843773 0.460465 0.209356 0.437595 0.762132 0.792077 0.022872 0.628925 0.663159 0.482755
0.315872 0.204712 0.853619 0.486403 0.322581 0.386146 0.781359 0.781795 0.042754 0.697090 0.680487 0.523421
0.424706 0.143157 0.896778 0.507567 0.264546 0.349794 0.801206 0.804863 0.137184 0.603723 0.755091 0.457082
0.384090 0.221394 0.823426 0.523582 0.325641 0.328575 0.757169 0.723527 0.043058 0.656297 0.749011 0.423049
0.436535 0.167780 0.876364 0.502473 0.314474 0.322803 0.809480 0.821112 0.069581 0.614407 0.653192 0.510641
0.489089 0.160799 0.915558 0.574283 0.277396 0.418796 0.765743 0.929527 -0.015942 0.619513 0.702789 0.503002
0.455615 0.177373 0.830969 0.511653 0.229138 0.406317 0.730691 0.768635 0.097434 0.620970 0.712190 0.549861
0.411552 0.244973 0.823576 0.478563 0.287732 0.280965 0.707811 0.838112 0.047968 0.761588 0.711427 0.362033
0.430850 0.190280 0.918787 0.585820 0.331795 0.362847 0.728557 0.874284 0.044738 0.646660 0.763433 0.449638
0.423744 0.262093 0.877362 0.573137 0.270701 0.307964 0.832943 0.845012 0.115284 0.614437 0.692518 0.524530
0.373783 0.074757 0.829536 0.572757 0.232948 0.402522 0.805937 0.866696 -0.020855 0.715044 0.682986 0.458635
0.467511 0.108766 0.917198 0.553632 0.253546 0.335831 0.720151 0.784820 0.026459 0.760147 0.744033 0.474542
0.463925 0.162903 0.860926 0.513667 0.219020 0.413899 0.813368 0.760486 0.131508 0.714237 0.688866 0.584196
0.450483 0.253608 0.893311 0.569407 0.304012 0.362958 0.801395 0.732784 0.021460 0.695847 0.700480 0.524340
0.405250 0.227578 0.878561 0.524604 0.266231 0.374017 0.785776 0.716806 0.052094 0.662716 0.747005 0.458124
0.432638 0.166215 0.821323 0.501972 0.260896 0.399984 0.762252 0.796234 0.108239 0.691678 0.764518 0.461460
0.370563 0.136296 0.835191 0.527985 0.308630 0.321617 0.777471 0.831480 0.023900 0.594487 0.669547 0.480364
0.456416 0.224994 0.859288 0.529307 0.207511 0.435768 0.728093 0.760131 0.067735 0.609417 0.759492 0.455525
0.413087 0.070043 0.867585 0.493737 0.260100 0.374886 0.763556 0.770593 -0.040918 0.715712 0.685440 0.454919
0.460965 0.247223 0.929722 0.573690 0.284512 0.372591 0.718886 0.798135 0.062341 0.675898 0.751512 0.502409
0.374590 0.267983 0.828391 0.582742 0.209324 0.458758 0.689793 0.737824 0.068693 0.665412 0.672176 0.483211
0.333937 0.234653 0.871656 0.583560 0.302792 0.371305 0.732738 0.758199 0.076316 0.644831 0.704088 0.482769
0.431249 0.239074 0.883177 0.527364 0.211996 0.450315 0.813994 0.858932 0.030661 0.779600 0.780115 0.396428
0.444611 0.149490 0.867495 0.529025 0.302365 0.378549 0.679607 0.768551 0.075161 0.657851 0.768163 0.470377
0.447756 0.237385 0.827053 0.534443 0.233776 0.305419 0.719746 0.811122 0.025755 0.697601 0.726287 0.358981
0.306575 0.298907 0.893682 0.510210 0.201782 0.428590 0.683563 0.766681 0.012535 0.609609 0.706833 0.492434
0.434713 0.183131 0.822875 0.637625 0.308980 0.366497 0.899509 0.749239 -0.017254 0.703575 0.644312 0.475465
0.464259 0.208117 0.856187 0.497796 0.320225 0.387049 0.771344 0.747379 0.074229 0.667105 0.717489 0.394792
0.404082 0.293709 0.874341 0.544210 0.229140 0.508166 0.763351 0.890690 -0.018022 0.632260 0.715509 0.545349
0.437276 0.157420 0.796445 0.419750 0.282489 0.403513 0.781468 0.886713 0.016907 0.655501 0.687683 0.538752
0.467709 0.106005 0.886538 0.561825 0.295269 0.363784 0.798739 0.750430 0.036664 0.688851 0.736953 0.428932
0.499394 0.217780 0.791278 0.500087 0.354053 0.339975 0.776013 0.873673 0.011544 0.723874 0.738635 0.534637
0.465927 0.122962 0.829087 0.523707 0.283912 0.395048 0.746706 0.862982 0.043674 0.658399 0.696458 0.434638
0.434420 0.191933 0.971661 0.509048 0.301932 0.404319 0.753499 0.717662 0.040868 0.684078 0.678069 0.506663
0.444154 0.215960 0.849346 0.558379 0.200579 0.335110 0.760328 0.768242 0.151441 0.701548 0.734402 0.542972
0.411771 0.222058 0.887583 0.518383 0.297971 0.394444 0.733614 0.810691 0.077453 0.776139 0.697467 0.546976
0.442400 0.184047 0.843109 0.643573 0.329499 0.356199 0.676074 0.811071 0.125648 0.629786 0.682254 0.513857
0.491993 0.164349 0.822302 0.445643 0.344087 0.339367 0.667428 0.714609 0.017393 0.620737 0.722328 0.442449
0.497149 0.170855 0.802890 0.643208 0.275937 0.354732 0.810653 0.798897 0.099149 0.643310 0.748574 0.434224
0.506482 0.179213 0.868988 0.538774 0.188569 0.442741 0.795955 0.819335 0.071787 0.682614 0.678718 0.439509
0.438148 0.188884 0.869260 0.528926 0.270098 0.385291 0.783122 0.739500 0.160553 0.728463 0.666036 0.424680
0.448945 0.194826 0.858422 0.521206 0.245048 0.352827 0.800486 0.834760 0.032658 0.641179 0.654989 0.474440
0.451725 0.064609 0.903305 0.566430 0.311658 0.341414 0.705143 0.768613 0.077744 0.678288 0.676250 0.441357
0.453485 0.144115 0.841143 0.492774 0.262757 0.332436 0.781006 0.817675 0.115460 0.715446 0.652397 0.480216
0.460833 0.262226 0.878392 0.550876 0.272522 0.364858 0.719568 0.782507 0.032287 0.735921 0.507507 0.535759
0.303373 0.178642 0.842133 0.441416 0.367866 0.421648 0.801864 0.808551 0.131626 0.682843 0.682676 0.485132
0.430586 0.125460 0.781005 0.435693 0.349022 0.457146 0.761889 0.786002 0.031239 0.642861 0.706578 0.435031
0.372622 0.168515 0.890834 0.600717 0.235990 0.305987 0.747972 0.728558 0.030306 0.698998 0.661151 0.403765
0.402125 0.211904 0.837963 0.523593 0.331012 0.282625 0.706894 0.837341 0.002778 0.675426 0.592943 0.444208
0.418336 0.290489 0.873179 0.579357 0.324042 0.352678 0.823340 0.733202 0.080741 0.764689 0.690764 0.481265
0.536873 0.121265 0.832438 0.479876 0.261494 0.345857 0.756280 0.762304 0.037892 0.701695 0.712130 0.518868
0.379647 0.195151 0.887278 0.562818 0.388687 0.304804 0.751775 0.842385 -0.006237 0.662980 0.691125 0.532137
0.456940 0.229693 0.932872 0.570567 0.331440 0.365395 0.760247 0.758173 0.031568 0.760684 0.745115 0.508204
0.428908 0.154109 0.797868 0.508422 0.218531 0.461693 0.774307 0.829125 0.011057 0.738646 0.746973 0.472165
0.508946 0.160334 0.876380 0.529051 0.201417 0.433155 0.711763 0.820132 0.060909 0.749109 0.689743 0.521593
0.415296 0.249603 0.828580 0.548895 0.262865 0.329296 0.779718 0.765107 0.101661 0.643874 0.658861 0.454346
0.435826 0.120106 0.920227 0.585859 0.294497 0.439854 0.699137 0.782263 0.032388 0.606121 0.718423 0.387644
0.435342 0.201132 0.834917 0.547360 0.236437 0.452588 0.691502 0.766192 0.152927 0.618235 0.762208 0.550369
0.494991 0.208109 0.812788 0.599252 0.243414 0.370916 0.770678 0.825625 0.081081 0.687550 0.694897 0.464375
0.412662 0.199289 0.852400 0.558362 0.288750 0.489124 0.688344 0.828047 0.057493 0.608902 0.667146 0.435092
0.450526 0.165574 0.781219 0.620907 0.247818 0.384639 0.826090 0.843547 0.097118 0.752949 0.642506 0.554508
0.438108 0.231009 0.846139 0.563688 0.238384 0.416743 0.763937 0.823721 0.033428 0.849873 0.630771 0.466059
0.428424 0.178426 0.851866 0.467931 0.336495 0.427465 0.784204 0.828631 -0.033223 0.674327 0.755701 0.467286
0.383285 0.113732 0.877046 0.544366 0.287497 0.366558 0.772101 0.843383 0.062044 0.742396 0.749961 0.404493
0.468295 0.215193 0.832521 0.554309 0.331158 0.465778 0.701008 0.792221 0.072172 0.651325 0.660203 0.505185
0.528220 0.188547 0.784494 0.444410 0.394488 0.399634 0.770217 0.722827 0.023145 0.699509 0.559760 0.471081
0.368816 0.260151 0.771646 0.521519 0.273421 0.410973 0.662715 0.723584 0.007459 0.683246 0.696310 0.424782
0.379647 0.199863 0.864149 0.605600 0.137106 0.398740 0.669318 0.790271 0.076610 0.657063 0.655163 0.498224
0.503201 0.126148 0.862877 0.453439 0.239977 0.403076 0.787816 0.754791 0.057874 0.643583 0.746426 0.501078
0.493779 0.162733 0.886566 0.549106 0.306844 0.313345 0.774131 0.800412 0.087281 0.729745 0.691537 0.556705
0.417752 0.129102 0.825758 0.519965 0.202898 0.406117 0.784780 0.765899 0.026215 0.624014 0.662560 0.505028
0.472375 0.227264 0.859274 0.531342 0.317402 0.332238 0.833723 0.789601 0.021319 0.676950 0.666053 0.428926
0.432731 0.181852 0.923911 0.498678 0.336727 0.378089 0.806634 0.815202 0.038997 0.642003 0.755864 0.448244
0.443451 0.146755 0.849517 0.585419 0.360483 0.349636 0.728957 0.770335 0.059908 0.693922 0.661246 0.444060
0.464113 0.198537 0.939724 0.595888 0.323434 0.373143 0.808929 0.826884 0.090907 0.710268 0.750849 0.418064
0.496091 0.214221 0.889049 0.495291 0.342768 0.343675 0.842446 0.770062 -0.019126 0.682692 0.647935 0.483306
0.351914 0.223927 0.792080 0.509535 0.269227 0.304378 0.829290 0.843704 0.061499 0.680168 0.787746 0.411762
0.419153 0.221823 0.890383 0.549316 0.172145 0.326894 0.817728 0.788396 0.096635 0.690733 0.638434 0.522010
0.394214 0.233080 0.877108 0.552900 0.310721 0.353105 0.723878 0.791313 0.014485 0.767707 0.708229 0.458209
0.374579 0.189024 0.938542 0.600468 0.306090 0.376729 0.723973 0.765137 0.063143 0.606368 0.772834 0.449969
0.450317 0.144504 0.920592 0.566399 0.275310 0.338142 0.769253 0.830159 0.015259 0.574343 0.758131 0.362593
0.365587 0.084398 0.885557 0.488831 0.237619 0.297370 0.789851 0.838489 -0.009491 0.700167 0.627597 0.419976
0.459201 0.151624 0.868075 0.513746 0.297735 0.317973 0.771038 0.787328 0.015193 0.707925 0.646366 0.487973
0.369321 0.249529 0.952025 0.512244 0.254872 0.357327 0.805370 0.766570 -0.053734 0.648786 0.729909 0.459021
0.414536 0.177203 0.851830 0.573010 0.263249 0.328620 0.837776 0.822411 0.092883 0.654935 0.681130 0.422271
0.458237 0.277515 0.911103 0.497212 0.248068 0.344648 0.747010 0.802779 0.106137 0.624962 0.682400 0.449225
0.462754 0.182714 0.850566 0.604606 0.300210 0.288542 0.773653 0.763514 -0.018937 0.604464 0.769742 0.457783
0.429680 0.194394 0.902523 0.530479 0.301311 0.405927 0.824422 0.844908 0.018443 0.631713 0.722034 0.515740
0.432224 0.216766 0.882112 0.515336 0.339360 0.235053 0.759950 0.726838 0.096820 0.713954 0.608767 0.516720
0.454638 0.210421 0.887908 0.465778 0.317126 0.369070 0.795140 0.718543 0.028871 0.693362 0.680199 0.494483
0.445508 0.165525 0.851851 0.526795 0.190815 0.409251 0.763476 0.848797 0.029650 0.649030 0.757370 0.363808
0.386345 0.243709 0.914090 0.523146 0.351137 0.274424 0.809014 0.769952 -0.027319 0.702348 0.767441 0.478935
0.400826 0.236989 0.874904 0.527148 0.316819 0.320522 0.697302 0.804941 0.016874 0.701538 0.699437 0.399682
0.437312 0.100961 0.844611 0.522650 0.261884 0.397544 0.851594 0.908309 0.092795 0.619621 0.618189 0.603720
0.469287 0.171129 0.815089 0.481096 0.275432 0.321760 0.807954 0.884626 0.050107 0.689432 0.737975 0.514722
0.401759 0.221272 0.835087 0.541535 0.308359 0.401879 0.714773 0.803166 0.066667 0.671483 0.686772 0.405802
0.487486 0.204482 0.848028 0.553967 0.293821 0.384724 0.836836 0.789043 0.035010 0.690242 0.595615 0.503719
0.427319 0.178229 0.872635 0.577214 0.307831 0.393533 0.813561 0.794219 0.157706 0.671698 0.703979 0.460719
0.416282 0.221586 0.873361 0.636294 0.293196 0.371040 0.695433 0.863817 0.089581 0.628242 0.698920 0.438029
0.388339 0.193053 0.724483 0.474691 0.228437 0.419556 0.806841 0.829407 0.010759 0.780271 0.668176 0.395642
0.448933 0.207601 0.871458 0.430547 0.249946 0.340126 0.705794 0.825925 -0.016762 0.602342 0.769034 0.494880
0.436788 0.226827 0.845897 0.543407 0.333994 0.370691 0.788243 0.703779 0.059130 0.606364 0.740564 0.505011
0.383632 0.209689 0.874098 0.580633 0.258002 0.392350 0.749539 0.815545 0.059933 0.630236 0.732467 0.519882
0.392706 0.159467 0.948999 0.502026 0.238067 0.353960 0.849892 0.846613 0.197949 0.678097 0.780642 0.461034
0.461482 0.093339 0.829077 0.512359 0.293420 0.414095 0.693093 0.862804 0.137885 0.622065 0.692022 0.418283
0.494538 0.170145 0.892125 0.589488 0.325794 0.394197 0.769520 0.886910 0.039074 0.642134 0.665393 0.502036
0.454389 0.313526 0.885186 0.592523 0.215591 0.257994 0.717142 0.771541 0.073900 0.676614 0.695248 0.529605
0.350735 0.234382 0.900198 0.548765 0.375115 0.456091 0.799972 0.742494 -0.003643 0.621208 0.647115 0.422737
0.303564 0.192918 0.829652 0.507887 0.239229 0.352782 0.738662 0.765003 0.135187 0.688026 0.615332 0.480851
0.427306 0.199889 0.851971 0.563094 0.314777 0.390702 0.734128 0.775268 0.099589 0.661784 0.652769 0.512260
0.371129 0.119691 0.868309 0.458869 0.205742 0.481527 0.762350 0.793988 0.090320 0.733312 0.752195 0.432344
0.432650 0.222822 0.881154 0.503466 0.224951 0.403641 0.833946 0.818760 0.060778 0.666414 0.693909 0.481518
0.503762 0.201985 0.788081 0.553357 0.265438 0.331467 0.818921 0.855251 0.055837 0.592978 0.687889 0.497051
0.446416 0.186602 0.825458 0.539828 0.255444 0.362476 0.847681 0.803614 0.015585 0.665937 0.736650 0.393910
0.456168 0.095966 0.899067 0.567473 0.323828 0.332018 0.798195 0.924520 0.064404 0.691427 0.705153 0.553119
0.429827 0.174827 0.893636 0.530286 0.328523 0.440884 0.818500 0.842566 0.061036 0.703265 0.728979 0.480812
0.451656 0.164641 0.889454 0.465837 0.261730 0.359544 0.752700 0.802431 0.111648 0.653839 0.738305 0.423827
0.420827 0.252612 0.836960 0.522555 0.262409 0.281029 0.812756 0.754129 0.045492 0.693474 0.720276 0.483431
0.391892 0.197441 0.929620 0.491458 0.294592 0.305824 0.663106 0.812426 0.014923 0.745945 0.656464 0.485020
0.393500 0.166215 0.819109 0.588914 0.311283 0.442662 0.786200 0.773995 0.135323 0.648073 0.748570 0.514898
0.538349 0.157050 0.783186 0.458765 0.360999 0.430443 0.732260 0.759649 0.074981 0.660679 0.775151 0.560969
0.423765 0.172473 0.882565 0.633204 0.290393 0.294303 0.792191 0.819008 0.113940 0.673614 0.743008 0.509035
0.441579 0.152153 0.832111 0.572108 0.249213 0.362157 0.608299 0.894480 0.089058 0.688171 0.678551 0.468668
0.483965 0.261385 0.867680 0.602518 0.362617 0.404912 0.734894 0.769321 0.030145 0.624675 0.759951 0.459788
0.424273 0.146324 0.872550 0.506509 0.216232 0.361906 0.778231 0.732882 0.098793 0.721363 0.612645 0.527782
0.505801 0.162074 0.894986 0.591884 0.275394 0.309788 0.806048 0.811926 0.081920 0.757515 0.647163 0.472777
0.437781 0.270187 0.838779 0.548308 0.360369 0.396175 0.780266 0.703013 0.090869 0.577197 0.779212 0.433253
0.482295 0.218636 0.808390 0.483202 0.150143 0.445427 0.661700 0.728781 0.016567 0.746631 0.734270 0.402828
0.484918 0.193826 0.811378 0.600289 0.289184 0.389752 0.737486 0.873854 0.081475 0.714810 0.636074 0.493339
0.497225 0.151027 0.891550 0.582706 0.322848 0.302541 0.778042 0.810421 0.011105 0.734630 0.705011 0.587632
0.308503 0.137994 0.802113 0.669926 0.254006 0.376712 0.689118 0.741148 0.066994 0.680308 0.731668 0.507905
0.405271 0.199421 0.786276 0.611357 0.251825 0.350815 0.803273 0.805866 -0.055111 0.691089 0.675153 0.441451
0.514974 0.168210 0.841852 0.481148 0.287771 0.301832 0.839737 0.778871 0.018887 0.672739 0.674558 0.400159
0.372649 0.184172 0.931771 0.521058 0.287732 0.354750 0.740609 0.747878 0.054815 0.635154 0.676409 0.427040
0.421368 0.210414 0.821975 0.463380 0.299240 0.428668 0.778136 0.723604 0.117108 0.629137 0.674575 0.504947
0.487983 0.216323 0.853905 0.579233 0.380216 0.351368 0.898237 0.765352 0.169839 0.728441 0.715814 0.478195
0.415217 0.109032 0.927555 0.581300 0.315145 0.314781 0.752626 0.752046 -0.057912 0.681915 0.671831 0.496146
0.502729 0.222335 0.848248 0.534007 0.241250 0.313640 0.738217 0.655668 0.105843 0.690779 0.728706 0.482292
0.450351 0.118187 0.881434 0.549741 0.229958 0.385510 0.762583 0.733672 0.098524 0.731464 0.747539 0.565006
0.432509 0.143687 0.857644 0.574172 0.262272 0.443260 0.745458 0.768555 0.137076 0.596244 0.686442 0.460461
0.390175 0.215762 0.913129 0.597005 0.308090 0.366177 0.768937 0.852385 0.111678 0.579504 0.617270 0.557432
0.537719 0.144108 0.874579 0.543496 0.267129 0.348636 0.775807 0.807106 0.023053 0.612139 0.634085 0.395834
0.479765 0.209577 0.915231 0.551571 0.239759 0.306607 0.759286 0.799782 0.113654 0.637465 0.695244 0.462884
0.397644 0.160760 0.902278 0.553171 0.273061 0.302864 0.766175 0.829850 0.062933 0.658338 0.690964 0.474907
0.335419 0.192578 0.814718 0.519619 0.281673 0.379582 0.726573 0.850709 0.101319 0.684488 0.722050 0.508138
0.354215 0.159699 0.870753 0.482823 0.318393 0.411649 0.787312 0.762497 0.029383 0.703732 0.631861 0.443362
0.382516 0.125688 0.845426 0.456772 0.280045 0.348956 0.783805 0.711584 0.087420 0.697664 0.670051 0.464093
0.376389 0.279134 0.852471 0.614150 0.383448 0.301284 0.699444 0.745122 0.097130 0.691619 0.668083 0.403685
0.389259 0.160249 0.834660 0.550902 0.284391 0.351912 0.785193 0.812471 0.021100 0.673550 0.798444 0.502777
0.389523 0.140633 0.810328 0.555984 0.234415 0.331911 0.729581 0.740908 0.073800 0.720506 0.752149 0.576324
0.413664 0.182477 0.840126 0.600806 0.252480 0.365212 0.749160 0.871911 0.045049 0.582411 0.683953 0.480876
0.380199 0.235875 0.836378 0.654359 0.302614 0.301658 0.759262 0.752427 0.095926 0.746661 0.678809 0.506492
0.432275 0.137332 0.885222 0.525811 0.252101 0.440463 0.679172 0.841914 -0.020218 0.703169 0.704555 0.534938
0.478762 0.162265 0.836563 0.571838 0.280519 0.389872 0.751062 0.799818 0.114124 0.587778 0.728305 0.438689
0.422833 0.119030 0.935425 0.518793 0.354488 0.470976 0.698395 0.864760 0.071279 0.658098 0.746800 0.404073
0.520235 0.206390 0.856872 0.489956 0.277634 0.305065 0.816766 0.801237 0.012112 0.711738 0.713616 0.420682
0.442207 0.183398 0.904041 0.562710 0.169555 0.391320 0.707030 0.873117 0.011770 0.740634 0.703937 0.502145
0.482929 0.199971 0.849134 0.473057 0.273340 0.394068 0.847802 0.817029 0.024564 0.614615 0.640947 0.508218
0.397632 0.241507 0.803116 0.513959 0.264741 0.410533 0.752134 0.737927 0.223533 0.679013 0.636623 0.409616
0.332471 0.179025 0.874703 0.523492 0.249083 0.412009 0.727405 0.747033 0.015049 0.686464 0.687007 0.559603
0.451346 0.247728 0.789180 0.571929 0.294909 0.416584 0.737098 0.775384 0.071445 0.586295 0.573183 0.528089
0.419207 0.303480 0.859379 0.528675 0.307458 0.294671 0.745675 0.733078 0.045469 0.669856 0.684749 0.443619
0.429676 0.188371 0.780464 0.536128 0.327244 0.342745 0.764226 0.796208 0.071825 0.747295 0.714136 0.517337
0.465340 0.125132 0.856687 0.551248 0.238019 0.316302 0.695143 0.768482 0.015354 0.680599 0.544123 0.531513
0.447178 0.260881 0.894264 0.507447 0.284747 0.301649 0.774236 0.808983 -0.019589 0.723835 0.661822 0.436191
0.509683 0.166294 0.902628 0.577873 0.220739 0.400034 0.880234 0.701385 -0.005911 0.703470 0.653104 0.490256
0.269115 0.608554 0.353930 0.098439 0.835758 0.199995 0.676560 0.333391 0.231961 0.605746 0.334262 0.488548
0.346164 0.579531 0.340185 0.079654 0.875183 0.304111 0.729450 0.282234 0.260125 0.505236 0.300526 0.398974
0.316803 0.513018 0.273528 -0.015774 0.988393 0.313891 0.673393 0.431691 0.164171 0.585512 0.418031 0.436836
0.276779 0.552076 0.340985 -0.019854 0.903109 0.349129 0.654088 0.333235 0.204988 0.586027 0.346711 0.435348
0.312132 0.551200 0.305208 0.085792 0.971706 0.201709 0.616634 0.359589 0.289997 0.642822 0.286976 0.302621
0.311290 0.597097 0.414859 0.019795 0.795178 0.228027 0.581285 0.229074 0.251905 0.547525 0.301708 0.407627
0.348081 0.528334 0.284838 0.071537 0.914644 0.262850 0.684411 0.349640 0.396447 0.521277 0.305917 0.311823
0.355266 0.562709 0.333868 0.038227 0.958305 0.256684 0.655138 0.311638 0.248550 0.605698 0.311279 0.360588
0.243403 0.577889 0.499753 -0.032913 1.007029 0.132707 0.706727 0.338390 0.209314 0.606402 0.303678 0.416416
0.254153 0.595119 0.289117 -0.021868 0.935377 0.285024 0.769046 0.333665 0.299616 0.589260 0.335390 0.409449
0.310195 0.399207 0.360914 -0.072063 0.941503 0.212301 0.695681 0.368175 0.113825 0.491966 0.459410 0.451193
0.245214 0.486552 0.329973 -0.019361 0.821887 0.339694 0.697573 0.263903 0.256804 0.583187 0.328844 0.374970
0.223986 0.583494 0.252073 0.021823 0.825671 0.188198 0.698006 0.289614 0.284117 0.626112 0.339750 0.430616
0.273262 0.504401 0.298017 -0.019176 0.823429 0.222636 0.592937 0.326071 0.166571 0.532709 0.317423 0.448079
0.340640 0.621688 0.453211 0.017378 0.882522 0.148950 0.680637 0.261980 0.132862 0.636376 0.297582 0.470706
0.361304 0.645967 0.346105 0.032850 0.878916 0.310521 0.643732 0.360286 0.299999 0.573680 0.336606 0.389822
0.316378 0.552315 0.291583 -0.000844 0.886098 0.203696 0.711385 0.315154 0.209059 0.637518 0.400352 0.366958
0.375706 0.492833 0.338422 -0.006988 0.922703 0.314951 0.599857 0.334795 0.134760 0.585610 0.319229 0.422476
0.280421 0.472616 0.368360 -0.060202 0.916726 0.255284 0.667603 0.359611 0.256962 0.654179 0.343961 0.438290
0.253620 0.476995 0.393195 -0.017168 0.982432 0.184641 0.695852 0.294915 0.160455 0.648010 0.355891 0.380502
0.344228 0.535752 0.334414 0.031120 0.883200 0.282268 0.760262 0.434262 0.308387 0.584791 0.349596 0.406089
0.402465 0.598581 0.331300 -0.003754 0.871978 0.270116 0.677414 0.376634 0.306911 0.551359 0.310822 0.448833
0.326176 0.558091 0.414524 0.038132 0.886990 0.275858 0.638464 0.329417 0.231466 0.596915 0.337755 0.426873
0.236283 0.482292 0.358672 0.085562 0.916091 0.275899 0.589847 0.407516 0.204905 0.614304 0.367024 0.408666
0.296425 0.682491 0.418266 0.073787 0.941339 0.193753 0.574783 0.271887 0.305992 0.472133 0.368098 0.333917
0.308420 0.569186 0.344287 0.033767 0.923759 0.261796 0.674106 0.385958 0.238452 0.494330 0.266179 0.380131
0.244178 0.551455 0.368016 -0.002138 0.823043 0.267735 0.672424 0.370914 0.218579 0.559513 0.405651 0.434387
0.285188 0.632871 0.351032 -0.092267 0.970638 0.221780 0.615758 0.337970 0.226383 0.642366 0.381629 0.324168
0.364945 0.614588 0.335673 -0.074729 0.875604 0.226034 0.664564 0.219062 0.081561 0.538422 0.340289 0.441441
0.354690 0.570869 0.349546 0.013928 1.023085 0.180317 0.704636 0.282038 0.135749 0.581818 0.362295 0.407746
0.365542 0.548455 0.386273 0.022818 0.928478 0.164934 0.626931 0.371099 0.243913 0.617438 0.261926 0.419245
0.317317 0.476500 0.309553 -0.010531 0.944695 0.282376 0.653183 0.368011 0.104754 0.432293 0.395350 0.407922
0.306055 0.560829 0.399925 0.027642 0.861994 0.285558 0.682019 0.339799 0.259780 0.556828 0.320297 0.331093
0.259409 0.545974 0.335098 0.041636 0.898519 0.272620 0.623811 0.369814 0.198222 0.498068 0.343304 0.399215
0.367277 0.553230 0.437957 -0.025884 0.847493 0.177757 0.688264 0.334799 0.193637 0.535377 0.221027 0.442789
0.308991 0.522812 0.295372 0.103151 0.866750 0.294244 0.704384 0.374881 0.169755 0.443593 0.292713 0.407698
0.347150 0.468307 0.382332 -0.034556 0.937180 0.228296 0.527651 0.297135 0.254250 0.537204 0.314229 0.510415
0.298249 0.529007 0.413104 0.055007 0.896998 0.232668 0.617547 0.330089 0.165550 0.574961 0.336226 0.445018
0.361239 0.536798 0.269699 0.017529 0.866315 0.168092 0.637697 0.388087 0.191411 0.522394 0.380654 0.404060
0.180364 0.609287 0.351171 -0.028140 0.909498 0.244659 0.691392 0.346610 0.269888 0.573902 0.335417 0.335764
0.214011 0.569089 0.419860 0.073687 0.808148 0.162505 0.739679 0.313338 0.242947 0.514170 0.348445 0.399688
0.276779 0.603634 0.331478 0.016363 0.937806 0.184807 0.690082 0.360651 0.225515 0.636305 0.376649 0.435270
0.344235 0.553564 0.372860 0.022716 0.884526 0.312348 0.641068 0.320862 0.229788 0.542822 0.325174 0.274537
0.335897 0.587815 0.369190 0.013706 0.875374 0.266508 0.719884 0.261707 0.227735 0.623829 0.296097 0.412129
0.305004 0.608487 0.248482 0.020707 0.886615 0.319106 0.685760 0.346260 0.203909 0.465566 0.390094 0.420913
0.250355 0.635740 0.446135 0.006824 0.877588 0.224868 0.708687 0.300907 0.236441 0.639888 0.345048 0.430085
0.333871 0.562372 0.353405 -0.055839 0.882792 0.255208 0.751098 0.288694 0.144894 0.451657 0.312579 0.418823
0.268175 0.468099 0.370025 -0.024456 0.795271 0.213342 0.670516 0.362300 0.152560 0.589248 0.395308 0.481077
0.297488 0.593198 0.463106 -0.034047 0.904053 0.206669 0.671523 0.305934 0.229253 0.553010 0.290060 0.378489
0.299444 0.500191 0.368443 0.048272 0.830624 0.221986 0.669523 0.264735 0.169910 0.488203 0.311453 0.304377
0.204103 0.584615 0.286308 0.066352 0.963562 0.181657 0.642690 0.298100 0.351005 0.451182 0.421105 0.428785
0.273676 0.560804 0.370636 0.033227 0.907211 0.240116 0.781577 0.346308 0.216382 0.520544 0.371914 0.307713
0.300969 0.523900 0.431464 0.032461 0.861111 0.284730 0.647351 0.354656 0.182025 0.571863 0.281074 0.327092
0.307099 0.475119 0.371568 0.072096 0.855125 0.216748 0.669518 0.291093 0.237012 0.602124 0.337176 0.413466
0.239341 0.568438 0.374967 -0.013390 0.852394 0.262292 0.681441 0.290379 0.220432 0.498585 0.263131 0.387751
0.345843 0.540682 0.333506 0.019584 0.874986 0.258378 0.591581 0.188684 0.147225 0.569125 0.347746 0.349993
0.307149 0.618296 0.339650 -0.027711 0.905994 0.309897 0.741599 0.310955 0.189169 0.623791 0.379382 0.397894
0.317235 0.542304 0.226358 0.013663 0.949170 0.217972 0.723445 0.288251 0.257829 0.608783 0.344005 0.374710
0.352057 0.517667 0.406690 0.060611 0.850099 0.184886 0.718444 0.429839 0.166531 0.552536 0.339286 0.518109
0.350173 0.600130 0.382611 0.054047 0.852140 0.199152 0.728736 0.400047 0.223087 0.532518 0.295836 0.446965
0.284380 0.476709 0.350438 0.076913 0.817318 0.257785 0.641012 0.327236 0.189067 0.504106 0.392927 0.433761
0.336962 0.559089 0.328195 -0.004499 0.944878 0.276942 0.675816 0.304593 0.244923 0.509440 0.341161 0.473823
0.239183 0.480002 0.326100 0.018016 0.940460 0.235888 0.595496 0.321087 0.276688 0.562155 0.306659 0.406266
0.285154 0.439431 0.433966 0.085504 0.894277 0.207914 0.579415 0.325947 0.177520 0.523575 0.350204 0.350442
0.258848 0.517939 0.332293 -0.070533 0.809118 0.238240 0.675270 0.240807 0.210109 0.510607 0.334179 0.413045
0.168949 0.549548 0.346696 0.003454 0.899649 0.220908 0.670411 0.319236 0.109640 0.595832 0.345776 0.427052
0.253820 0.442663 0.420503 0.044635 0.977933 0.218692 0.622365 0.347443 0.120319 0.573375 0.287817 0.379355
0.307001 0.531994 0.403262 0.030112 0.943331 0.298215 0.729242 0.239691 0.293297 0.567550 0.361940 0.382656
0.242521 0.515761 0.362550 0.069148 0.856140 0.205416 0.670801 0.293381 0.256803 0.522820 0.320232 0.377556
0.304192 0.525426 0.286803 -0.045049 0.841879 0.264752 0.711385 0.382175 0.146374 0.587415 0.349198 0.425882
0.362596 0.644475 0.435306 0.046758 0.821222 0.257539 0.723057 0.310710 0.233228 0.597047 0.309366 0.377823
0.279192 0.541949 0.378744 -0.002300 0.898121 0.192966 0.663993 0.262521 0.280924 0.534730 0.328443 0.411498
0.336490 0.632926 0.345197 0.013074 0.979620 0.231430 0.775589 0.395346 0.252637 0.539046 0.337942 0.378935
0.321117 0.538715 0.385827 -0.036254 0.919274 0.253952 0.684986 0.419887 0.244343 0.621668 0.335050 0.322832
0.362543 0.592446 0.277764 0.033811 0.899590 0.224318 0.734645 0.326765 0.283058 0.481078 0.336190 0.449385
0.330427 0.529423 0.434487 0.008752 0.910689 0.171776 0.660075 0.327557 0.260974 0.610795 0.305685 0.423765
0.361482 0.539455 0.353737 -0.021784 0.872189 0.185188 0.690681 0.234890 0.222351 0.556925 0.347786 0.305715
0.316337 0.547299 0.284510 0.049547 0.911290 0.217111 0.536921 0.395216 0.201806 0.518545 0.302184 0.345015
0.332869 0.534683 0.405871 0.096809 0.900017 0.303424 0.778654 0.424785 0.265857 0.625778 0.331512 0.388669
0.372288 0.598392 0.430223 0.020208 0.876990 0.216183 0.605997 0.310947 0.206773 0.561096 0.298974 0.346168
0.319216 0.555121 0.436793 0.049305 0.974966 0.285654 0.623998 0.326316 0.234451 0.592820 0.325420 0.337892
0.342263 0.559141 0.386544 0.109486 0.882898 0.206686 0.683776 0.290924 0.198073 0.550239 0.376387 0.406095
0.178670 0.589471 0.280292 0.032150 0.825082 0.169881 0.615533 0.336036 0.266421 0.635878 0.354993 0.324609
0.293919 0.529109 0.333910 0.036775 0.835873 0.130535 0.681929 0.357829 0.221521 0.604836 0.320131 0.332231
0.366807 0.618741 0.439059 -0.028815 0.881627 0.285067 0.676779 0.257469 0.289283 0.596563 0.362793 0.395173
0.319432 0.571880 0.273620 -0.052146 0.868390 0.211263 0.627898 0.306020 0.177022 0.567075 0.357673 0.449335
0.257112 0.609418 0.423159 0.009201 0.854292 0.261940 0.709581 0.287917 0.146209 0.496675 0.326175 0.406832
0.330137 0.614952 0.297137 0.062477 1.003514 0.264941 0.612991 0.256680 0.132428 0.530629 0.306534 0.472219
0.241172 0.532229 0.312993 -0.022513 0.943053 0.163634 0.664262 0.324132 0.222134 0.654078 0.342240 0.488953
0.306024 0.464878 0.502012 0.081726 0.888597 0.258274 0.715935 0.322010 0.164565 0.560744 0.318708 0.349446
0.275582 0.555556 0.357760 0.087454 0.871637 0.290302 0.659546 0.351343 0.248437 0.538769 0.319043 0.418281
0.314115 0.558976 0.298880 0.115181 0.915765 0.204553 0.587782 0.302309 0.162552 0.592063 0.396579 0.379033
0.304493 0.616635 0.383409 0.014842 0.878460 0.232616 0.679570 0.423583 0.211684 0.439687 0.325658 0.392855
0.339166 0.580048 0.358275 0.080687 0.940705 0.267079 0.629914 0.331193 0.222588 0.542323 0.254799 0.383614
0.326757 0.524369 0.290036 0.019740 0.904589 0.219759 0.804523 0.441897 0.158694 0.613029 0.330512 0.406865
0.286135 0.532868 0.349557 0.009811 0.866811 0.269032 0.641681 0.369247 0.227404 0.581624 0.215443 0.377832
0.319457 0.606664 0.392638 -0.098416 0.864817 0.258365 0.577292 0.261857 0.217282 0.611533 0.367417 0.383594
0.299419 0.530443 0.359310 -0.026522 0.912789 0.197052 0.664762 0.315127 0.213709 0.568271 0.326032 0.331937
0.281465 0.565847 0.377673 0.053075 0.938795 0.266528 0.629162 0.299738 0.330400 0.473901 0.358989 0.371659
0.295467 0.621092 0.469451 0.020059 0.862278 0.267875 0.656102 0.272049 0.208711 0.510528 0.424580 0.322841
0.403445 0.230421 0.834850 0.518077 0.274129 0.310948 0.803025 0.820766 -0.068062 0.629780 0.640706 0.471984
0.407319 0.139629 0.866237 0.453453 0.273878 0.378211 0.737697 0.785040 0.056009 0.669203 0.684318 0.529217
0.498042 0.191959 0.841383 0.641653 0.295990 0.354329 0.739563 0.724979 0.041821 0.659384 0.700922 0.450466
0.459853 0.177574 0.839283 0.522328 0.259529 0.312032 0.819542 0.868876 0.041752 0.628215 0.640756 0.507551
0.460714 0.128374 0.941289 0.569127 0.272998 0.368846 0.732986 0.771089 0.104962 0.666230 0.713275 0.409019
0.428723 0.160214 0.929015 0.590102 0.278727 0.345220 0.671619 0.843813 0.031997 0.622271 0.747599 0.603780
0.511924 0.222685 0.909783 0.514977 0.327008 0.293471 0.698718 0.803828 0.089814 0.680227 0.752946 0.548455
0.473505 0.195447 0.853960 0.507697 0.292720 0.241545 0.779344 0.762906 0.159037 0.630669 0.752124 0.456615
0.335149 0.156749 0.897033 0.558350 0.267504 0.419765 0.726215 0.832540 0.042093 0.629626 0.674754 0.447421
0.492069 0.247250 0.921016 0.547677 0.246942 0.397021 0.836798 0.847932 0.046634 0.736134 0.694007 0.465409
0.382766 0.271090 0.864370 0.526233 0.288614 0.361605 0.710868 0.754143 0.023888 0.656971 0.660145 0.529476
0.414286 0.146018 0.852694 0.537990 0.300432 0.352925 0.816850 0.791179 0.045446 0.683874 0.694370 0.538504
0.401680 0.095483 0.889197 0.620694 0.231328 0.319670 0.784982 0.850871 0.002352 0.714423 0.742533 0.414785
0.483049 0.213009 0.816044 0.511111 0.255102 0.354547 0.753692 0.711125 0.147284 0.633584 0.686154 0.518690
0.477524 0.121931 0.830818 0.485584 0.298261 0.417123 0.907631 0.815152 0.042340 0.684710 0.739232 0.562220
0.417247 0.186538 0.775209 0.491161 0.294023 0.394217 0.796798 0.872020 0.028579 0.663843 0.695120 0.555571
0.469356 0.234257 0.930345 0.523603 0.338723 0.314716 0.843471 0.730174 0.033960 0.655964 0.692861 0.442521
0.439579 0.290298 0.901805 0.586853 0.294897 0.418186 0.795266 0.792416 0.101007 0.644110 0.697311 0.488206
0.501568 0.275948 0.836295 0.516358 0.242627 0.266253 0.737903 0.856101 0.064480 0.654082 0.722828 0.540964
0.509752 0.232444 0.988782 0.546601 0.285164 0.352325 0.826845 0.791458 0.081217 0.639194 0.757503 0.460694
0.509820 0.180329 0.855952 0.551559 0.242449 0.327826 0.843077 0.858993 0.064264 0.732704 0.667850 0.494485
0.403022 0.192641 0.964102 0.435597 0.176704 0.311476 0.807211 0.757394 0.017366 0.615163 0.745158 0.465296
0.486038 0.133261 0.882082 0.561995 0.326703 0.365017 0.703646 0.780705 0.040485 0.679934 0.723035 0.458388
0.538183 0.159542 0.855016 0.434164 0.209810 0.434649 0.729000 0.874526 -0.000440 0.654241 0.720062 0.478202
0.364501 0.100696 0.812484 0.527828 0.243367 0.412655 0.825673 0.701099 0.089361 0.678474 0.691359 0.517312
0.465687 0.163676 0.787387 0.579688 0.301925 0.379370 0.744387 0.735348 0.052930 0.721839 0.676055 0.509083
0.415358 0.170077 0.832394 0.421264 0.245585 0.379200 0.704315 0.835638 0.057200 0.639047 0.690829 0.461947
0.373825 0.264297 0.916208 0.524321 0.304841 0.339203 0.811045 0.807495 0.050431 0.622587 0.787727 0.424317
0.463709 0.147895 0.891983 0.539613 0.218978 0.344914 0.780800 0.798967 -0.004100 0.741321 0.756768 0.444617
0.490130 0.292229 0.878944 0.563569 0.246339 0.371120 0.741775 0.745899 0.035513 0.637300 0.736540 0.413967
0.500014 0.151612 0.827321 0.490859 0.292310 0.395354 0.801444 0.774948 0.080328 0.668336 0.716619 0.407912
0.416178 0.206879 0.888682 0.544295 0.227590 0.340503 0.717113 0.834419 0.062828 0.654623 0.715769 0.475343
0.455895 0.249836 0.865282 0.582607 0.262950 0.316267 0.678396 0.792323 0.034061 0.594985 0.765834 0.420737
0.429471 0.277965 0.829067 0.548195 0.289581 0.298375 0.893711 0.717429 0.053297 0.657146 0.708295 0.458416
0.442320 0.203949 0.852417 0.541258 0.280930 0.396964 0.794411 0.752697 0.002795 0.562706 0.758917 0.544041
0.517632 0.166439 0.810681 0.499029 0.237933 0.331137 0.835368 0.856727 0.095457 0.729673 0.738212 0.466032
0.404809 0.152904 0.911049 0.458206 0.316127 0.402356 0.731371 0.739676 0.049691 0.598908 0.792403 0.514493
0.372136 0.149536 0.892767 0.547176 0.321011 0.240005 0.725291 0.727447 0.083852 0.676786 0.817948 0.485434
0.390804 0.152286 0.853099 0.441745 0.267453 0.357438 0.769713 0.737839 0.025359 0.647451 0.750621 0.459938
0.440639 0.203420 0.869375 0.430894 0.297481 0.398269 0.752237 0.761957 0.077544 0.708677 0.699274 0.432902
0.429656 0.221735 0.896544 0.608889 0.354805 0.366136 0.841968 0.765747 -0.054795 0.612730 0.741933 0.483405
0.464323 0.192757 0.834727 0.435754 0.265590 0.272275 0.729222 0.871833 0.029694 0.636474 0.706025 0.473817
0.472650 0.149053 0.814401 0.584996 0.216560 0.393665 0.759796 0.830375 0.007808 0.627062 0.687061 0.441026
0.440643 0.176815 0.870424 0.540604 0.299379 0.345767 0.840623 0.835194 0.124909 0.675002 0.759524 0.506930
0.407730 0.099488 0.906636 0.500357 0.172052 0.373768 0.784008 0.832764 0.049158 0.569455 0.734879 0.401749
0.442080 0.197820 0.890318 0.498631 0.338798 0.373516 0.771017 0.839475 0.085207 0.720360 0.645111 0.557433
0.351029 0.113771 0.895075 0.477940 0.261739 0.381764 0.669903 0.882949 -0.034975 0.679116 0.756744 0.526784
0.461950 0.297327 0.736876 0.455894 0.265816 0.392429 0.761473 0.817269 0.063708 0.582379 0.659832 0.439978
0.420645 0.253301 0.863483 0.657208 0.260637 0.398305 0.803451 0.857201 0.080786 0.615493 0.696821 0.467844
0.534882 0.138840 0.801130 0.564353 0.291561 0.407464 0.794338 0.824996 0.029888 0.653927 0.596854 0.496804
0.423686 0.076868 0.799090 0.560240 0.260181 0.393051 0.758568 0.775944 0.012837 0.626591 0.653318 0.457862
0.518318 0.203551 0.840430 0.513284 0.246166 0.362744 0.812853 0.761928 0.152506 0.720522 0.670142 0.440345
0.423441 0.238398 0.868132 0.591589 0.330028 0.401814 0.807934 0.908096 0.011087 0.676793 0.772010 0.461090
0.488043 0.116392 0.886773 0.593267 0.273381 0.382873 0.779409 0.796627 0.052474 0.678062 0.772879 0.445036
0.459288 0.189571 0.802987 0.538060 0.295143 0.410146 0.781561 0.776699 0.051549 0.569179 0.685698 0.454647
0.415024 0.158000 0.770674 0.539944 0.296273 0.318780 0.807843 0.857942 0.073344 0.631696 0.669707 0.454786
0.398120 0.165410 0.834635 0.521012 0.252516 0.364222 0.804150 0.790916 0.061896 0.689278 0.755006 0.391918
0.362880 0.189335 0.849382 0.589018 0.290570 0.336413 0.720947 0.805298 0.035656 0.626043 0.746293 0.412686
0.450768 0.218309 0.938155 0.559489 0.178382 0.376184 0.745253 0.868538 0.059042 0.585577 0.596383 0.446975
0.485454 0.163780 0.890767 0.482160 0.235042 0.337161 0.751082 0.800692 0.125158 0.594057 0.681447 0.552053
0.344392 0.178130 1.010207 0.602037 0.277066 0.279965 0.722364 0.794256 0.068283 0.652197 0.729017 0.446278
0.497112 0.257007 0.861329 0.463031 0.344942 0.300308 0.761491 0.808006 0.040857 0.717572 0.787644 0.371273
0.437296 0.137592 0.972537 0.455484 0.184738 0.441138 0.840410 0.764865 0.038918 0.721620 0.622247 0.380451
0.440176 0.159708 0.907549 0.571442 0.228617 0.409875 0.802907 0.789186 0.078368 0.737698 0.671444 0.494191
0.433848 0.216712 0.850207 0.522711 0.250068 0.367488 0.834537 0.807121 0.099200 0.624720 0.762906 0.446484
0.480740 0.210824 0.844666 0.572935 0.353055 0.394846 0.750416 0.847351 -0.005694 0.636808 0.711463 0.398154
0.350848 0.169248 0.729199 0.400378 0.278539 0.394949 0.704139 0.705280 -0.011012 0.638829 0.720884 0.547251
0.501162 0.321627 0.877193 0.452470 0.294990 0.326277 0.782116 0.843227 0.046742 0.639094 0.725284 0.388545
0.537101 0.276071 0.927471 0.497637 0.192943 0.341609 0.716748 0.786198 0.011013 0.687369 0.721365 0.464975
0.472022 0.175507 0.826936 0.563030 0.255797 0.380978 0.731752 0.829339 -0.051170 0.668996 0.698687 0.461978
0.494292 0.187590 0.730320 0.554421 0.273683 0.350110 0.763679 0.856846 0.101148 0.574389 0.677972 0.436640
0.417870 0.210699 0.809902 0.569996 0.279598 0.365284 0.777537 0.818938 0.104951 0.620009 0.715186 0.479357
0.364064 0.186769 0.778071 0.564789 0.244095 0.436593 0.779842 0.823224 0.017511 0.736590 0.744083 0.512578
0.459513 0.185594 0.851026 0.473925 0.300445 0.452886 0.801556 0.802031 0.012632 0.665983 0.663853 0.369684
0.454053 0.254255 0.808569 0.483968 0.280250 0.351762 0.777303 0.824668 0.064027 0.606080 0.700708 0.467026
0.419015 0.231729 0.991071 0.512567 0.299077 0.401112 0.813002 0.808131 0.037278 0.631719 0.670228 0.512256
0.528744 0.179608 0.830567 0.518937 0.292623 0.304063 0.742344 0.793836 -0.059362 0.624666 0.720501 0.504341
0.343914 0.191460 0.837727 0.595704 0.341588 0.365131 0.863584 0.811093 -0.034123 0.747247 0.575126 0.518800
0.431253 0.199103 0.861135 0.572532 0.311620 0.392449 0.745068 0.796879 0.114522 0.652430 0.689854 0.441944
0.448381 0.165164 0.783620 0.574246 0.222645 0.362986 0.843764 0.853668 0.054080 0.742322 0.674106 0.419899
0.495228 0.255095 0.947058 0.603440 0.319502 0.327224 0.863329 0.903221 0.006747 0.708436 0.729593 0.527164
0.325615 0.216706 0.826624 0.525452 0.175060 0.305004 0.743219 0.766249 0.174299 0.651872 0.725254 0.490389
0.414234 0.217391 0.846467 0.512414 0.164448 0.392527 0.750382 0.773501 0.036462 0.738384 0.709009 0.402086
0.415658 0.186951 0.831903 0.610641 0.335306 0.408803 0.873976 0.800598 0.058754 0.664829 0.757876 0.430219
0.465461 0.175450 0.918702 0.560739 0.254101 0.317223 0.747205 0.829023 -0.045015 0.671955 0.669277 0.522758
0.396877 0.214729 0.847883 0.537553 0.339859 0.383164 0.692156 0.876102 -0.014091 0.743038 0.693892 0.493027
0.495199 0.249056 0.823259 0.401280 0.162244 0.300461 0.749012 0.794133 -0.000715 0.610385 0.723797 0.492604
0.501717 0.170576 0.792918 0.590251 0.266030 0.393516 0.758433 0.782019 0.042413 0.707012 0.638294 0.561783
0.492421 0.263848 0.875671 0.504515 0.277780 0.392822 0.728273 0.759151 0.151154 0.687787 0.703137 0.436231
0.468019 0.196124 0.810523 0.510024 0.255843 0.440907 0.826846 0.804830 0.006429 0.743360 0.770500 0.413688
0.372358 0.178836 0.893809 0.518054 0.239895 0.380978 0.816520 0.773237 0.112670 0.636795 0.686903 0.490511
0.423189 0.190925 0.836835 0.462753 0.193734 0.358288 0.845825 0.803379 0.142735 0.635136 0.729810 0.523631
0.471858 0.166961 0.773737 0.460194 0.295168 0.373485 0.790540 0.790120 -0.031901 0.604270 0.671780 0.605850
0.435972 0.172637 0.917413 0.494527 0.254952 0.431309 0.766093 0.792857 0.059017 0.652505 0.602364 0.453797
0.480626 0.176597 0.909615 0.557557 0.294599 0.408338 0.734101 0.827162 0.037972 0.651875 0.694988 0.430174
0.501179 0.218575 0.832680 0.518968 0.189550 0.378075 0.748491 0.697108 0.014551 0.590221 0.794004 0.588198
0.457256 0.144182 0.848837 0.485200 0.318860 0.367633 0.824121 0.869834 0.094302 0.697417 0.689231 0.433123
0.452279 0.182820 0.851510 0.575400 0.253376 0.412483 0.803211 0.841815 0.060078 0.664154 0.711792 0.430682
0.473493 0.144597 0.923006 0.492968 0.165451 0.301817 0.851545 0.881961 0.091414 0.690034 0.734782 0.471490
0.400099 0.194991 0.877091 0.537851 0.332350 0.472011 0.776902 0.787872 0.080297 0.678961 0.742536 0.481614
0.347102 0.167547 0.886218 0.502412 0.262765 0.380599 0.746964 0.687698 0.133249 0.741015 0.667036 0.363085
0.331826 0.199990 0.833890 0.473693 0.223668 0.375073 0.728177 0.733167 0.051337 0.676375 0.746490 0.477327
0.489568 0.198542 0.893518 0.553142 0.060871 0.269455 0.776701 0.819881 0.147459 0.664998 0.691852 0.394622
0.500423 0.141595 0.900489 0.582431 0.294811 0.361197 0.817126 0.731679 0.045371 0.690261 0.684665 0.543073
0.449158 0.250375 0.944687 0.434898 0.231282 0.341866 0.701295 0.722003 0.018399 0.680399 0.593213 0.441282
0.388582 0.132054 0.842812 0.462572 0.325985 0.401017 0.780408 0.876943 -0.065876 0.682650 0.699183 0.401469
0.436012 0.186739 0.944911 0.511783 0.225429 0.303645 0.728993 0.826534 0.036784 0.650885 0.805599 0.419838
0.411558 0.236082 1.044998 0.500512 0.195466 0.491043 0.717723 0.748761 0.141584 0.664382 0.729741 0.500002
0.529904 0.121384 0.836128 0.417262 0.324013 0.263960 0.706646 0.832540 0.015115 0.657809 0.640117 0.516782
0.484188 0.157339 0.834822 0.558743 0.316150 0.372894 0.728228 0.723574 0.092833 0.676104 0.655071 0.498588
0.407718 0.206888 0.895064 0.460091 0.262992 0.387278 0.797549 0.856078 0.104863 0.709210 0.692140 0.579968
0.368806 0.264562 0.915507 0.525820 0.282473 0.448474 0.752200 0.767877 0.008202 0.725743 0.667845 0.439543
0.518476 0.224918 0.825393 0.503836 0.299443 0.338154 0.788326 0.863818 0.052232 0.671885 0.755250 0.550732
0.469427 0.184333 0.827639 0.586103 0.262780 0.354730 0.809146 0.777044 0.045049 0.576058 0.738310 0.510993
0.420302 0.117784 0.787836 0.581788 0.240114 0.326182 0.705789 0.807621 0.123626 0.721996 0.759009 0.554750
0.414523 0.110629 0.928924 0.618836 0.340619 0.351339 0.761995 0.809856 -0.048289 0.707489 0.767605 0.531421
0.365056 0.233859 0.865687 0.550391 0.269886 0.273520 0.879858 0.730295 0.082533 0.705047 0.812918 0.575908
0.458046 0.235071 0.911008 0.491346 0.311298 0.334520 0.732479 0.847794 0.091737 0.689131 0.658676 0.490870
0.451822 0.151856 0.839086 0.566901 0.278047 0.406816 0.780710 0.810220 0.079587 0.640885 0.695887 0.453521
0.447232 0.194104 0.829855 0.538921 0.321694 0.361644 0.743493 0.778866 0.134813 0.651359 0.715866 0.526055
0.397523 0.158746 0.776788 0.643548 0.228216 0.321808 0.816808 0.789134 0.003562 0.653204 0.742995 0.463625
0.546367 0.167589 0.959772 0.500232 0.295327 0.402249 0.783774 0.827717 0.080161 0.657371 0.696060 0.520656
0.449596 0.217592 0.945514 0.503018 0.254836 0.386131 0.844076 0.841390 0.120257 0.701611 0.697496 0.490461
0.475472 0.158610 0.861655 0.491657 0.339348 0.401188 0.822475 0.749885 0.049718 0.613327 0.735016 0.478727
0.412712 0.191595 0.901283 0.529506 0.258356 0.319664 0.797550 0.832212 0.089198 0.662957 0.707869 0.440190
0.448500 0.235001 0.850503 0.529808 0.263157 0.370745 0.781230 0.822095 0.007170 0.673836 0.750253 0.468812
0.476717 0.201587 0.957096 0.509276 0.303059 0.445672 0.704880 0.765047 0.023340 0.619332 0.777095 0.507747
0.463769 0.269685 0.889339 0.498396 0.195247 0.327779 0.685510 0.708334 0.099136 0.762339 0.699396 0.557960
0.376941 0.167938 0.886073 0.502624 0.304229 0.355514 0.849956 0.803831 0.095256 0.748521 0.672094 0.494686
0.433716 0.206504 0.959779 0.592735 0.202193 0.331335 0.812678 0.765707 0.012738 0.730159 0.743772 0.541690
0.382285 0.252074 0.835393 0.529157 0.285077 0.306910 0.916184 0.801985 0.083505 0.655566 0.651106 0.446254
0.432876 0.137470 0.831701 0.516122 0.320685 0.433390 0.704494 0.802034 -0.012249 0.649731 0.727124 0.546603
0.378455 0.229324 0.874477 0.580584 0.280815 0.338048 0.743453 0.739384 0.048353 0.682108 0.730597 0.486761
0.463931 0.143355 0.859876 0.554680 0.171383 0.418527 0.737561 0.735769 0.008162 0.670001 0.651682 0.469825
0.416225 0.177832 0.844141 0.520095 0.256391 0.394754 0.761302 0.759028 0.011237 0.642496 0.712889 0.413210
0.498713 0.138810 0.859755 0.518713 0.312270 0.295588 0.760527 0.796624 0.081822 0.636561 0.706584 0.541315
0.480183 0.236834 0.875576 0.495092 0.171716 0.334496 0.689905 0.854359 0.077399 0.715528 0.769270 0.506471
0.455992 0.143981 0.817986 0.522075 0.315158 0.392598 0.729929 0.810475 -0.011758 0.745298 0.758048 0.447140
0.321544 0.255491 0.919708 0.499645 0.269884 0.452187 0.770797 0.818318 0.069830 0.670429 0.727855 0.556329
0.496811 0.312362 0.848815 0.492330 0.345299 0.331852 0.745464 0.835664 0.045795 0.684620 0.630232 0.446992
0.431474 0.219330 0.881157 0.556191 0.248530 0.342223 0.685623 0.794386 0.096050 0.648858 0.662807 0.530534
0.451225 0.198656 0.886824 0.561599 0.263471 0.388611 0.732158 0.845910 0.108448 0.761314 0.702983 0.547805
0.487550 0.232540 0.841350 0.550341 0.217009 0.390815 0.799589 0.825425 0.019851 0.641197 0.689219 0.461590
0.398083 0.204327 0.921674 0.574499 0.295855 0.439167 0.725192 0.841355 0.050945 0.657934 0.742361 0.472148
0.500233 0.207275 0.809558 0.585245 0.274968 0.380002 0.785322 0.835573 -0.012211 0.686363 0.689792 0.567101
0.366171 0.218141 0.902699 0.483385 0.302899 0.291894 0.785291 0.700238 0.066271 0.569034 0.721489 0.413774
0.435539 0.199230 0.826564 0.580399 0.299497 0.335965 0.670739 0.813600 0.160141 0.758991 0.708712 0.428481
0.440731 0.242490 0.965986 0.473591 0.359632 0.410528 0.686447 0.842674 -0.014453 0.686757 0.752804 0.420099
0.474920 0.147110 0.843780 0.471013 0.259404 0.346178 0.780434 0.687150 0.068998 0.665715 0.625650 0.504360
0.440840 0.205970 0.894647 0.538913 0.329600 0.347538 0.695570 0.743603 0.116847 0.729888 0.722161 0.445564
0.382106 0.211194 0.819703 0.478411 0.277845 0.402302 0.763364 0.817454 0.021566 0.661702 0.627870 0.472672
0.532294 0.256000 0.907073 0.502375 0.249494 0.327299 0.713686 0.931044 0.068202 0.628751 0.608464 0.485534
0.338626 0.180301 1.002837 0.591209 0.351601 0.316861 0.762039 0.807850 -0.001512 0.642503 0.753862 0.563588
0.450273 0.207203 0.834664 0.670753 0.206475 0.386416 0.683863 0.772883 0.050546 0.599411 0.615826 0.537117
0.496748 0.155161 0.868681 0.433823 0.276514 0.379203 0.796289 0.818874 0.122318 0.563418 0.644673 0.490226
0.429570 0.189619 0.853482 0.481846 0.254368 0.432402 0.686531 0.769226 0.067165 0.590647 0.692337 0.392459
0.491666 0.145392 0.921257 0.529951 0.243722 0.450938 0.813588 0.781635 0.056034 0.672438 0.645549 0.486326
0.406543 0.206533 0.883059 0.554750 0.197937 0.350284 0.767887 0.750892 0.034837 0.633733 0.680234 0.461945
0.415497 0.237816 0.839567 0.533530 0.163832 0.325529 0.705287 0.799200 -0.011478 0.680655 0.691947 0.521549
0.379286 0.128515 0.923485 0.545902 0.191614 0.487162 0.787549 0.865467 0.083703 0.723927 0.701561 0.544909
0.475943 0.148806 0.865115 0.573078 0.232298 0.462842 0.777845 0.744204 0.110534 0.661312 0.728370 0.422360
0.499157 0.102288 0.805884 0.468417 0.277668 0.315288 0.780789 0.841667 0.099379 0.648627 0.762512 0.523216
0.377876 0.235638 0.835180 0.531785 0.272234 0.305723 0.790035 0.806701 0.101141 0.690787 0.635120 0.444286
0.567530 0.104560 0.798033 0.511287 0.244140 0.371001 0.899564 0.842636 0.043669 0.615657 0.708695 0.337698
0.440545 0.092539 0.827168 0.515853 0.326840 0.384381 0.789444 0.685889 0.096121 0.652033 0.699003 0.361955
0.348427 0.184357 0.887900 0.575078 0.181246 0.290871 0.755894 0.781262 -0.017122 0.669886 0.787222 0.519093
0.536466 0.091641 0.941516 0.617263 0.225060 0.411173 0.718945 0.822070 0.153736 0.831044 0.764538 0.393013
0.418627 0.216770 0.839908 0.504948 0.210680 0.393292 0.759740 0.844461 0.012925 0.659981 0.721335 0.474512
0.416569 0.190991 0.855120 0.501098 0.295857 0.335942 0.849482 0.895757 0.039002 0.646139 0.641629 0.504206
0.443078 0.117738 0.835841 0.593128 0.324406 0.367419 0.730209 0.858438 0.062619 0.628380 0.603681 0.546559
0.500138 0.113465 0.823556 0.572211 0.334837 0.313325 0.766553 0.773791 -0.039080 0.639753 0.740166 0.436952
0.472984 0.286536 0.813032 0.571130 0.234338 0.371448 0.775631 0.800986 0.007216 0.721798 0.734609 0.475076
0.447478 0.152971 0.861916 0.501067 0.252820 0.388746 0.863064 0.803517 -0.004065 0.697627 0.689236 0.532485
0.391603 0.180242 0.812897 0.532772 0.266157 0.341961 0.738435 0.888007 0.100026 0.766482 0.740692 0.529739
0.430252 0.157895 0.903782 0.505757 0.387531 0.317949 0.673048 0.825564 -0.054798 0.694043 0.635168 0.483286
0.405121 0.227311 0.887003 0.536004 0.236371 0.285414 0.777381 0.797815 0.255011 0.591238 0.674661 0.464219
0.462439 0.265305 0.855109 0.516314 0.253640 0.476422 0.789549 0.790655 0.083634 0.607320 0.789858 0.473555
0.543956 0.243931 0.949445 0.433141 0.271019 0.383206 0.778662 0.795159 0.120771 0.700693 0.668428 0.506344
0.400803 0.254462 0.812181 0.518441 0.238958 0.301705 0.828503 0.818801 0.034349 0.658680 0.718821 0.444879
0.525051 0.147948 0.917178 0.547683 0.266154 0.273216 0.810039 0.846080 0.048776 0.684578 0.767518 0.328050
0.330006 0.204353 0.847873 0.496639 0.294473 0.324896 0.803901 0.703243 0.030683 0.698134 0.732145 0.471377
0.459885 0.229496 0.809937 0.546787 0.287821 0.436613 0.730437 0.730961 -0.008112 0.642643 0.653127 0.436282
0.406231 0.186091 0.908056 0.588582 0.241270 0.421314 0.792555 0.829931 0.024866 0.609314 0.728783 0.451769
0.322181 0.164138 0.808709 0.642101 0.318155 0.446115 0.861531 0.826819 0.104054 0.683648 0.672761 0.439035
0.433499 0.272053 0.877172 0.556675 0.278880 0.267382 0.842119 0.801242 -0.067203 0.613718 0.760806 0.430567
0.447596 0.176840 0.840156 0.598225 0.165744 0.373070 0.842498 0.809108 0.020592 0.595471 0.762687 0.420645
0.401545 0.178784 0.826515 0.571559 0.394147 0.369707 0.736612 0.829422 0.032988 0.796488 0.657606 0.468300
0.501433 0.206601 0.928480 0.493370 0.266549 0.356016 0.753902 0.754626 0.169362 0.637011 0.755684 0.425692
0.457147 0.168879 0.863110 0.582586 0.367681 0.427155 0.728457 0.856495 0.113473 0.718526 0.611883 0.462870
0.450676 0.180155 0.878124 0.567894 0.260999 0.351581 0.730646 0.748448 0.092379 0.633022 0.680340 0.451136
0.437287 0.201486 0.850077 0.568558 0.341827 0.360400 0.679989 0.850675 0.049025 0.627153 0.634756 0.486484
0.495905 0.233243 0.843787 0.553881 0.333669 0.292982 0.741237 0.814817 0.093517 0.779515 0.754665 0.465883
0.411451 0.122674 0.819061 0.532964 0.217607 0.314198 0.846228 0.698523 0.016519 0.662648 0.727796 0.417835
0.475902 0.195152 0.867516 0.613231 0.336264 0.350437 0.627897 0.756465 0.087261 0.633383 0.679421 0.456035
0.480412 0.291264 0.914835 0.493685 0.305757 0.442625 0.728219 0.755494 -0.016404 0.753319 0.638009 0.452942
0.492101 0.239050 0.864598 0.541601 0.257404 0.309716 0.750087 0.832101 0.112739 0.688682 0.701096 0.453184
0.407370 0.093004 0.768532 0.550710 0.197772 0.395370 0.762040 0.856184 0.038973 0.607584 0.703746 0.511632
0.448112 0.174482 0.854323 0.505501 0.198108 0.328854 0.777139 0.792056 0.037041 0.724505 0.784191 0.455115
0.501481 0.192263 0.822088 0.535886 0.194460 0.394215 0.716515 0.747305 0.096198 0.670682 0.779511 0.460842
0.476375 0.080157 0.893538 0.522201 0.255926 0.384916 0.769244 0.801465 -0.027170 0.655933 0.634235 0.557476
