24 12 18
0.693261 0.464788 0.220866 0.391065 0.326857 0.190621 0.340119 0.657667 0.997274 0.420957 0.524214 0.682123
0.638037 0.484751 0.223075 0.297680 0.386564 0.330798 0.223310 0.735425 0.968938 0.378557 0.536647 0.678322
0.747042 0.479999 0.235521 0.446159 0.437162 0.262804 0.305730 0.802718 0.984745 0.548858 0.486171 0.696284
0.734138 0.504653 0.142270 0.401095 0.418286 0.262982 0.268756 0.777850 1.024775 0.445023 0.515481 0.711796
0.879975 0.619395 0.574052 0.057640 0.104083 0.702606 0.858309 0.252916 0.947422 0.632182 0.802549 0.491474
0.877722 0.638609 0.565888 0.051738 0.010630 0.684064 0.935975 0.160163 0.935832 0.609339 0.782693 0.559082
0.956440 0.590767 0.519443 0.132304 0.086992 0.712249 0.853556 0.146623 0.879991 0.679550 0.859430 0.518383
0.871689 0.663803 0.501512 0.062642 0.045569 0.604771 0.893866 0.128446 0.789476 0.672953 0.817211 0.536234
0.807930 0.610892 0.561755 0.076698 0.079718 0.662445 0.797698 0.249409 0.746759 0.593295 0.737507 0.519106
0.882429 0.649064 0.512501 0.140484 0.094317 0.808026 0.895651 0.148764 0.850922 0.684668 0.803254 0.504044
0.904493 0.552770 0.465633 0.054637 0.090176 0.710440 0.897459 0.191744 0.834209 0.610952 0.805966 0.478452
0.951464 0.639047 0.511420 0.133604 0.047524 0.722858 0.821503 0.084855 0.795518 0.635036 0.819597 0.388221
0.119178 0.423039 0.194993 0.775674 0.061372 0.289550 0.469869 0.862805 0.363092 0.575067 1.009513 1.002031
0.081518 0.462284 0.237058 0.722653 0.122861 0.300177 0.427017 0.809921 0.429781 0.540158 0.981164 0.930014
0.075632 0.480174 0.205267 0.820781 0.074359 0.353766 0.479054 0.814332 0.488443 0.490655 0.971818 1.026469
0.065788 0.535496 0.239027 0.767916 0.054704 0.252117 0.476514 0.815022 0.512680 0.619231 0.976994 0.986691
0.953370 0.641793 0.559453 0.057017 0.107146 0.776434 0.821054 0.306101 0.878090 0.690012 0.754314 0.506324
0.892819 0.547316 0.429628 0.079886 0.023034 0.668432 0.894355 0.064202 0.876297 0.645976 0.791057 0.491459
0.880333 0.549001 0.474317 0.113358 0.141584 0.679712 0.923227 0.169950 0.732618 0.710393 0.826385 0.457590
0.927860 0.688233 0.532689 0.053841 0.142968 0.700506 0.837673 0.104110 0.816019 0.632006 0.767691 0.491613
0.918624 0.670678 0.587002 0.173522 0.119415 0.668971 0.863997 0.237368 0.871224 0.577737 0.810928 0.502139
0.880803 0.621728 0.553117 0.041694 0.038397 0.649778 0.849377 0.140447 0.835761 0.622740 0.907198 0.401560
0.953190 0.591808 0.551282 -0.010522 0.020989 0.688181 0.846609 0.211380 0.845494 0.724330 0.817351 0.519038
0.920355 0.594208 0.411480 0.065257 0.044275 0.699178 0.863625 0.238357 0.886164 0.696830 0.794645 0.454050
