1000 1 500
0.675560
0.636903
0.662744
0.617137
0.700307
0.598595
0.622045
0.637461
0.645470
0.583945
0.547921
0.584339
0.673491
0.589837
0.636591
0.643810
0.547611
0.654787
0.592074
0.491044
0.593741
0.608836
0.573647
0.537726
0.535530
0.556929
0.564402
0.546847
0.589046
0.610976
0.629345
0.588274
0.659921
0.578044
0.474592
0.528077
0.559337
0.637441
0.646035
0.637062
0.621176
0.583160
0.530792
0.621614
0.615277
0.614026
0.530365
0.598983
0.598210
0.660680
0.639063
0.594290
0.600522
0.520618
0.645885
0.508306
0.538081
0.540448
0.642710
0.459630
0.656844
0.569905
0.623734
0.554774
0.628443
0.569253
0.534000
0.651264
0.552303
0.552550
0.550288
0.623303
0.770940
0.543849
0.649989
0.585814
0.464620
0.632888
0.615451
0.631226
0.531964
0.560681
0.568172
0.633364
0.522876
0.627202
0.646894
0.533058
0.595370
0.590397
0.615672
0.608216
0.673926
0.548643
0.580188
0.616161
0.615091
0.657257
0.630732
0.589788
0.699909
0.625749
0.588373
0.597553
0.539513
0.659105
0.671884
0.520280
0.608322
0.624231
0.624711
0.609809
0.601912
0.619824
0.521228
0.587494
0.606458
0.608043
0.542316
0.649658
0.576067
0.543712
0.618126
0.529950
0.638661
0.693200
0.569202
0.619080
0.573700
0.674707
0.499518
0.550665
0.556870
0.639606
0.586521
0.744471
0.605584
0.599982
0.553934
0.612169
0.571237
0.589111
0.556655
0.569268
0.470025
0.593858
0.461354
0.510893
0.545456
0.559637
0.530848
0.536924
0.606870
0.596845
0.593284
0.573264
0.559021
0.594162
0.584335
0.574486
0.583705
0.592514
0.526858
0.576931
0.538197
0.507402
0.692758
0.218861
0.344498
0.280827
0.267370
0.312829
0.345915
0.281860
0.348035
0.367070
0.432096
0.374439
0.426180
0.320235
0.320378
0.216822
0.327092
0.220004
0.377761
0.439250
0.366163
0.399836
0.347617
0.249568
0.341588
0.295650
0.325188
0.320484
0.281838
0.463573
0.323948
0.426618
0.388258
0.279794
0.338444
0.405478
0.280704
0.379993
0.321339
0.281435
0.317960
0.340451
0.331949
0.350824
0.265897
0.262449
0.374549
0.292780
0.380160
0.347805
0.414080
0.363418
0.332500
0.300733
0.289383
0.449210
0.371588
0.273274
0.339663
0.313279
0.325744
0.340819
0.330076
0.287297
0.307694
0.326156
0.352441
0.316708
0.286848
0.281750
0.349691
0.342663
0.305068
0.325357
0.320343
0.386111
0.318506
0.327923
0.260513
0.303711
0.289043
0.201470
0.328155
0.355025
0.352238
0.237850
0.327577
0.454196
0.373186
0.423525
0.307535
0.288945
0.329609
0.250162
0.353041
0.398390
0.365346
0.268347
0.334859
0.246971
0.328412
0.312004
0.310983
0.195231
0.333081
0.337099
0.348478
0.337551
0.348055
0.285487
0.320238
0.277964
0.282456
0.320939
0.350102
0.331746
0.340492
0.290033
0.289064
0.351662
0.270228
0.355756
0.364274
0.374986
0.302671
0.311860
0.275751
0.378613
0.284815
0.375320
0.363288
0.359533
0.274617
0.315825
0.195767
0.251860
0.325216
0.357132
0.364707
0.389693
0.374938
0.355176
0.341110
0.347841
0.376121
0.367935
0.337246
0.363974
0.318749
0.227993
0.376314
0.303573
0.312235
0.390106
0.326449
0.273780
0.345114
0.325204
0.304439
0.307589
0.287999
0.312503
0.305465
0.326593
0.345662
0.289034
0.292685
0.267999
0.367471
0.314157
0.342763
0.382988
0.289420
0.369682
0.278807
0.348046
0.278678
0.432730
0.361902
0.305298
0.281690
0.386751
0.378440
0.323906
0.249993
0.480616
0.388782
0.335209
0.288074
0.420521
0.290099
0.404874
0.337048
0.299645
0.357632
0.332780
0.306396
0.341999
0.271562
0.424138
0.296857
0.465608
0.355917
0.268544
0.348015
0.389087
0.304587
0.311825
0.254445
0.271769
0.349325
0.345504
0.367604
0.384164
0.330373
0.380657
0.289264
0.322278
0.319658
0.345508
0.356568
0.327894
0.323592
0.290016
0.386881
0.313308
0.328182
0.370865
0.314686
0.286882
0.243307
0.338691
0.328048
0.260150
0.291860
0.373293
0.330639
0.271017
0.327740
0.439476
0.264088
0.294390
0.260941
0.391603
0.316158
0.384833
0.277630
0.325547
0.240350
0.279138
0.206516
0.306037
0.265045
0.300882
0.319159
0.367153
0.347147
0.264088
0.333600
0.341614
0.323982
0.361477
0.344005
0.356790
0.338865
0.364507
0.365758
0.362213
0.426013
0.337854
0.406052
0.390378
0.325884
0.365667
0.214847
0.373842
0.271529
0.220224
0.335815
0.308932
0.349259
0.411715
0.359422
0.358977
0.326182
0.285569
0.327940
0.350148
0.378763
0.416683
0.379831
0.284612
0.334092
0.292667
0.311839
0.300269
0.319714
0.351556
0.253930
0.284869
0.410919
0.287882
0.291277
0.379420
0.382318
0.288309
0.413030
0.338663
0.400527
0.336703
0.269577
0.301546
0.296099
0.263922
0.314186
0.401635
0.315106
0.368937
0.256094
0.319955
0.382125
0.254219
0.282533
0.229123
0.372322
0.312815
0.403363
0.222318
0.370776
0.339146
0.324800
0.301555
0.401806
0.312991
0.323407
0.476143
0.586921
0.593033
0.615103
0.618059
0.484818
0.577385
0.594141
0.596345
0.525566
0.532762
0.538021
0.538038
0.620912
0.552720
0.586978
0.477449
0.670744
0.617917
0.670076
0.563052
0.531914
0.606098
0.536141
0.538303
0.601764
0.611437
0.551072
0.550701
0.593290
0.533784
0.519609
0.513337
0.570416
0.563386
0.609423
0.486927
0.586481
0.572790
0.642421
0.584581
0.541968
0.666207
0.572508
0.657798
0.553974
0.638572
0.627473
0.607897
0.452643
0.564982
0.548870
0.661929
0.543748
0.583501
0.531762
0.582122
0.517353
0.616460
0.642176
0.590271
0.588017
0.515961
0.611406
0.523633
0.513930
0.601800
0.532074
0.624806
0.550484
0.661026
0.581302
0.657930
0.596715
0.578315
0.562579
0.437293
0.497245
0.573021
0.550761
0.590127
0.616040
0.619275
0.563762
0.608415
0.517575
0.547006
0.594253
0.589421
0.602538
0.578915
0.684298
0.574208
0.551717
0.513899
0.589554
0.556384
0.542969
0.582219
0.642006
0.582429
0.557331
0.503649
0.539924
0.571629
0.606482
0.599457
0.533499
0.574106
0.556562
0.645926
0.569522
0.637282
0.538419
0.565431
0.620149
0.660944
0.561071
0.588134
0.590316
0.566777
0.591222
0.484747
0.657636
0.523901
0.634122
0.590679
0.621049
0.631414
0.595652
0.606261
0.644743
0.611630
0.559502
0.624129
0.611741
0.538302
0.555008
0.668440
0.613901
0.569076
0.566593
0.583123
0.603144
0.593156
0.583782
0.535229
0.694545
0.506232
0.451746
0.620392
0.610948
0.542514
0.637475
0.596253
0.574797
0.668608
0.610687
0.569228
0.526951
0.660901
0.650016
0.584330
0.618246
0.536161
0.680290
0.521073
0.339121
0.357085
0.349569
0.365264
0.322398
0.422623
0.292776
0.252842
0.276183
0.346818
0.272811
0.333869
0.347309
0.339941
0.213378
0.297327
0.353457
0.330988
0.366791
0.364862
0.389835
0.345963
0.362774
0.332338
0.241330
0.328886
0.348106
0.303720
0.168129
0.298324
0.320929
0.272408
0.392700
0.377793
0.276817
0.331148
0.325722
0.299201
0.338355
0.303448
0.378316
0.319957
0.250104
0.293398
0.369158
0.392901
0.388585
0.443414
0.389838
0.337622
0.219485
0.333324
0.459743
0.330470
0.268260
0.349704
0.370535
0.395645
0.304212
0.326992
0.255545
0.393153
0.293397
0.335974
0.316994
0.334850
0.275383
0.331396
0.258155
0.245562
0.372384
0.331075
0.312715
0.279328
0.228801
0.331423
0.329554
0.359752
0.340943
0.343567
0.419826
0.349138
0.248881
0.287595
0.301499
0.420259
0.253075
0.265134
0.376818
0.310137
0.292625
0.349869
0.338175
0.406556
0.396452
0.294949
0.349208
0.341492
0.425468
0.311226
0.284047
0.326627
0.291262
0.293294
0.194666
0.343470
0.307062
0.281672
0.309758
0.253084
0.279981
0.298545
0.405314
0.326310
0.362885
0.322837
0.229336
0.324412
0.386989
0.316789
0.381584
0.346131
0.375504
0.318988
0.359849
0.304399
0.353472
0.368291
0.398669
0.355442
0.329842
0.325490
0.321373
0.294165
0.340177
0.270356
0.352691
0.287175
0.288296
0.389885
0.279169
0.351793
0.252175
0.337523
0.319186
0.360406
0.234165
0.305795
0.241145
0.312744
0.440657
0.367083
0.244882
0.393844
0.242837
0.255074
0.414970
0.342591
0.278600
0.378990
0.317665
0.334316
0.338310
0.350679
0.396349
0.373518
0.361322
0.376821
0.377548
0.378339
0.355067
0.353203
0.437851
0.318121
0.290978
0.318164
0.349021
0.233747
0.278442
0.369668
0.370396
0.274759
0.264776
0.331313
0.346005
0.336524
0.318513
0.362142
0.355953
0.297583
0.327685
0.292064
0.207609
0.366367
0.409638
0.280481
0.293841
0.301015
0.335123
0.351459
0.401474
0.237611
0.378239
0.385727
0.305148
0.311285
0.290709
0.314060
0.352727
0.255729
0.324374
0.274567
0.308598
0.415709
0.343955
0.243890
0.374389
0.311287
0.341090
0.341567
0.332695
0.265850
0.345864
0.322220
0.358060
0.285615
0.377192
0.465494
0.369889
0.267583
0.322897
0.297179
0.380581
0.287716
0.386063
0.342514
0.297879
0.376485
0.326649
0.330512
0.384028
0.405568
0.216239
0.310708
0.373590
0.326826
0.382361
0.311783
0.321470
0.361315
0.306680
0.328126
0.341903
0.356470
0.272085
0.344410
0.352869
0.359277
0.416068
0.217209
0.296240
0.289890
0.321222
0.338487
0.294730
0.294596
0.334332
0.343184
0.267060
0.315095
0.286825
0.372474
0.300073
0.273527
0.357394
0.346063
0.362300
0.358469
0.269519
0.319440
0.381706
0.311452
0.400267
0.378327
0.357710
0.338116
0.322363
0.335027
0.360999
0.297281
0.309578
0.368111
0.281787
0.230095
0.263683
0.314716
0.364000
0.308364
0.411435
0.292927
0.311310
0.365498
0.438535
0.401381
0.332759
0.319722
0.325655
0.432387
0.274880
0.328478
0.337743
0.285752
0.288944
0.315843
0.253373
0.266708
0.318410
0.299400
0.399425
0.378016
0.286050
0.288975
0.324650
0.349796
0.356942
0.337792
0.232115
0.272162
0.260364
0.323535
0.394419
0.360733
