12 12 3
0.177338 0.616019 0.855694 0.197366 0.952241 0.336400 0.468729 0.908617 0.282021 0.561175 0.159035 0.974590
0.126449 0.722028 0.834244 0.124954 0.891401 0.287423 0.481948 0.843199 0.185935 0.523047 0.200044 1.027608
0.700805 0.182727 0.730564 0.331618 0.241606 0.142740 0.734360 0.472746 0.469537 0.717608 0.231161 0.033981
0.699543 0.252906 0.719990 0.349147 0.243232 0.108192 0.674007 0.452484 0.515823 0.713931 0.320456 -0.005074
0.674391 0.268654 0.755060 0.294872 0.238718 0.020862 0.796602 0.497760 0.502589 0.720130 0.198116 -0.006326
0.720292 0.211339 0.635043 0.420249 0.314734 0.139605 0.694637 0.493788 0.561728 0.738258 0.266633 0.074801
0.611060 0.450052 0.513194 0.441676 0.476831 0.934736 0.863445 0.675003 0.513423 0.282145 0.794270 0.155194
0.655007 0.580616 0.571453 0.418997 0.455447 0.834312 0.911813 0.638373 0.543917 0.178003 0.691027 0.157299
0.700148 0.261680 0.735117 0.407192 0.266298 0.049212 0.657738 0.462990 0.479715 0.726809 0.210374 0.018928
0.726830 0.285019 0.711873 0.382836 0.266790 0.062730 0.688153 0.522691 0.588417 0.753491 0.222040 0.020208
0.702584 0.217839 0.674407 0.358286 0.268927 0.047822 0.682938 0.477098 0.524532 0.795825 0.239981 -0.027489
0.579933 0.164739 0.751574 0.400267 0.369408 0.079259 0.683415 0.489771 0.517670 0.736023 0.238758 -0.009977
