250 12 125
0.429139 0.259050 0.681282 0.751390 0.668810 0.860835 0.514417 0.081324 0.061904 0.070218 0.388506 0.030422
0.461191 0.297839 0.743499 0.779092 0.912029 0.832005 0.416593 0.132609 0.090873 0.044121 0.407018 0.109340
0.355068 0.210501 0.646763 0.844864 0.809282 0.955746 0.551565 0.039137 0.142835 0.023424 0.363996 0.047174
0.406696 0.218190 0.681150 0.748674 0.874142 0.851895 0.472633 0.072319 0.114658 -0.051252 0.287537 0.088477
0.415145 0.333807 0.582486 0.732553 0.862781 0.841579 0.601087 0.023336 0.132097 -0.045499 0.328015 0.164794
0.373739 0.301901 0.662233 0.834852 0.803972 0.840596 0.485929 0.131505 0.139171 0.015498 0.374783 0.173154
0.409594 0.287311 0.631830 0.764392 0.774843 0.869553 0.531335 -0.007852 0.097852 0.079521 0.478473 0.066567
0.397806 0.349700 0.745053 0.790157 0.826184 0.889365 0.525565 0.058666 0.208833 0.044225 0.385380 0.069621
0.376068 0.279475 0.633493 0.760577 0.805321 0.864303 0.522987 0.138301 0.188714 -0.106088 0.296012 0.099017
0.342728 0.336696 0.707620 0.780269 0.719743 0.858519 0.526290 0.131778 0.257979 0.015588 0.311956 0.126931
0.383376 0.215804 0.723553 0.730724 0.822678 0.844560 0.509124 0.015452 0.157816 0.044380 0.334118 0.056495
0.401175 0.313680 0.757291 0.792038 0.842408 0.777252 0.535529 0.008935 0.192164 -0.036883 0.375858 0.198802
0.367144 0.230081 0.723196 0.682716 0.754388 0.756790 0.516561 0.096236 0.235116 0.023184 0.385186 0.127124
0.413493 0.297568 0.720862 0.709071 0.897002 0.728560 0.618970 -0.031046 0.107609 0.071542 0.358207 0.125589
0.414232 0.314895 0.649944 0.656491 0.795946 0.814358 0.491250 0.081280 0.030686 -0.033638 0.351178 0.179836
0.292206 0.277972 0.711785 0.663267 0.856086 0.893529 0.486232 0.076266 0.135485 -0.027743 0.319673 0.173762
0.404329 0.237773 0.696763 0.825486 0.805109 0.849472 0.523818 0.065640 0.202557 -0.058595 0.279608 0.109735
0.372958 0.224019 0.688445 0.784810 0.760607 0.822905 0.558301 0.078637 0.089523 0.139787 0.388264 0.071909
0.386448 0.200387 0.693150 0.662111 0.870889 0.856904 0.413206 0.055537 0.120990 0.027141 0.306282 0.032250
0.411179 0.286546 0.599709 0.792994 0.806529 0.831975 0.527077 0.020402 0.099432 0.024628 0.334455 0.158377
0.386968 0.310440 0.654543 0.809443 0.780327 0.898359 0.498790 0.022435 0.127189 0.033848 0.421313 0.144124
0.355982 0.174673 0.557134 0.796653 0.816890 0.968247 0.521750 0.008658 0.199708 0.035475 0.301992 0.139044
0.323598 0.360551 0.737741 0.650226 0.898550 0.861290 0.535499 -0.014489 0.180243 0.106874 0.398059 0.196582
0.502269 0.335626 0.683941 0.751349 0.813357 0.861654 0.647490 0.048640 0.116546 -0.004526 0.409600 0.065257
0.412734 0.267976 0.658600 0.787383 0.836483 0.823159 0.521474 0.100574 0.129403 0.042120 0.291768 0.112879
0.424065 0.245523 0.643663 0.724897 0.874228 0.877827 0.536960 0.035789 0.208699 0.011162 0.296538 0.091073
0.442559 0.304299 0.692805 0.714824 0.786089 0.877426 0.545427 -0.029265 0.072367 -0.010814 0.402418 0.106268
0.311632 0.319865 0.688481 0.723999 0.740742 0.800428 0.396863 0.055320 0.223635 -0.064326 0.380802 0.098134
0.408575 0.263148 0.797060 0.761053 0.793168 0.844806 0.561160 0.079516 -0.020328 0.045967 0.299303 0.082936
0.269768 0.242154 0.697307 0.678821 0.694709 0.856269 0.588558 0.000416 0.078563 -0.011222 0.288248 0.111066
0.374176 0.253967 0.614587 0.739251 0.895290 0.711559 0.600589 0.135310 0.151706 0.046179 0.314786 -0.041429
0.415350 0.304946 0.731056 0.859391 0.832261 0.840349 0.482144 0.040156 0.201735 -0.049012 0.308931 0.115667
0.354391 0.345229 0.640777 0.820637 0.729237 0.845239 0.502089 -0.036803 0.111489 -0.022972 0.366088 0.070717
0.395390 0.266962 0.748059 0.710703 0.785822 0.867148 0.569337 0.042289 0.114397 0.052296 0.374692 -0.012347
0.398269 0.232672 0.692577 0.678697 0.858229 0.867847 0.553728 0.063764 0.130343 0.062052 0.428817 0.081881
0.415987 0.311920 0.682775 0.758708 0.799355 0.829368 0.471723 0.069937 0.077138 0.035923 0.288193 0.125701
0.397778 0.235478 0.662543 0.742194 0.804010 0.823789 0.479014 0.145707 0.111438 0.026073 0.272955 0.075304
0.387133 0.309488 0.693702 0.832790 0.853127 0.848059 0.526060 0.048601 0.129316 -0.074920 0.288335 0.057144
0.333927 0.262178 0.708205 0.730297 0.871632 0.900675 0.587390 0.081836 0.136888 0.036610 0.289742 0.042686
0.477192 0.274132 0.672829 0.666224 0.781325 0.820365 0.467560 0.061800 0.052401 0.040751 0.299165 0.023132
0.353111 0.295058 0.733892 0.802828 0.779839 0.966064 0.521838 -0.022229 0.147936 0.048411 0.281934 0.134440
0.330779 0.286789 0.649050 0.829232 0.940692 0.840771 0.445377 0.013963 0.154904 0.068401 0.376395 0.105295
0.499140 0.325570 0.123138 0.774396 0.358049 0.836376 0.274227 0.888211 0.975682 0.269089 0.209634 0.711332
0.606585 0.318776 0.280178 0.939776 0.249975 0.901069 0.152869 1.007280 0.885583 0.187616 0.283276 0.561130
0.488377 0.364158 0.273453 0.942874 0.299811 0.963021 0.282356 0.929399 0.977302 0.236859 0.262849 0.641128
0.594731 0.380158 0.150732 0.775722 0.383925 0.927013 0.166391 0.955262 0.875358 0.227686 0.285904 0.519990
0.561022 0.307796 0.126879 0.782706 0.308099 0.910941 0.308223 0.911513 0.884454 0.219655 0.278275 0.581295
0.581374 0.345200 0.275135 0.878436 0.246547 0.919670 0.290333 0.894509 0.982555 0.298766 0.248130 0.643746
0.550311 0.298857 0.234543 0.958248 0.355533 0.846483 0.327113 0.934383 1.006344 0.217911 0.297552 0.572913
0.545304 0.292971 0.223057 0.863951 0.354483 0.887932 0.161283 0.888322 1.013733 0.336789 0.175835 0.566316
0.553025 0.346605 0.189496 0.888772 0.336382 0.879374 0.310148 0.858761 1.012431 0.299648 0.232750 0.669454
0.564260 0.341954 0.141604 0.963541 0.435542 0.894898 0.197945 0.851957 0.949973 0.193712 0.268139 0.533203
0.495781 0.344110 0.268353 0.910331 0.282534 0.912821 0.278651 0.984941 0.975673 0.176671 0.228419 0.510472
0.596699 0.350317 0.284715 0.935682 0.342688 0.838755 0.235898 1.043027 1.016230 0.290115 0.253972 0.637336
0.471606 0.374597 0.147976 0.771005 0.290035 0.811068 0.207491 0.800208 0.908292 0.181877 0.325318 0.576921
0.574964 0.426190 0.193005 0.808464 0.312591 1.019269 0.178233 0.886765 1.007720 0.278627 0.211794 0.639968
0.587618 0.330822 0.273493 0.923390 0.191348 0.893232 0.332474 0.944805 0.929609 0.282833 0.261851 0.662985
0.527322 0.333315 0.236412 0.828355 0.269233 0.918893 0.250026 0.916621 0.955217 0.180301 0.239939 0.570966
0.539015 0.328836 0.152637 0.942027 0.300226 0.833821 0.188645 0.913615 0.815631 0.302273 0.274248 0.542362
0.505649 0.293481 0.176578 0.947489 0.356366 0.893780 0.158029 0.932469 0.987709 0.169000 0.279042 0.558182
0.529729 0.357166 0.186003 0.837186 0.314356 0.866829 0.210903 0.917562 0.964935 0.244305 0.295171 0.586119
0.585351 0.368677 0.155956 0.797171 0.259522 0.939237 0.244336 0.946631 0.964783 0.289130 0.299350 0.604623
0.587556 0.359369 0.227872 0.825563 0.319465 0.855317 0.249769 1.015889 0.938336 0.301949 0.331511 0.608892
0.543614 0.289043 0.239140 0.848665 0.231313 0.951563 0.194318 1.000073 0.873901 0.333193 0.372050 0.643596
0.516903 0.438295 0.101817 0.753478 0.259336 0.861024 0.246044 0.881542 1.016264 0.262218 0.104867 0.655428
0.546666 0.418898 0.291210 0.858012 0.294540 0.784309 0.175996 0.913213 0.831364 0.246807 0.250358 0.578090
0.545311 0.211610 0.192034 0.796514 0.216839 0.894072 0.273749 0.894514 1.013299 0.207931 0.257147 0.546558
0.574565 0.494143 0.193790 0.892413 0.279067 0.872704 0.317889 0.933864 0.951658 0.262988 0.253014 0.610650
0.577300 0.479166 0.101956 0.979968 0.217254 0.929622 0.247627 0.996595 1.081892 0.244265 0.224312 0.648506
0.606121 0.378923 0.148089 0.836336 0.356775 0.890576 0.166553 0.855725 0.945253 0.242395 0.328650 0.508614
0.604396 0.403555 0.157410 0.874103 0.323425 0.914271 0.231994 0.880070 0.914007 0.276669 0.194569 0.576441
0.524169 0.273767 0.198241 0.931447 0.280425 0.894204 0.174080 0.963651 0.990134 0.246522 0.218738 0.615698
0.476495 0.350235 0.223638 0.795614 0.295661 0.893642 0.242505 0.868509 0.948382 0.319017 0.203065 0.635504
0.507093 0.368807 0.139873 0.878538 0.347008 0.818975 0.245960 0.937534 0.977212 0.220780 0.161836 0.659195
0.542136 0.343648 0.282017 0.889695 0.450385 0.853279 0.128300 1.021776 0.986634 0.258210 0.260886 0.505098
0.527174 0.353681 0.300657 0.863132 0.339723 0.881531 0.261071 0.964212 0.988024 0.222682 0.246215 0.589840
0.624212 0.417918 0.138940 0.834805 0.313560 0.917817 0.180536 0.897973 1.011798 0.292484 0.298691 0.622723
0.450036 0.281960 0.244332 0.895350 0.433015 0.854512 0.189245 0.832690 0.871637 0.201728 0.278188 0.700469
0.588836 0.237118 0.207110 0.853226 0.249168 0.860771 0.208661 0.984290 0.923440 0.294868 0.299638 0.488564
0.621600 0.350631 0.187013 0.801481 0.220636 0.864915 0.214330 0.964280 0.994686 0.284622 0.280403 0.582229
0.584185 0.474222 0.230025 0.809198 0.293585 0.831899 0.314062 1.010046 1.000612 0.218284 0.275072 0.494180
0.489131 0.327250 0.236085 0.825478 0.274607 0.882145 0.176646 0.917736 0.993576 0.244941 0.302419 0.590884
0.522098 0.355466 0.128698 0.877411 0.333196 0.923477 0.155740 0.848459 0.996480 0.229794 0.397020 0.610973
0.576576 0.327798 0.206503 0.914672 0.325929 0.905161 0.214431 0.982742 0.945035 0.254725 0.303349 0.553233
0.533308 0.425862 0.152929 0.852619 0.278808 0.936524 0.258955 0.978134 0.907384 0.272053 0.225430 0.612105
0.517478 0.349771 0.196366 0.892281 0.206406 0.947407 0.223456 0.904356 0.945511 0.091705 0.280718 0.561444
0.513764 0.349160 0.123179 0.980920 0.314049 0.848579 0.206810 0.978052 0.952236 0.146499 0.284992 0.597589
0.547075 0.254575 0.230186 0.888548 0.310622 0.807682 0.238852 1.010385 0.983691 0.130874 0.214075 0.602658
0.579497 0.255329 0.208185 0.888944 0.317826 0.889237 0.184452 0.998832 0.915387 0.222992 0.233133 0.628760
0.493848 0.375952 0.228937 0.835989 0.316437 0.961585 0.179142 0.917905 0.878911 0.195114 0.256152 0.571343
0.538109 0.359756 0.233119 0.917410 0.240609 0.908776 0.187702 0.934524 0.956382 0.203920 0.306947 0.692615
0.556248 0.348347 0.171517 0.839143 0.267492 0.941420 0.230228 0.973279 0.972188 0.254795 0.273900 0.657237
0.530039 0.269690 0.191832 0.798086 0.337189 0.874137 0.270765 0.952782 1.014547 0.287045 0.285736 0.565980
0.534996 0.449464 0.189307 0.897688 0.219371 0.950956 0.204024 0.853080 0.934667 0.296712 0.233794 0.669187
0.434392 0.391063 0.249020 0.834432 0.333632 0.986390 0.257312 0.933156 0.812239 0.162029 0.357349 0.624455
0.441694 0.281624 0.252843 0.913958 0.262907 0.847384 0.265963 0.930118 0.982140 0.210496 0.278627 0.501569
0.468279 0.392632 0.232342 0.892502 0.277282 0.900933 0.268024 0.889835 0.890183 0.215885 0.305716 0.652262
0.503353 0.347990 0.152150 0.888561 0.285238 0.986428 0.179086 0.968254 1.017877 0.194347 0.177927 0.523186
0.636093 0.350242 0.231340 0.789812 0.307819 0.873346 0.156322 0.998983 0.922554 0.231470 0.293733 0.631740
0.516346 0.335581 0.316094 0.856117 0.386747 0.907983 0.126471 1.010048 0.909665 0.255602 0.213016 0.642594
0.543393 0.329415 0.128038 0.844228 0.327710 0.895421 0.147868 1.002499 0.987444 0.241551 0.329385 0.634853
0.645538 0.409249 0.223087 0.877186 0.424320 0.876124 0.206149 0.962675 0.929559 0.202120 0.259739 0.590179
0.522638 0.415969 0.290669 0.904283 0.303201 0.879614 0.178114 0.922569 0.973954 0.076219 0.255009 0.659100
0.604454 0.371964 0.092403 0.844445 0.267353 0.916215 0.271880 0.967925 0.961765 0.249474 0.309913 0.584449
0.521671 0.391330 0.200765 0.912513 0.280898 0.881565 0.254093 0.901395 0.943095 0.275292 0.269109 0.581679
0.432109 0.297073 0.200980 0.938047 0.266181 0.936935 0.204731 0.873881 0.928139 0.307626 0.329031 0.687204
0.421030 0.283057 0.166316 0.783929 0.329664 0.812170 0.203682 0.979570 0.930281 0.244895 0.214607 0.609897
0.617417 0.302889 0.198755 0.877582 0.326996 0.909362 0.200801 0.889391 1.014877 0.373676 0.267020 0.573694
0.562092 0.413513 0.176680 0.958970 0.273805 0.904341 0.075818 0.897939 0.975865 0.156463 0.296917 0.708524
0.596622 0.331362 0.103949 0.853579 0.302797 0.849149 0.195689 0.967282 1.037359 0.265306 0.212326 0.616125
0.617926 0.320494 0.192715 0.915940 0.235755 0.800418 0.325246 0.835888 0.900402 0.273764 0.246068 0.584709
0.582819 0.308612 0.198295 0.756509 0.232017 0.949770 0.237833 0.935656 0.958835 0.326721 0.223881 0.558745
0.558722 0.358436 0.302394 0.911006 0.243905 0.796382 0.267470 1.003242 0.937194 0.225079 0.251944 0.559572
0.629525 0.313291 0.169674 0.886319 0.476125 0.931963 0.233941 1.017263 1.006108 0.297358 0.200591 0.472993
0.572046 0.308547 0.194914 0.944683 0.253057 0.970003 0.285436 0.947261 0.937508 0.258320 0.216575 0.632658
0.592051 0.374520 0.294728 0.853948 0.211483 0.973028 0.197203 0.855024 1.007947 0.310504 0.307551 0.543336
0.456808 0.359636 0.181951 0.846476 0.284036 0.857699 0.220108 0.889940 0.967860 0.212119 0.268417 0.544994
0.519979 0.362762 0.261044 0.808646 0.241176 0.883442 0.230906 0.955617 0.978534 0.242784 0.171455 0.605829
0.647075 0.398543 0.246782 0.814957 0.210261 0.890365 0.188976 0.880213 0.927384 0.256645 0.296568 0.632372
0.501347 0.414085 0.183187 0.881210 0.308982 0.803197 0.083169 1.050237 1.008273 0.232211 0.266790 0.571408
0.543061 0.434975 0.183850 0.874377 0.373643 0.925569 0.185311 0.930841 0.914927 0.183488 0.278760 0.514301
0.583973 0.339762 0.200782 0.847679 0.252216 0.861152 0.205910 0.971710 1.002646 0.236639 0.319677 0.587356
0.450215 0.413852 0.150468 0.989709 0.318214 0.891602 0.259239 0.953869 1.013961 0.260629 0.301434 0.660604
0.501364 0.354826 0.214095 0.855040 0.263792 0.915122 0.209154 0.936618 0.982415 0.232030 0.234301 0.646268
0.512718 0.319025 0.179615 0.931982 0.314364 0.805071 0.186147 0.892629 0.956324 0.212551 0.398263 0.589621
0.509216 0.426703 0.221075 0.963789 0.384149 0.893867 0.204739 0.847391 0.888195 0.161380 0.212220 0.627607
0.421414 0.093244 1.044371 -0.100315 0.776066 0.416282 0.558657 0.203393 0.593431 0.447049 0.983148 0.393585
0.469970 0.064365 0.957363 0.002844 0.776327 0.466022 0.635813 0.169768 0.568145 0.583590 1.066989 0.492004
0.482643 0.028303 1.016262 0.001130 0.900790 0.438914 0.520148 0.252825 0.571874 0.540307 1.001927 0.378536
0.567554 0.043097 1.027469 0.045546 0.874272 0.438336 0.546820 0.188329 0.539879 0.545886 0.923206 0.492874
0.443988 0.055176 1.017427 -0.037087 0.838212 0.412209 0.581297 0.204593 0.620419 0.521235 0.936895 0.433423
0.405168 0.055696 0.969321 0.015633 0.838820 0.454079 0.597641 0.302549 0.630933 0.526655 0.925809 0.409508
0.363911 0.123777 0.985385 0.008592 0.843926 0.362915 0.574367 0.188087 0.565403 0.559540 1.054459 0.475450
0.411196 -0.018311 0.955756 0.062142 0.925100 0.420879 0.555216 0.166281 0.548166 0.483723 0.955854 0.478109
0.435983 0.097051 1.017646 -0.035230 0.830177 0.519874 0.622458 0.215108 0.603841 0.546234 1.084075 0.455595
0.421000 0.125480 0.936922 0.092873 0.820836 0.480594 0.549701 0.173475 0.648829 0.570341 0.942018 0.551894
0.459428 0.052238 0.982047 -0.024988 0.882673 0.526017 0.548722 0.217399 0.559508 0.585891 0.936064 0.420775
0.508970 0.072910 1.050606 -0.004767 0.804194 0.342151 0.597080 0.245702 0.655602 0.514305 0.978778 0.468149
0.471710 0.131253 1.080783 0.051458 0.806843 0.436893 0.551599 0.127117 0.634343 0.594664 0.957864 0.554797
0.413607 0.111142 1.003463 -0.005793 0.889290 0.519487 0.524938 0.259472 0.591160 0.609635 1.001381 0.428075
0.434602 0.124754 0.985237 -0.005549 0.850134 0.410750 0.600464 0.254928 0.659810 0.542133 0.954842 0.440845
0.591234 0.127540 0.963472 -0.039108 0.844438 0.445504 0.653587 0.280250 0.629935 0.438147 0.985725 0.381041
0.464762 0.101626 0.921456 -0.011518 0.829556 0.442510 0.592044 0.221499 0.682794 0.516578 1.018667 0.498329
0.402197 0.023846 1.053253 0.058938 0.886717 0.468931 0.588659 0.193759 0.643752 0.452481 0.968544 0.429081
0.511448 0.076139 0.986382 0.037596 0.853601 0.461887 0.564152 0.134847 0.537450 0.496110 1.025619 0.450380
0.437968 0.134149 0.979539 0.052893 0.815325 0.432317 0.599511 0.280112 0.540424 0.547208 0.877064 0.540093
0.412237 0.125188 1.057036 0.003749 0.837099 0.460726 0.461182 0.200478 0.607642 0.557414 0.975159 0.407074
0.411308 0.089568 0.951303 0.025986 0.821109 0.548467 0.603166 0.139639 0.633015 0.489400 0.964871 0.562872
0.365557 0.079553 1.050367 -0.037895 0.810352 0.451715 0.591710 0.202226 0.620896 0.506115 0.985389 0.392904
0.399075 0.049058 1.026574 -0.046329 0.877887 0.427186 0.587590 0.225177 0.470948 0.523781 1.021912 0.527333
0.379389 0.114469 0.917241 -0.011397 0.888065 0.423827 0.534192 0.128131 0.652799 0.537857 1.031133 0.480142
0.452233 0.052088 0.966109 0.016616 0.744373 0.440350 0.470794 0.194918 0.685466 0.568589 0.965853 0.408336
0.501160 0.174415 0.998852 -0.040717 0.721892 0.332219 0.594923 0.165382 0.564825 0.572022 0.962991 0.449166
0.548393 0.074154 0.970552 -0.045703 0.791538 0.437992 0.625242 0.194511 0.556472 0.675905 0.978567 0.502991
0.454491 0.092472 0.934940 -0.049580 0.808919 0.385433 0.595975 0.249980 0.452133 0.616636 0.976272 0.526451
0.431809 0.064233 0.987861 0.067433 0.822866 0.463315 0.572104 0.199300 0.682685 0.486109 1.007763 0.379188
0.449944 0.062344 1.024017 -0.057813 0.815598 0.405258 0.574391 0.248268 0.624295 0.544671 1.026467 0.451618
0.410763 -0.005378 0.876790 0.002147 0.824852 0.502949 0.626127 0.248927 0.667981 0.516577 1.002070 0.426330
0.438839 0.080404 0.960443 0.097468 0.848727 0.448685 0.543887 0.182883 0.584504 0.547070 0.939808 0.383183
0.472010 0.169678 0.948702 -0.014487 0.819402 0.589038 0.537886 0.178548 0.627058 0.642082 0.972966 0.479190
0.490716 0.099476 0.901133 -0.019369 0.818916 0.478310 0.552563 0.220496 0.587847 0.667006 0.912733 0.526089
0.459750 0.101663 1.015092 0.040384 0.885248 0.510759 0.562566 0.230796 0.608302 0.574369 1.014869 0.472232
0.438550 0.094174 0.960161 -0.032772 0.731989 0.412050 0.484357 0.222747 0.528313 0.512027 0.953377 0.424870
0.491710 0.171224 0.921987 0.078562 0.971308 0.484040 0.603258 0.158095 0.494334 0.655370 0.932515 0.546230
0.435604 0.015780 1.022768 -0.002085 0.913511 0.375051 0.617427 0.219677 0.542906 0.483591 0.959384 0.381255
0.397857 0.168803 0.992536 -0.051805 0.871705 0.365155 0.605655 0.206019 0.584632 0.598935 1.068009 0.388385
0.418062 0.118532 0.960027 0.062937 0.830875 0.437718 0.631830 0.142570 0.595360 0.548871 0.921691 0.425768
0.549186 0.177700 1.010249 0.147386 0.850021 0.534093 0.535162 0.167174 0.492886 0.591276 0.992705 0.407661
0.473062 0.352956 0.177283 0.869790 0.320539 0.890363 0.163108 0.990991 0.925491 0.170618 0.286416 0.652559
0.553151 0.349271 0.213486 0.919353 0.330060 0.873326 0.162816 0.947986 0.946410 0.178483 0.312200 0.633410
0.572251 0.364334 0.152017 0.888032 0.297141 0.900694 0.337719 0.965930 0.976461 0.234451 0.297208 0.553253
0.528472 0.318883 0.232839 0.780519 0.227081 0.982678 0.201114 0.944893 0.943151 0.239082 0.305173 0.595733
0.556535 0.297708 0.214818 0.833292 0.343790 0.801821 0.265561 0.956418 0.881562 0.268747 0.243919 0.660211
0.584590 0.357746 0.101737 0.824006 0.317285 0.845110 0.212795 0.862831 0.996504 0.236268 0.364156 0.601609
0.545685 0.373237 0.172516 0.893391 0.330487 0.868617 0.332912 0.932129 0.932400 0.203911 0.204672 0.619148
0.502732 0.406653 0.186410 0.907152 0.382662 0.839244 0.298445 1.023675 0.978631 0.196193 0.243814 0.572368
0.504901 0.422515 0.124027 0.862366 0.275416 0.885529 0.224300 0.954454 0.998904 0.231813 0.193669 0.619961
0.579153 0.441348 0.212140 0.910509 0.350847 0.963962 0.222490 0.953442 0.882747 0.257028 0.271473 0.598668
0.572984 0.408557 0.110217 0.845354 0.278986 0.916970 0.185196 0.925674 0.979775 0.281172 0.286549 0.522185
0.608591 0.433527 0.158660 0.818157 0.382898 0.844342 0.166487 0.933264 0.931835 0.228794 0.189436 0.555279
0.452192 0.396032 0.158710 0.911407 0.265320 0.892125 0.291233 0.893294 1.003056 0.238797 0.261281 0.587191
0.520725 0.474769 0.219447 0.839527 0.331618 0.969232 0.172075 0.919538 0.964813 0.274697 0.294257 0.592617
0.443597 0.298204 0.205476 0.919481 0.258986 0.810687 0.153522 1.023636 0.944318 0.270352 0.329446 0.611732
0.586734 0.344514 0.172908 0.864127 0.360221 0.888154 0.168187 0.930924 1.053751 0.265336 0.228293 0.565870
0.582816 0.353749 0.170515 0.835044 0.309961 0.838090 0.229572 0.868573 0.969760 0.236208 0.258939 0.638023
0.479103 0.352087 0.256390 0.918299 0.339519 0.904253 0.251883 0.836703 0.934574 0.225080 0.271561 0.621559
0.538415 0.384287 0.187968 0.870815 0.265701 0.897896 0.301604 0.932535 0.902274 0.303222 0.261940 0.499418
0.491347 0.328582 0.194606 0.886211 0.267083 0.962053 0.188433 0.942945 0.943916 0.313804 0.290607 0.495774
0.521252 0.318758 0.238976 0.803475 0.278142 0.969047 0.174009 0.945741 0.901607 0.263748 0.267009 0.702370
0.527286 0.372461 0.200882 0.902936 0.363867 0.897829 0.230810 0.974848 0.927061 0.204206 0.180163 0.646474
0.443155 0.256118 0.133136 0.878195 0.314840 0.911464 0.176680 0.901907 0.953666 0.189552 0.172448 0.692085
0.547093 0.319790 0.100465 0.883647 0.339632 0.945798 0.309436 0.901774 0.952972 0.254278 0.252599 0.574191
0.535612 0.363231 0.170161 0.943522 0.374832 0.858816 0.156803 0.943384 0.904980 0.291968 0.365156 0.651393
0.577040 0.375302 0.270916 0.864390 0.289505 0.824698 0.304067 1.030168 0.996560 0.296632 0.284838 0.592024
0.560337 0.472974 0.178356 0.940505 0.261911 0.892937 0.240837 0.972699 0.897400 0.225704 0.252046 0.624841
0.633717 0.393109 0.172589 0.883596 0.318492 0.933810 0.254260 0.973814 1.008271 0.260784 0.202552 0.620011
0.564696 0.384145 0.210896 0.898472 0.353681 1.026549 0.218511 0.907241 0.909497 0.184446 0.274338 0.562481
0.584639 0.436946 0.119289 0.977524 0.369983 0.915916 0.184990 0.922071 0.944271 0.266235 0.263785 0.601300
0.518904 0.348748 0.159358 0.868125 0.320899 0.916938 0.233158 0.893515 0.919041 0.247732 0.262186 0.645235
0.616674 0.308401 0.221181 0.818279 0.281448 0.784417 0.336919 0.905296 0.925301 0.237307 0.225019 0.640419
0.545723 0.337077 0.262567 0.852007 0.368090 0.869886 0.204159 0.962985 0.884335 0.264676 0.250210 0.619319
0.552616 0.395956 0.185530 0.889168 0.230146 0.799782 0.166540 0.973566 0.891861 0.195663 0.214163 0.631799
0.459002 0.391991 0.204656 0.864256 0.307987 0.904656 0.299173 0.888764 0.888908 0.193602 0.259121 0.634099
0.618760 0.329515 0.202604 0.874539 0.328403 0.908423 0.129297 0.921342 0.931258 0.211091 0.337815 0.591696
0.503938 0.308118 0.290887 0.866443 0.301435 0.835575 0.279371 0.885093 0.947106 0.200229 0.179038 0.589671
0.545903 0.354499 0.220622 0.827398 0.248568 0.857979 0.283905 0.796895 1.030697 0.216264 0.238188 0.574337
0.425479 0.350576 0.229290 0.866583 0.243409 0.815022 0.223468 0.903993 0.957985 0.188650 0.249452 0.657761
0.649002 0.353291 0.238290 0.910508 0.339884 0.912594 0.103428 0.953651 0.996133 0.255081 0.248982 0.604160
0.497797 0.428789 0.116029 0.950960 0.302688 0.867722 0.133657 0.953278 0.992703 0.284530 0.238603 0.606960
0.565608 0.349914 0.206081 0.913356 0.240757 0.881649 0.279324 0.964606 0.915533 0.224580 0.193840 0.592116
0.525682 0.318256 0.188352 0.909848 0.266612 0.706698 0.279695 0.959078 0.960167 0.176716 0.224424 0.532874
0.542644 0.336746 0.176437 0.835217 0.321434 1.019729 0.201723 1.009706 1.017665 0.235625 0.282300 0.566546
0.536586 0.331036 0.239792 0.821985 0.229444 1.007150 0.289203 0.918512 0.993559 0.241974 0.220398 0.531316
0.608291 0.386680 0.306342 0.918673 0.291947 0.884508 0.226863 0.904517 1.022915 0.225316 0.293457 0.666639
0.513714 0.312432 0.147548 0.894356 0.314863 0.894957 0.208690 0.963969 0.927430 0.186003 0.252919 0.628605
0.550042 0.275018 0.336109 0.755433 0.295010 0.963563 0.274634 0.962386 0.968934 0.236679 0.213668 0.655739
0.529918 0.345086 0.164981 0.898505 0.322112 1.013814 0.237204 0.941677 0.952255 0.387530 0.251697 0.530938
0.598019 0.381367 0.259203 0.859976 0.293499 0.875390 0.204537 0.960522 0.959558 0.203060 0.163020 0.704881
0.568841 0.368953 0.152216 0.774117 0.310345 0.951226 0.315450 0.919572 0.953236 0.247125 0.214667 0.519096
0.568517 0.429624 0.194771 0.800128 0.280611 0.951527 0.292989 0.920134 0.923221 0.190101 0.204055 0.567569
0.516395 0.313849 0.231414 0.792860 0.177486 0.943891 0.214992 0.938784 1.082727 0.264030 0.304379 0.615662
0.561510 0.360912 0.173966 0.842353 0.285595 0.901577 0.140005 0.889731 1.029224 0.225046 0.291349 0.664365
0.603053 0.353349 0.238158 0.833604 0.321222 0.855333 0.264027 0.840867 0.929078 0.230981 0.324598 0.564897
0.496083 0.411866 0.218605 0.849991 0.292313 0.882706 0.200472 0.920934 0.966132 0.305254 0.221654 0.599740
0.485365 0.365118 0.245609 0.801851 0.272356 0.870567 0.279277 0.875069 0.931726 0.181751 0.274867 0.619678
0.538791 0.373472 0.132451 0.810523 0.359092 0.809846 0.252524 0.911555 0.952691 0.262062 0.191646 0.547805
0.562759 0.361750 0.211134 0.872455 0.309303 0.816601 0.224940 0.829834 0.942767 0.290423 0.218845 0.625479
0.534423 0.286248 0.255585 0.803760 0.315054 0.810900 0.273738 0.946275 0.978166 0.236464 0.232253 0.577520
0.661634 0.369616 0.200780 0.851610 0.252772 0.852036 0.271600 0.930249 0.960936 0.200632 0.199709 0.596014
0.525490 0.352849 0.264636 0.897627 0.305707 0.862729 0.214112 0.955622 0.968859 0.225945 0.213078 0.534699
0.594821 0.365226 0.118996 0.947705 0.330544 0.843394 0.176547 1.034221 0.928799 0.225470 0.208163 0.625614
0.604493 0.304603 0.287131 0.990545 0.282155 0.913809 0.237313 0.940572 0.894330 0.207962 0.289562 0.509786
0.531438 0.370728 0.227842 0.889324 0.319829 0.864885 0.285848 0.906088 1.006451 0.221520 0.254845 0.639575
0.559412 0.372622 0.303459 1.005552 0.190041 0.795463 0.282614 0.891845 0.988617 0.136415 0.336399 0.659467
0.653335 0.326830 0.303646 0.889448 0.317633 0.848302 0.236161 0.961622 0.954032 0.362340 0.245111 0.694593
0.514359 0.324987 0.162698 0.847461 0.272161 0.904212 0.241094 0.939401 1.016169 0.181853 0.276987 0.602187
0.522508 0.263758 0.178023 0.829638 0.276952 0.877166 0.146161 0.816616 0.919174 0.295269 0.277844 0.534960
0.541150 0.382680 0.227591 0.857662 0.264247 0.839109 0.206167 0.960872 1.013733 0.214264 0.275796 0.674627
0.468516 0.418919 0.108194 0.822675 0.263518 0.800460 0.126585 1.047731 0.954349 0.173996 0.209641 0.647393
0.670127 0.437401 0.129112 0.850132 0.403790 0.941891 0.370472 0.866880 0.957017 0.331367 0.281356 0.603214
0.565275 0.301090 0.199121 0.885565 0.280726 1.006177 0.196732 0.968815 0.987832 0.256299 0.249881 0.583208
0.506647 0.317509 0.199391 0.867060 0.349992 0.852735 0.282299 1.032692 0.972319 0.219183 0.181484 0.556173
0.548524 0.345985 0.161451 0.883410 0.316105 0.823437 0.219045 0.874950 0.951445 0.197177 0.250742 0.587904
0.509589 0.318331 0.223921 0.870775 0.279921 0.917494 0.197751 0.844055 1.017281 0.253289 0.461014 0.597923
0.518710 0.360435 0.230670 0.855675 0.376525 0.873732 0.339125 0.926989 1.010343 0.209016 0.271077 0.549789
0.621845 0.311840 0.282493 0.784168 0.290952 0.888915 0.191351 0.976560 0.957725 0.177840 0.291243 0.636503
0.512292 0.260512 0.067589 0.817642 0.289725 0.936179 0.169322 1.036088 0.929602 0.285495 0.357755 0.613079
0.635220 0.367886 0.220889 0.918515 0.385923 0.926053 0.258565 0.966209 0.937104 0.185931 0.284083 0.584262
0.546135 0.347183 0.129921 0.841793 0.330555 0.917767 0.247446 0.868014 0.980865 0.142548 0.334257 0.547489
0.565908 0.360395 0.184052 0.902577 0.310966 0.890637 0.335090 0.950292 0.896049 0.174592 0.309530 0.513740
