24 12 22
0.279328 0.961998 0.858558 0.631860 0.462804 1.003838 0.312698 0.925012 0.003427 0.390480 0.718632 0.553130
0.331743 0.963527 0.763953 0.632735 0.682021 0.955138 0.360006 0.917814 0.112955 0.341523 0.661517 0.475135
0.343740 0.967402 0.787957 0.675755 0.561481 1.041781 0.252492 0.997254 0.058960 0.315947 0.639406 0.479917
0.263225 0.975038 0.747727 0.582479 0.534158 0.933727 0.410482 1.031477 0.178411 0.276522 0.684504 0.567676
0.992851 0.945824 0.108374 0.066328 0.081340 0.493370 0.539342 0.039818 0.114878 0.966792 0.683519 0.388565
0.991985 0.965580 0.071276 0.146110 0.127296 0.573402 0.444209 0.027981 0.108918 0.908583 0.685618 0.348760
0.897485 1.065410 0.034605 -0.036080 0.158812 0.440986 0.462225 0.055593 0.104783 0.893540 0.735594 0.471787
0.848836 0.966171 0.177851 0.022726 0.143093 0.486153 0.488621 0.182599 0.115341 0.883167 0.655306 0.442557
0.885305 1.008200 0.043735 -0.079563 0.134503 0.481418 0.411016 -0.019052 0.117608 0.861191 0.753299 0.475648
0.925892 0.943514 0.079733 0.065041 0.149101 0.445595 0.431298 0.152113 0.065755 0.840291 0.710929 0.374894
0.948897 0.902959 0.110628 -0.028007 0.073150 0.477374 0.496110 0.074084 0.089335 0.870681 0.757510 0.452807
0.935417 1.042516 0.123719 0.071320 0.121287 0.442693 0.543340 0.145406 0.045116 0.805586 0.681782 0.478103
0.832913 0.292877 0.558048 0.697043 0.171914 0.323560 0.310553 0.681417 -0.000769 0.819521 0.249411 0.160166
0.827145 0.273178 0.658251 0.536809 0.098020 0.249381 0.248010 0.597333 0.066232 0.883423 0.212583 0.279169
0.797437 0.282410 0.664237 0.748089 0.157053 0.361519 0.320913 0.597408 0.137521 0.752271 0.187020 0.324332
0.802669 0.215973 0.653073 0.602621 0.122987 0.268893 0.229886 0.716198 0.187593 0.737788 0.206492 0.350249
0.866243 0.972677 0.062425 0.049656 0.110318 0.402160 0.551836 0.033597 0.061876 0.924522 0.686262 0.429566
0.920049 0.912264 0.045043 0.034256 0.047058 0.467351 0.447186 0.064540 0.099826 0.771882 0.721480 0.437767
0.866523 1.023531 0.166065 0.117042 0.065380 0.534768 0.494668 0.100768 0.132090 0.896018 0.670302 0.528240
0.940920 0.989117 0.109117 0.113888 0.083474 0.453657 0.482901 0.079952 0.129459 0.902821 0.627873 0.458530
0.940458 0.991887 0.123572 -0.005258 0.113715 0.401887 0.437442 0.046756 0.094718 0.832525 0.641203 0.496483
0.850773 1.050682 0.119081 -0.011146 0.078103 0.462160 0.436716 0.112292 0.077171 1.001193 0.715226 0.417187
0.968711 0.956639 0.143821 -0.008377 0.128824 0.567657 0.480615 0.017626 0.120424 0.882655 0.615973 0.348209
0.936325 0.978656 0.081017 0.057240 0.103139 0.373062 0.411457 0.148020 0.125725 0.825609 0.659501 0.442959
