24 12 10
0.109108 0.441470 0.974584 0.900880 0.970347 0.330345 0.851270 0.795596 0.607976 0.627885 0.265519 0.170989
0.119407 0.420738 0.994949 0.881837 1.053143 0.336798 0.894207 0.893254 0.474868 0.555378 0.148155 0.146719
0.131552 0.408399 1.114838 0.816823 1.014727 0.398653 0.969784 0.702820 0.580477 0.622741 0.197187 0.204481
0.265068 0.488869 0.973344 0.905132 0.929235 0.361466 0.830574 0.814707 0.605084 0.573097 0.098172 0.099095
-0.003739 0.931541 0.876866 0.701163 0.875150 0.270556 0.449358 0.082532 0.140382 0.544168 0.327436 0.469514
0.072047 0.851517 0.753820 0.571693 0.762138 0.243603 0.448092 0.067895 0.182063 0.469593 0.274393 0.630714
0.059571 0.859207 0.725138 0.613939 0.831706 0.185298 0.356115 0.004165 0.036177 0.476207 0.277098 0.525922
0.044732 0.994903 0.711249 0.707953 0.785929 0.218868 0.374214 0.064661 0.062907 0.574509 0.262993 0.469997
0.016982 0.974207 0.777797 0.686508 0.705185 0.303969 0.404147 0.108995 0.123553 0.462754 0.356179 0.546051
0.071798 0.902660 0.846778 0.645539 0.813615 0.232978 0.414607 0.062196 0.034502 0.487272 0.283177 0.441915
0.024765 1.028642 0.857601 0.665040 0.716874 0.153486 0.417403 0.108782 0.094401 0.418925 0.261922 0.494083
0.017387 0.964392 0.928377 0.652499 0.721400 0.184985 0.413832 0.037948 0.136846 0.415321 0.364546 0.481328
0.468127 0.446993 0.648608 0.153959 0.177956 0.451875 0.781687 0.706233 1.034028 0.436869 0.474887 0.722967
0.458922 0.504661 0.634054 0.129767 0.218727 0.502039 0.750198 0.781032 0.932868 0.382907 0.364555 0.650253
0.377657 0.466861 0.622175 0.172253 0.133953 0.586286 0.814410 0.674243 1.005301 0.415320 0.456122 0.712092
0.385017 0.578476 0.594228 0.172462 0.227193 0.559839 0.930586 0.576293 0.894193 0.351722 0.406187 0.706723
0.067753 0.904173 0.802541 0.636746 0.794785 0.321598 0.288776 -0.027998 0.187706 0.538742 0.258310 0.541819
0.029204 1.047474 0.792535 0.610449 0.790224 0.272891 0.315542 0.149850 0.157146 0.475639 0.223527 0.549519
0.083103 1.014481 0.805697 0.595767 0.751979 0.201696 0.369856 0.012387 0.142203 0.470184 0.234988 0.432494
0.098796 1.036867 0.869140 0.687112 0.718127 0.179335 0.301134 0.036737 0.031603 0.494512 0.312419 0.488301
0.009490 0.867400 0.884913 0.643553 0.822064 0.222383 0.299153 0.001220 0.136681 0.446099 0.311141 0.528884
0.071775 0.919523 0.775647 0.678964 0.830165 0.208758 0.334694 0.177732 0.138468 0.417844 0.270259 0.526417
0.105310 0.948227 0.820803 0.661737 0.818998 0.278821 0.388625 0.033566 0.028944 0.471979 0.219844 0.498181
0.039024 0.960418 0.768413 0.623643 0.728401 0.299322 0.362099 0.090996 0.152037 0.485866 0.321467 0.467815
