24 12 20
1.029853 0.436350 0.567866 0.564932 -0.026008 0.500878 0.659071 0.216507 0.646314 0.299407 0.077604 0.437410
1.042210 0.392329 0.616479 0.382549 0.051341 0.360067 0.686404 0.257807 0.634289 0.304112 0.010214 0.533538
1.031735 0.416838 0.522360 0.456638 0.048343 0.398473 0.640866 0.338210 0.604624 0.186876 -0.008097 0.471631
0.964478 0.429811 0.567651 0.447697 0.148283 0.344650 0.603174 0.263121 0.708256 0.244373 0.082871 0.469197
0.422668 0.564033 0.446887 0.005045 0.007220 0.975676 0.585736 0.727781 0.679586 0.154617 0.939257 0.838128
0.429853 0.647640 0.427539 0.113720 0.058025 0.986652 0.797917 0.717563 0.759710 0.130045 0.946405 0.967439
0.390128 0.698810 0.427284 0.090048 0.032371 0.937011 0.705595 0.694962 0.763893 0.050952 0.863659 0.971456
0.400097 0.632783 0.441500 0.132752 0.070212 1.110093 0.660878 0.684357 0.787913 0.228944 0.870318 1.018138
0.627169 0.631955 0.514565 0.046707 0.051895 1.015255 0.679251 0.693086 0.746454 0.183385 0.875878 0.899472
0.376888 0.653349 0.524384 0.057189 0.019273 0.941766 0.635266 0.722364 0.758965 0.203211 0.871798 0.958503
0.362516 0.500986 0.475350 0.066629 0.176458 0.971013 0.724707 0.703732 0.775148 0.141938 0.850369 1.000609
0.452285 0.474751 0.505979 0.014337 0.087803 0.974925 0.661993 0.734227 0.599458 0.077606 0.934363 0.975403
0.833994 0.735596 0.172575 0.358315 0.226548 0.992915 0.130635 0.244029 0.435597 0.553564 0.539669 0.632763
0.888481 0.738620 0.162530 0.377007 0.175892 0.950606 0.079094 0.208559 0.445549 0.403846 0.590023 0.516195
0.769244 0.726281 0.211015 0.436431 0.249950 0.923321 0.129826 0.181166 0.516668 0.523807 0.553592 0.475293
0.777767 0.753736 0.196799 0.354903 0.144193 1.032565 0.074044 0.250869 0.466654 0.459756 0.737794 0.457465
0.382485 0.670576 0.548811 -0.023248 0.088013 0.815764 0.786157 0.690621 0.806492 0.075940 0.856496 0.942104
0.367258 0.614408 0.499855 0.096420 0.018213 0.923001 0.684273 0.737088 0.766517 0.219947 0.884523 0.899465
0.465681 0.587491 0.393302 -0.043045 0.041186 0.939771 0.738077 0.694487 0.748619 0.109903 0.907935 1.020651
0.453562 0.615465 0.500987 -0.027092 0.048857 0.826030 0.702131 0.689684 0.727139 0.187429 0.961022 0.921514
0.252689 0.590186 0.482051 0.110499 0.042740 0.871436 0.680611 0.742462 0.781672 0.119693 0.879671 0.907747
0.381150 0.643123 0.402932 0.012623 0.143550 0.909762 0.619024 0.717421 0.786596 0.180589 0.776030 0.960830
0.453589 0.529097 0.466858 0.029150 0.019570 0.995804 0.721601 0.689623 0.757345 0.153178 0.953677 1.023902
0.430512 0.608321 0.479445 -0.000514 0.092110 0.919899 0.701719 0.599150 0.759430 0.040958 0.760303 0.975931
