12 12 2
0.136170 0.260565 0.885455 0.370793 0.818300 0.834891 0.798700 0.997272 0.402315 0.573525 0.735116 0.606563
0.225945 0.161006 0.901032 0.272600 0.664648 0.809521 0.812626 0.980511 0.375060 0.564125 0.704565 0.631002
0.703299 0.080735 0.476731 0.810604 0.278385 0.214933 0.066525 0.941113 0.489461 0.117673 0.881663 0.708533
0.651241 0.101956 0.501862 0.956896 0.298024 0.222567 0.110417 1.020211 0.524379 0.168590 0.883492 0.674224
0.717866 0.036288 0.447561 0.884186 0.304694 0.092104 0.044411 0.982351 0.539424 0.055912 1.001733 0.688096
0.702533 0.111828 0.498596 0.926775 0.292160 0.168237 0.074867 0.951988 0.624568 0.093223 0.903999 0.665631
0.708867 0.133355 0.776878 0.292985 0.468828 0.543369 0.672228 0.953758 0.657452 0.302789 0.445358 0.964636
0.682425 0.093933 0.886590 0.256319 0.523086 0.387010 0.602613 0.977503 0.730017 0.387938 0.516272 0.885777
0.585938 0.075566 0.382309 0.940924 0.272817 0.259098 0.043033 1.003081 0.557351 0.137886 0.874156 0.707512
0.647028 0.047442 0.403802 0.852093 0.366078 0.214565 0.117985 0.958112 0.528344 0.186450 0.891053 0.634181
0.623103 0.060157 0.377425 0.925558 0.353586 0.214576 0.103300 0.923685 0.469740 0.098253 0.937806 0.730213
0.619050 0.092911 0.450943 0.914679 0.352308 0.109997 0.123153 1.006948 0.544284 0.042978 0.916026 0.739388
