22 12 11
0.218522 0.747566 0.281942 0.113161 0.357537 0.173956 0.954540 0.295023 0.163971 0.341310 0.773646 0.587244
0.249502 0.756964 0.190072 0.056669 0.325940 0.161577 0.919956 0.340161 0.149387 0.181235 0.665360 0.506092
0.190744 0.660839 0.249949 0.023160 0.354273 0.184549 0.955154 0.278844 0.134047 0.237780 0.728039 0.547275
0.173603 0.821869 0.271175 0.088583 0.417373 0.186788 0.959816 0.269203 0.123277 0.181192 0.702221 0.625042
0.438089 0.353659 -0.036578 0.560840 0.563632 0.526587 0.235953 1.045498 0.220316 0.619131 0.661341 0.453404
0.387421 0.295283 0.009989 0.516478 0.428099 0.526198 0.052399 1.048163 0.249368 0.516730 0.592156 0.387434
0.475079 0.441801 -0.001759 0.595928 0.469722 0.556629 0.088714 0.868590 0.242875 0.635049 0.581249 0.411851
0.437523 0.345221 -0.053197 0.544612 0.451267 0.510338 0.070069 1.025738 0.302487 0.684815 0.657245 0.530641
0.402068 0.530019 0.055754 0.563838 0.433628 0.481872 0.045832 1.012667 0.343399 0.612408 0.535468 0.482768
0.453015 0.399779 0.052353 0.495767 0.489450 0.605003 0.138688 1.002799 0.312827 0.610648 0.479098 0.419131
0.454204 0.327531 0.032050 0.510021 0.505748 0.479548 0.047166 0.928626 0.381620 0.665518 0.607879 0.530258
0.447982 0.267465 -0.069226 0.583513 0.489124 0.565369 0.075964 1.017623 0.433587 0.696598 0.591340 0.433174
0.209758 0.410132 0.397313 0.555350 0.593039 0.317378 0.656253 0.466554 0.928801 0.972005 0.395817 -0.051602
0.239713 0.425638 0.482644 0.620633 0.702754 0.250253 0.611971 0.440199 1.003121 0.896339 0.480773 0.023466
0.228590 0.468003 0.397089 0.591377 0.747500 0.218220 0.723144 0.439127 0.955214 0.986423 0.359737 0.092928
0.227834 0.439450 0.412089 0.563924 0.664998 0.203112 0.586802 0.517961 0.967036 1.029218 0.389417 -0.048122
0.401729 0.360601 -0.090388 0.578696 0.440748 0.584953 0.156438 0.956801 0.347996 0.637484 0.589043 0.422034
0.399869 0.372044 0.001143 0.545142 0.418594 0.605061 0.105649 0.995552 0.326437 0.660620 0.637450 0.326987
0.426093 0.343758 -0.005338 0.499784 0.458772 0.566407 0.106578 1.053058 0.370878 0.679052 0.531690 0.525073
0.434232 0.434032 -0.002611 0.542940 0.491586 0.462168 0.053057 0.986872 0.296055 0.570545 0.521156 0.426397
0.409680 0.376764 0.063227 0.577677 0.437772 0.558697 0.079543 1.024717 0.401107 0.568082 0.549511 0.562263
0.363800 0.412073 0.066978 0.503968 0.424755 0.537958 0.114184 1.077754 0.240445 0.563085 0.544490 0.438652
