24 12 24
0.797705 0.426330 0.452420 0.405859 0.834838 0.299361 0.049421 0.289382 0.939944 0.984899 0.326541 0.603964
0.815668 0.345693 0.423972 0.365678 0.776945 0.275666 0.077753 0.251048 0.958651 0.911960 0.306528 0.617201
0.779265 0.406284 0.374633 0.358249 0.779337 0.292307 0.109867 0.232739 0.934496 0.970391 0.303417 0.572029
0.758209 0.404680 0.426231 0.336628 0.878320 0.338813 0.017504 0.320549 1.038891 0.864039 0.180428 0.784565
0.831233 0.412510 0.585455 0.731531 0.387672 0.382319 0.883771 0.319922 0.195666 0.511303 0.669386 0.667475
0.873324 0.436155 0.589064 0.904167 0.376238 0.294600 0.747238 0.319169 0.112643 0.536924 0.753728 0.632849
0.865056 0.380314 0.624076 0.848585 0.427305 0.303288 0.744002 0.313308 0.142845 0.537200 0.748667 0.711260
0.815842 0.453533 0.676910 0.778196 0.345127 0.406424 0.731279 0.362955 0.180641 0.563852 0.730423 0.705770
0.821246 0.384470 0.589946 0.861478 0.394044 0.405912 0.791712 0.306141 0.193077 0.455641 0.751970 0.641914
0.772721 0.329536 0.640838 0.850822 0.490176 0.435276 0.685864 0.382001 0.214557 0.544984 0.666983 0.682290
0.803666 0.521197 0.603314 0.744028 0.370408 0.265823 0.834498 0.158150 0.251095 0.505762 0.750517 0.629030
0.820985 0.401027 0.586242 0.798337 0.429902 0.276988 0.762897 0.314053 0.221897 0.563864 0.746576 0.665523
0.037674 0.213715 0.115688 0.567507 0.978039 0.494181 0.560427 0.625907 0.810803 0.317750 0.059356 0.417937
-0.018918 0.192311 0.061572 0.719354 0.947365 0.607196 0.665863 0.646424 0.841121 0.198409 0.024037 0.559155
-0.023657 0.264167 0.138957 0.739209 0.930487 0.511835 0.690955 0.646173 0.847435 0.140065 0.068290 0.634159
0.098210 0.275573 0.176684 0.665566 0.926676 0.482426 0.616290 0.542974 0.860379 0.104055 -0.022545 0.495309
0.889675 0.358267 0.691283 0.812476 0.458214 0.349861 0.702711 0.365106 0.220288 0.567524 0.737103 0.675907
0.842023 0.363334 0.675757 0.901753 0.324751 0.384120 0.739290 0.349648 0.260765 0.593804 0.662364 0.704455
0.853625 0.480913 0.585306 0.839160 0.369736 0.342031 0.756316 0.217902 0.192719 0.500079 0.668439 0.687193
0.797672 0.464269 0.562159 0.839803 0.435540 0.322814 0.735946 0.383506 0.166203 0.547812 0.721394 0.672033
0.789454 0.430745 0.647217 0.992963 0.423388 0.313167 0.761137 0.265338 0.265850 0.530736 0.778499 0.651814
0.852561 0.420566 0.591466 0.829028 0.436043 0.390314 0.811794 0.305399 0.162289 0.547917 0.683462 0.666081
0.863881 0.397389 0.643848 0.784859 0.356022 0.261577 0.662457 0.255588 0.275671 0.522274 0.636920 0.632588
0.790345 0.422793 0.649879 0.800610 0.527597 0.364402 0.791864 0.274196 0.195991 0.508457 0.659484 0.751217
