12 12 9
0.035078 0.944821 0.843966 0.433192 0.171375 0.722821 0.858985 0.554974 0.657969 0.329601 0.174240 0.619068
0.092678 0.967627 0.907797 0.411932 0.045852 0.682949 0.863505 0.621441 0.675774 0.324148 0.317069 0.652965
0.397106 0.664441 0.489151 0.502294 0.761069 0.742795 0.203709 0.956588 0.003996 0.289660 0.782561 0.307533
0.491539 0.861052 0.409089 0.435676 0.873076 0.766290 0.081376 0.975063 -0.027963 0.238463 0.837381 0.183435
0.512349 0.740686 0.502067 0.535619 0.808735 0.876808 0.241511 0.933762 0.048274 0.324210 0.781450 0.243924
0.556500 0.762872 0.450168 0.432189 0.780203 0.787680 0.147666 0.859741 -0.027726 0.275594 0.728539 0.087019
0.869692 0.594859 1.069871 0.640073 0.255102 0.296115 0.241400 0.407369 0.022213 0.921881 0.625594 0.197037
0.863367 0.626977 0.995121 0.591656 0.336670 0.290720 0.212673 0.249544 0.041011 0.850806 0.742521 0.339915
0.468281 0.730709 0.422775 0.435859 0.781661 0.701655 0.226888 0.976681 0.078801 0.357586 0.818676 0.203028
0.499245 0.809492 0.470253 0.508792 0.865260 0.893452 0.160189 0.981350 0.077387 0.281405 0.815451 0.184421
0.379962 0.764598 0.343926 0.415072 0.761018 0.736963 0.092785 0.980433 0.163287 0.176518 0.806841 0.204003
0.433775 0.871369 0.486200 0.478190 0.824879 0.794895 0.142181 0.920430 -0.023299 0.343617 0.699538 0.258880
