12 12 10
0.367809 0.073743 0.080594 0.725188 0.757974 0.123637 0.654036 0.745769 0.479351 0.080298 0.390830 0.328965
0.326590 0.062459 0.070736 0.726440 0.817920 0.123596 0.608979 0.839446 0.427729 0.024031 0.623238 0.279585
0.419463 0.370630 0.742057 0.897080 0.588321 0.802462 0.701656 0.772673 0.333997 0.713059 0.062097 0.476593
0.445660 0.449898 0.662540 0.998496 0.561392 0.807402 0.633000 0.789630 0.367363 0.793776 0.072235 0.535345
0.425192 0.513165 0.675648 0.964962 0.552556 0.841986 0.738928 0.823584 0.263234 0.862048 0.095227 0.589292
0.470854 0.465864 0.586710 0.946890 0.440194 0.891403 0.653717 0.756741 0.326862 0.807111 0.048948 0.552427
0.930981 0.953399 0.110525 0.824550 0.964234 0.641651 1.010811 0.688220 0.132423 0.989186 0.685435 0.280728
0.907731 0.876493 0.162627 0.799922 1.007448 0.595326 1.029234 0.604950 0.188418 0.875872 0.642799 0.257224
0.415944 0.356547 0.705131 0.926556 0.551485 0.881284 0.602108 0.767675 0.337701 0.778055 0.017363 0.437580
0.379912 0.365335 0.626347 0.933829 0.540569 0.892520 0.643981 0.671470 0.322102 0.790794 0.065373 0.529007
0.466907 0.367313 0.695625 0.901729 0.570566 0.822983 0.549978 0.777610 0.384927 0.671976 0.010755 0.459397
0.492288 0.370335 0.635503 0.839433 0.558536 0.895844 0.660287 0.778302 0.296225 0.879982 0.111871 0.559687
