36 12 9
0.406739 0.808342 0.369625 0.656751 0.867496 0.025167 0.078753 0.344198 0.669566 0.176723 0.475147 0.096082
0.379494 0.789558 0.298567 0.561491 0.912155 0.022010 0.088119 0.352767 0.616816 0.198516 0.527544 0.125182
0.392919 0.823315 0.320166 0.610145 0.885571 0.016575 0.142441 0.373344 0.733093 0.125452 0.588115 0.090994
0.424048 0.869877 0.338017 0.627735 0.859847 -0.025878 0.098454 0.279507 0.582632 0.213814 0.463160 0.155984
0.416821 0.833694 0.396012 0.689260 0.924468 0.000240 0.083547 0.387377 0.727367 0.185941 0.582772 0.095094
0.384176 0.843458 0.290904 0.598186 0.923996 0.087920 0.147201 0.335714 0.575517 0.085123 0.539750 0.165004
0.677112 0.522149 0.657630 -0.045305 0.351672 0.242626 0.948556 0.088843 0.878554 0.248008 0.332943 0.448608
0.692874 0.399701 0.533358 0.071500 0.295804 0.238180 0.944325 0.108334 0.918351 0.152748 0.255091 0.449963
0.718633 0.496602 0.549647 0.015491 0.271933 0.232413 0.960384 0.082709 0.776530 0.258962 0.251634 0.336658
0.613734 0.387788 0.585673 0.081132 0.334909 0.214606 0.889956 0.028334 0.834369 0.207215 0.304523 0.511347
0.640699 0.488566 0.592714 0.002745 0.243328 0.158798 0.950239 0.070394 0.811392 0.109120 0.340066 0.416943
0.788237 0.483208 0.660827 0.027614 0.275569 0.185988 0.956469 0.171696 0.940013 0.194861 0.281683 0.410031
0.611374 0.536738 0.494204 0.100839 0.313101 0.283073 0.904821 0.146941 0.836789 0.125207 0.352730 0.564276
0.671095 0.435500 0.545179 0.070162 0.322241 0.188457 0.909456 0.023546 0.833459 0.122644 0.284192 0.325252
0.690192 0.431763 0.563966 0.081342 0.422833 0.170362 0.998134 0.038408 0.919201 0.141293 0.305758 0.474833
0.697474 0.584343 0.678806 0.044637 0.313353 0.177869 0.878357 0.160232 0.889549 0.111380 0.319953 0.505302
0.673759 0.483318 0.571313 0.098792 0.263549 0.209335 0.877723 0.096946 0.819253 0.112108 0.298866 0.402436
0.632819 0.494226 0.703347 0.047130 0.348561 0.204076 0.935004 0.061333 0.802424 0.112905 0.308004 0.388484
0.497291 0.519591 -0.018212 -0.000583 0.844643 0.122363 0.420406 0.540926 0.094544 0.630032 0.825991 0.582115
0.491987 0.442927 -0.012686 0.050064 0.834378 0.232398 0.501774 0.595357 0.047513 0.578917 0.837855 0.496332
0.439595 0.456467 -0.032908 0.033021 0.971192 0.191147 0.522759 0.526412 -0.041840 0.625596 0.794470 0.560358
0.537208 0.477832 0.001731 0.058611 0.898771 0.166273 0.525184 0.554837 0.084321 0.610501 0.937876 0.545959
0.519104 0.596782 -0.036930 0.057024 0.828234 0.170620 0.440070 0.620972 0.051488 0.633541 0.785704 0.504237
0.533479 0.485262 0.077282 -0.034657 0.886027 0.153711 0.528460 0.590519 0.010507 0.598949 0.744486 0.632437
0.622327 0.491330 0.753754 -0.033784 0.368751 0.302684 0.950749 0.095096 0.851875 0.151554 0.430948 0.452745
0.694576 0.491607 0.590845 0.031112 0.470856 0.127720 0.919497 0.096604 0.942415 0.263554 0.272492 0.462079
0.750335 0.530300 0.644564 0.033810 0.292945 0.288417 0.931802 0.051662 0.891521 0.137819 0.288993 0.454436
0.790011 0.607567 0.614861 -0.024700 0.339746 0.167152 1.038124 0.073426 0.906162 0.144440 0.335626 0.410448
0.691226 0.479257 0.562720 0.004375 0.311841 0.226719 0.970379 0.065105 0.912645 0.228188 0.312469 0.384330
0.680676 0.418210 0.615864 -0.012927 0.306395 0.218283 0.978839 0.130959 0.913320 0.224614 0.353788 0.440358
0.630470 0.487452 0.603124 0.029832 0.342229 0.320630 0.999354 0.057200 0.998693 0.202873 0.235005 0.449553
0.661542 0.402198 0.640128 0.050424 0.224640 0.140898 0.955935 0.097210 0.835853 0.193643 0.247089 0.358029
0.650788 0.453775 0.670273 -0.001688 0.320023 0.231696 0.923070 0.168143 0.830368 0.141484 0.283884 0.445025
0.556016 0.405044 0.666635 0.011640 0.277827 0.171133 0.920394 0.139308 0.942074 0.240471 0.315977 0.386280
0.719464 0.448012 0.582158 0.071934 0.421898 0.212208 0.896910 0.024471 0.912206 0.212451 0.379709 0.498195
0.623476 0.611395 0.724396 0.099744 0.419032 0.243021 1.003506 0.063649 0.895317 0.132640 0.310111 0.434181
