24 12 8
-0.035484 0.484591 0.427758 0.838843 0.324984 -0.020668 0.789165 0.696139 0.471184 0.808770 0.898289 0.649938
0.057985 0.374606 0.374211 0.837410 0.253836 0.065487 0.806481 0.671344 0.251689 0.702565 0.891328 0.661484
0.092223 0.471368 0.400836 0.852554 0.367846 0.014595 0.795749 0.673379 0.375354 0.838754 1.030232 0.781105
0.026624 0.483822 0.425950 0.814620 0.319116 0.001725 0.696099 0.733583 0.452444 0.759757 0.967347 0.661169
0.178044 0.287451 0.101124 0.340942 0.616293 0.945786 0.907432 0.726832 0.476278 0.280833 0.244811 0.478621
0.130488 0.349969 0.038146 0.388408 0.729388 0.825506 0.920484 0.799216 0.423307 0.233886 0.229816 0.534147
0.144910 0.331635 0.108457 0.413784 0.540776 0.847360 0.844699 0.744161 0.456458 0.315905 0.229949 0.450713
0.218989 0.309749 0.092266 0.341164 0.741099 0.862912 0.817485 0.756891 0.411656 0.307002 0.170787 0.441666
0.233530 0.311585 0.162006 0.263609 0.663971 0.847067 0.919728 0.793767 0.449812 0.296396 0.138075 0.457637
0.272289 0.255679 0.041290 0.300112 0.645271 0.891215 0.865676 0.774961 0.378503 0.220075 0.097449 0.369842
0.189092 0.396833 0.086577 0.387350 0.584793 0.888011 0.940329 0.822601 0.262980 0.268839 0.275411 0.439944
0.161335 0.298780 0.099383 0.273059 0.627953 0.969349 0.885112 0.820535 0.413667 0.372812 0.144831 0.472619
0.150884 0.916156 0.717187 0.206092 0.322621 0.993260 0.534809 0.523761 -0.023818 0.484791 0.405767 0.263696
0.207325 1.024579 0.744141 0.210747 0.315235 0.958329 0.580232 0.487855 0.071547 0.424198 0.434229 0.191595
0.175986 0.944941 0.729584 0.189915 0.364715 0.859392 0.568466 0.539764 0.070914 0.504871 0.505096 0.215072
0.273942 0.866280 0.731015 0.188145 0.372566 1.039464 0.458750 0.510768 0.075415 0.555655 0.337964 0.287159
0.232334 0.315592 0.155845 0.322123 0.622846 0.883000 0.859907 0.876441 0.438726 0.274082 0.187921 0.501436
0.200707 0.339636 0.148518 0.318043 0.631130 0.836457 0.879667 0.823103 0.482316 0.221981 0.222630 0.469548
0.164115 0.303385 0.086775 0.344254 0.582070 0.847344 0.874210 0.811515 0.470092 0.222098 0.253377 0.464481
0.216506 0.290820 0.125425 0.350544 0.692729 0.890606 0.896722 0.766950 0.409223 0.224022 0.263679 0.534249
0.225304 0.263381 0.062892 0.272911 0.631058 0.866396 0.798933 0.779345 0.353911 0.248344 0.203507 0.414927
0.173882 0.376151 0.086760 0.278394 0.547129 0.864856 0.872500 0.697575 0.439796 0.212893 0.181117 0.363480
0.157085 0.384054 0.121276 0.290736 0.696976 1.013686 0.831157 0.829586 0.476123 0.303345 0.229726 0.375610
0.209730 0.379274 0.128831 0.370104 0.607965 0.979408 0.934768 0.758155 0.389484 0.225555 0.214933 0.417806
