24 12 12
0.488353 0.813622 0.622559 0.433177 0.851459 0.261820 0.628561 0.208520 0.150148 0.980341 0.583273 0.807822
0.593406 0.751454 0.648633 0.413747 0.899654 0.302172 0.560664 0.201394 0.177519 1.011550 0.598608 0.789914
0.511269 0.754209 0.701943 0.501097 1.008574 0.336069 0.523312 0.274021 0.191346 0.994977 0.637826 0.795192
0.573848 0.842518 0.650448 0.332469 0.848003 0.266138 0.509953 0.195198 0.215422 0.995115 0.637591 0.793307
0.843671 0.379087 0.802168 0.660827 0.447225 0.777931 0.737550 0.781598 0.990684 0.308448 0.906573 0.079214
0.862584 0.314791 0.760323 0.702074 0.414785 0.971030 0.705581 0.837574 0.881021 0.317768 0.935739 0.019778
0.862778 0.370289 0.747340 0.706470 0.514741 0.946460 0.728381 0.896318 1.025096 0.339457 0.910196 0.094158
0.844423 0.352729 0.749126 0.740897 0.441019 0.855540 0.838508 0.781437 0.999201 0.235931 0.878275 0.048001
0.911736 0.287050 0.719882 0.736404 0.459506 0.865582 0.715066 0.834498 0.993169 0.400203 0.751524 0.047466
0.906737 0.366046 0.803372 0.686579 0.536440 0.867662 0.737836 0.821862 0.947382 0.380195 0.869087 0.077395
0.912545 0.274076 0.770079 0.676923 0.493973 0.931085 0.725897 0.758763 0.945726 0.231458 0.822021 0.062234
0.883985 0.358245 0.733961 0.675011 0.552800 0.848129 0.771034 0.807022 0.891346 0.319086 0.914922 0.083898
0.587093 0.113415 0.084070 0.513742 0.631091 0.891815 0.252725 0.791523 0.181705 0.964103 0.185002 0.758924
0.643615 0.189814 0.109327 0.531400 0.586578 0.859689 0.315745 0.843050 0.201652 1.012501 0.127120 0.670128
0.541497 0.084984 0.060949 0.489563 0.631359 0.852405 0.278328 0.789169 0.251667 0.983503 0.196118 0.727336
0.493365 0.172600 0.045216 0.565792 0.598179 0.981530 0.289627 0.869246 0.179749 0.941924 0.219132 0.709244
0.924956 0.292514 0.710565 0.699399 0.477677 0.931061 0.705762 0.707694 0.987310 0.301855 0.839634 0.036847
0.870574 0.290273 0.859834 0.701546 0.406344 0.866470 0.777743 0.755535 0.945288 0.295800 0.859188 0.106610
0.956875 0.348708 0.747618 0.699620 0.525727 0.804858 0.750582 0.811908 0.903472 0.271546 0.968762 0.053305
0.888106 0.308231 0.751465 0.813912 0.482754 0.877079 0.769249 0.838997 0.984596 0.200847 0.890696 0.060911
0.894707 0.288380 0.750530 0.757059 0.539600 0.885300 0.769563 0.790654 0.859638 0.331894 0.903871 -0.021589
0.863810 0.396158 0.761511 0.693519 0.426077 0.882732 0.868902 0.837406 0.998077 0.249857 0.821355 0.024147
0.868987 0.296996 0.806421 0.698223 0.422598 0.836704 0.695525 0.889985 1.009754 0.339656 0.855111 0.080974
0.935277 0.367577 0.646324 0.733971 0.480056 0.866864 0.763605 0.785390 0.884091 0.234872 0.857358 0.130305
