32 12 8
0.740313 0.728516 0.166123 0.788859 0.681064 0.281349 0.789492 0.862784 0.854398 0.529712 0.955861 0.325503
0.799038 0.730687 0.190119 0.748297 0.595528 0.405016 0.825628 0.765435 0.966188 0.575959 0.911853 0.435021
0.880800 0.718296 0.251816 0.639538 0.542101 0.397316 0.769561 0.774595 0.956609 0.528356 0.868575 0.340553
0.839064 0.800668 0.155877 0.760559 0.564053 0.337685 0.761133 0.808592 0.934687 0.524027 0.910332 0.350562
0.865649 0.674350 0.246537 0.786153 0.557792 0.382386 0.778597 0.851273 0.975547 0.574815 1.036837 0.365171
0.783648 0.784092 0.135278 0.766275 0.618879 0.335729 0.804985 0.808658 1.033147 0.613528 0.890424 0.333022
0.742465 0.068975 0.470942 0.330886 0.767975 1.036527 0.882214 0.548674 0.260906 0.432442 0.464628 0.764356
0.731989 0.100596 0.474390 0.283891 0.666285 0.938512 0.889215 0.668462 0.227966 0.402020 0.486825 0.685715
0.675599 0.120634 0.470428 0.223746 0.734906 0.962185 0.973964 0.586083 0.254909 0.420884 0.529036 0.765727
0.727156 0.167902 0.653234 0.229277 0.708963 0.965970 0.863140 0.488000 0.227368 0.415049 0.440491 0.643996
0.634477 0.127051 0.478658 0.247507 0.701589 1.000668 1.002822 0.608485 0.266687 0.500849 0.582687 0.673793
0.757427 0.073704 0.536614 0.151310 0.794144 0.964212 0.892127 0.587063 0.214815 0.461696 0.478565 0.688727
0.688556 0.051497 0.451509 0.284167 0.720194 1.006147 0.942934 0.466965 0.345249 0.414506 0.480977 0.795029
0.729731 0.154250 0.640766 0.303857 0.688687 1.013177 0.877111 0.632114 0.205520 0.427157 0.473913 0.711401
0.660774 0.110695 0.541749 0.247885 0.755319 1.080794 0.934664 0.551262 0.230888 0.425678 0.441246 0.660904
0.742412 0.154760 0.515155 0.383315 0.850182 0.936080 0.962581 0.485539 0.307386 0.444970 0.398536 0.672184
0.713987 0.137445 0.469726 0.252796 0.827327 0.921393 0.883949 0.529224 0.220860 0.393325 0.493971 0.692195
0.682464 0.061015 0.566275 0.334074 0.732373 0.961097 0.881749 0.554422 0.296559 0.480656 0.433179 0.726081
0.084426 0.666927 0.667477 0.460009 0.879098 0.240800 0.225914 0.268414 0.507577 0.959507 0.609770 0.349156
0.159888 0.532563 0.606491 0.349589 0.889231 0.283896 0.159506 0.212207 0.590341 0.960819 0.618369 0.321644
0.093781 0.511550 0.664847 0.381732 0.828369 0.354043 0.210716 0.284271 0.451984 0.934355 0.621400 0.379685
0.100154 0.510323 0.663712 0.465163 0.835679 0.207422 0.205882 0.058034 0.547461 0.890934 0.646897 0.260302
0.059167 0.623925 0.593741 0.429015 0.895175 0.275694 0.290215 0.160957 0.613452 0.939786 0.574579 0.270362
0.082198 0.597780 0.632569 0.425428 0.921527 0.304875 0.176995 0.225845 0.495741 1.025930 0.640785 0.232708
0.817130 0.054625 0.461120 0.175835 0.734734 0.916236 0.904577 0.514258 0.250677 0.426232 0.435074 0.680426
0.730989 0.058835 0.433418 0.318767 0.682188 0.987819 0.924992 0.549963 0.290716 0.463127 0.428524 0.715832
0.697067 0.112825 0.508013 0.261583 0.741034 0.998883 1.001310 0.599715 0.246113 0.468690 0.493412 0.756635
0.654316 0.058442 0.532327 0.231479 0.763192 0.950680 0.929981 0.579484 0.240698 0.448117 0.383647 0.689023
0.684664 0.128310 0.546764 0.213682 0.697909 0.973205 0.933554 0.480379 0.230889 0.340243 0.418722 0.743974
0.774423 0.129267 0.522246 0.365035 0.737361 0.971402 0.926215 0.596137 0.204606 0.503307 0.440034 0.730524
0.700826 0.022078 0.482310 0.229457 0.780164 0.931924 0.866784 0.591354 0.241140 0.452764 0.504480 0.657380
0.659185 0.054804 0.499799 0.137313 0.704012 1.064098 0.941722 0.525545 0.347102 0.398321 0.407262 0.657794
