24 12 6
0.846270 0.592153 0.089679 0.819275 0.592773 0.111562 0.055260 0.634083 0.548382 0.391842 0.103312 0.326051
0.811920 0.610718 0.129731 0.784969 0.643197 0.112509 0.093304 0.611751 0.578365 0.425140 0.128060 0.281493
0.885497 0.711222 0.140930 0.734878 0.750752 0.162455 0.107924 0.580773 0.601180 0.329612 0.172547 0.277872
0.826186 0.701299 0.118230 0.752753 0.642133 0.068028 0.049016 0.580807 0.440119 0.440761 0.239755 0.377750
0.293040 0.259976 0.123533 0.631267 0.951138 0.117074 0.491517 0.752128 0.452453 0.061649 0.559461 0.030656
0.470701 0.257516 0.053280 0.598370 0.939646 -0.036284 0.398369 0.702857 0.449721 0.036561 0.568753 0.050058
0.327402 0.198809 0.053089 0.562143 0.911189 0.022674 0.410668 0.813756 0.393172 0.101699 0.552716 0.066475
0.252780 0.240928 0.042883 0.596463 0.962586 0.143528 0.422084 0.757254 0.405417 0.043555 0.582120 0.097048
0.295786 0.175982 -0.007491 0.634104 0.977325 0.088588 0.417546 0.631946 0.446748 -0.027853 0.562545 0.027889
0.244994 0.311396 0.022455 0.660113 0.936678 0.020931 0.443601 0.701448 0.425510 0.025485 0.477752 -0.026915
0.295844 0.108847 0.001894 0.490994 0.950917 0.010830 0.420820 0.745468 0.427453 0.098545 0.555667 0.087423
0.354942 0.190928 0.061257 0.643803 1.018078 0.103241 0.502599 0.748700 0.473634 0.117098 0.479337 0.038000
0.012047 0.310346 0.681232 0.987755 0.591801 0.863932 0.849781 0.932464 0.376910 0.832490 0.090099 0.291576
0.060222 0.261733 0.641568 0.892872 0.554875 0.727084 0.706650 0.936504 0.414506 0.713290 0.020149 0.228013
0.033234 0.334111 0.603876 0.859248 0.497712 0.749255 0.798070 0.936583 0.439262 0.854669 -0.060107 0.225103
0.031418 0.332872 0.651402 0.789174 0.443249 0.866801 0.799972 0.940762 0.406012 0.784167 0.092371 0.245562
0.381144 0.115896 -0.008007 0.588683 0.912739 0.013140 0.366522 0.690101 0.473394 0.058617 0.544261 -0.021926
0.372644 0.304567 0.036330 0.658986 0.897605 0.063798 0.426452 0.737447 0.401878 0.106805 0.625940 -0.016533
0.396485 0.169583 0.064569 0.647663 0.916141 0.070674 0.499852 0.647790 0.522793 0.063215 0.541254 0.059299
0.353245 0.070781 0.157448 0.723057 0.987612 -0.000584 0.378360 0.630382 0.386251 -0.010291 0.644279 -0.057071
0.366471 0.303697 0.023643 0.684702 0.894917 0.134346 0.421111 0.772766 0.481316 0.038743 0.552697 -0.056926
0.355590 0.186172 0.065830 0.684854 1.047586 -0.051683 0.467340 0.688362 0.347814 0.015545 0.580044 -0.053431
0.285531 0.315689 -0.044816 0.669815 0.878684 0.033024 0.490171 0.760298 0.339285 0.130433 0.596391 -0.008976
0.313990 0.174347 0.014280 0.703519 0.923785 0.029404 0.385343 0.732544 0.399052 0.025823 0.494689 0.003816
