12 12 4
0.243413 0.706755 0.063314 0.872201 0.355654 0.802113 0.210297 0.833881 0.320678 0.749139 0.588150 0.715331
0.333206 0.682297 0.008691 0.902428 0.335314 0.859297 0.201427 0.915308 0.343104 0.855486 0.504442 0.735397
0.141751 0.645355 0.545497 0.041206 0.439822 0.602534 0.424203 0.093956 0.265401 0.249829 0.332450 0.870835
0.175560 0.546970 0.473333 0.007051 0.364314 0.660499 0.364115 0.128076 0.335675 0.313204 0.369236 0.924587
0.270817 0.559429 0.574202 0.009259 0.257965 0.631068 0.446181 0.096530 0.224532 0.288384 0.388293 0.959660
0.291966 0.686751 0.439033 -0.039570 0.385708 0.601477 0.387154 0.158219 0.334542 0.240207 0.313482 0.853236
0.536607 0.467828 0.361153 0.164285 0.944566 0.671046 0.017308 0.552965 0.248437 0.487695 0.480057 0.733285
0.555340 0.664501 0.336076 0.223689 0.899875 0.637510 0.005879 0.369076 0.155616 0.496582 0.560678 0.796245
0.157192 0.576108 0.523523 0.042531 0.368661 0.577537 0.320592 0.081377 0.326736 0.275229 0.379061 0.936041
0.192708 0.574718 0.488830 -0.008129 0.435146 0.643575 0.317703 0.104617 0.226484 0.278456 0.450932 0.888367
0.208172 0.629766 0.533829 0.002269 0.330996 0.629479 0.446668 0.148137 0.301681 0.288911 0.330530 0.890096
0.126894 0.670487 0.488509 0.047001 0.420152 0.588627 0.476767 0.018572 0.350710 0.274423 0.335459 0.926653
