200 12 100
0.136783 0.541112 0.588425 0.937596 0.077049 0.367261 0.512005 0.648476 0.023770 0.548265 0.140460 0.872451
0.232203 0.525862 0.495960 0.881722 0.029357 0.467537 0.443726 0.524875 -0.025810 0.542686 0.106320 0.833188
0.197616 0.513651 0.513109 0.922447 0.093333 0.424417 0.518841 0.620920 0.014390 0.416347 0.169812 0.850274
0.225853 0.472895 0.560795 0.895654 0.066643 0.434794 0.469301 0.635846 0.033081 0.528862 0.148764 0.889770
0.143526 0.514049 0.601369 0.943742 -0.048165 0.402535 0.503816 0.671115 0.023585 0.512365 0.088453 0.933693
0.139749 0.549177 0.463114 0.843227 0.028086 0.374695 0.452109 0.610623 0.032836 0.470201 0.082953 0.922749
0.217762 0.499433 0.534972 0.889876 -0.002664 0.298463 0.520558 0.648746 0.077365 0.597700 0.061962 0.852060
0.225135 0.561226 0.575560 0.935444 -0.023336 0.415406 0.551474 0.649790 0.018881 0.511025 0.124209 0.849385
0.112506 0.482388 0.469214 0.912931 -0.054676 0.386361 0.468083 0.680587 0.015352 0.570152 0.179915 0.811551
0.176387 0.580217 0.564532 0.886509 0.153125 0.434746 0.491058 0.597385 0.067049 0.442717 0.167612 0.906140
0.272815 0.404164 0.510906 0.959668 0.085626 0.408809 0.490006 0.667265 0.044039 0.444285 0.092555 0.889173
0.187534 0.562238 0.581692 0.941399 0.046169 0.413805 0.533997 0.587629 0.083805 0.555366 0.103917 0.842755
0.259481 0.449020 0.573305 0.970906 0.131491 0.408082 0.419945 0.637343 0.020370 0.490461 0.173329 0.778526
0.172274 0.492759 0.633142 0.970129 -0.005143 0.449417 0.485341 0.612715 0.012686 0.491102 0.070835 0.918454
0.256064 0.439250 0.438735 0.891658 0.049635 0.409966 0.550902 0.665035 -0.107392 0.491054 0.087708 0.809522
0.198728 0.534962 0.553715 0.928080 0.033908 0.354758 0.453722 0.632852 -0.066007 0.556709 0.171106 0.835163
0.204607 0.545461 0.554206 0.882891 -0.035085 0.474768 0.409182 0.659240 -0.001015 0.507986 0.177015 0.800497
0.061078 0.502580 0.510342 0.904350 0.087857 0.485813 0.406945 0.557769 -0.007443 0.484612 0.065555 0.862774
0.232687 0.508389 0.486880 0.957547 0.069723 0.429276 0.516064 0.573683 -0.031857 0.620001 0.079190 0.857312
0.228029 0.528444 0.538704 0.919220 0.027721 0.359614 0.492290 0.626128 -0.024733 0.547818 0.143302 0.861257
0.248331 0.588746 0.575247 0.922666 0.034993 0.403470 0.439622 0.678451 0.048087 0.513721 0.115920 0.917823
0.192841 0.548394 0.497900 0.953200 -0.009047 0.400595 0.362122 0.648222 0.004680 0.491442 0.100830 0.857858
0.191748 0.482661 0.568433 1.011883 -0.025351 0.433187 0.470882 0.725153 -0.035856 0.509053 0.036830 0.873616
0.217680 0.501329 0.608589 0.900122 0.047864 0.312824 0.504544 0.595780 -0.002390 0.523851 0.133869 0.792560
0.140698 0.515915 0.441034 0.927712 0.059445 0.433216 0.490673 0.689194 0.062471 0.535243 0.088729 0.888367
0.173047 0.516016 0.561429 1.012791 -0.008755 0.380400 0.477058 0.550132 0.013422 0.437055 0.033322 0.807577
0.126110 0.515630 0.580995 0.914082 0.019990 0.445640 0.510796 0.620541 -0.016797 0.511131 0.233707 0.841431
0.148885 0.502836 0.505914 0.871112 -0.013580 0.364461 0.464623 0.552557 0.005441 0.495458 0.126553 0.770223
0.166976 0.589464 0.635476 0.952282 0.050647 0.478807 0.488306 0.744322 -0.018034 0.543361 0.052991 0.881916
0.099059 0.529637 0.536367 0.951810 -0.029399 0.432085 0.543699 0.660174 -0.015359 0.516067 0.205546 0.813352
0.281651 0.516671 0.532642 0.828006 0.073568 0.390174 0.577919 0.734761 -0.018196 0.529461 0.152320 0.851768
0.175172 0.524565 0.579031 0.971659 0.015039 0.368278 0.415771 0.723969 -0.129021 0.545898 0.115019 0.861519
0.192762 0.576498 0.593500 1.079915 0.085398 0.368853 0.485866 0.575151 0.009896 0.521947 0.093540 0.844759
0.218603 0.574310 0.512638 0.935535 -0.027110 0.468515 0.476146 0.645934 -0.040638 0.510055 0.111594 0.783416
0.234517 0.715862 0.851030 0.632044 0.931163 0.633525 0.879357 0.344255 0.055451 0.610899 0.323983 0.792419
0.040908 0.799956 0.762748 0.717645 0.928357 0.586697 0.869304 0.270212 0.005134 0.488899 0.235863 0.969383
0.078247 0.762545 0.853393 0.660263 1.047045 0.678070 0.816504 0.406523 0.117670 0.523168 0.260143 0.969466
0.132375 0.715733 0.900425 0.642563 0.959522 0.563725 0.840427 0.337078 -0.032520 0.503822 0.241510 0.823363
0.109107 0.637083 0.938985 0.638135 1.091971 0.608474 0.904380 0.286060 -0.021038 0.576166 0.287058 0.779225
0.028526 0.742397 0.894997 0.665736 1.013164 0.552703 0.853202 0.293980 -0.023879 0.645158 0.335338 0.969204
0.149948 0.686133 0.788152 0.703896 1.017623 0.502808 0.849315 0.250597 0.030414 0.606510 0.289702 0.883341
0.169691 0.658567 0.839532 0.662594 0.974972 0.519083 0.838223 0.296364 -0.048209 0.587272 0.288975 0.872817
0.104284 0.568852 0.921305 0.693391 0.958866 0.633758 0.902356 0.354824 -0.060554 0.573510 0.312633 0.910316
0.061646 0.770057 0.937005 0.700219 1.035420 0.584078 0.893599 0.399247 -0.023976 0.650751 0.238497 0.950752
0.164439 0.680629 0.863585 0.691733 1.006632 0.579143 0.927022 0.338040 -0.061399 0.629474 0.308675 0.900051
0.132106 0.668251 0.825227 0.665776 1.047426 0.496278 0.903973 0.340367 -0.042359 0.505896 0.291063 0.839351
0.095827 0.716714 0.919975 0.657291 1.006597 0.694684 0.846935 0.284005 -0.003698 0.507831 0.324485 0.875090
0.118544 0.718626 0.927599 0.597200 1.011786 0.615545 0.863912 0.198849 -0.033738 0.582099 0.327596 0.927688
0.132985 0.736165 0.904572 0.703405 1.066757 0.520566 0.846392 0.287325 0.045705 0.587691 0.222290 0.906134
0.146847 0.798339 0.893419 0.708010 1.036337 0.592448 0.803201 0.345115 0.090653 0.579174 0.311064 0.979008
0.097559 0.711111 0.829862 0.688550 0.970281 0.603995 0.885716 0.373153 -0.015543 0.551013 0.292757 0.870146
0.011054 0.675655 0.918080 0.658940 0.954159 0.607573 0.891680 0.380349 -0.049568 0.516804 0.314458 0.894076
0.158023 0.734546 0.877654 0.605717 0.993902 0.622133 0.869910 0.383526 0.008640 0.633430 0.294832 0.824142
0.090794 0.691668 0.991215 0.603184 0.998640 0.645250 0.909646 0.349513 -0.012490 0.482033 0.285307 0.772827
0.008326 0.667414 0.849573 0.690411 0.955393 0.658735 0.913235 0.303564 0.031844 0.570664 0.213758 0.864337
0.148297 0.647133 0.842547 0.684810 0.991618 0.667622 0.918390 0.222132 -0.079959 0.522938 0.360462 0.873923
0.092783 0.624663 0.788714 0.671145 1.023012 0.633612 0.763878 0.295953 0.023088 0.584547 0.298969 0.927793
0.117838 0.724835 0.951701 0.600791 1.057759 0.619608 0.860691 0.303452 -0.052763 0.647620 0.299558 0.782529
0.148855 0.647362 0.861580 0.701756 0.961780 0.670192 0.946266 0.381853 0.065031 0.546533 0.351589 0.858252
0.080421 0.818238 0.884515 0.681677 0.892101 0.687195 0.845994 0.351405 0.013825 0.599545 0.224580 0.845595
0.192530 0.695008 0.834083 0.613698 0.904957 0.593939 0.800764 0.305699 0.030307 0.623787 0.305055 0.858524
0.211701 0.638382 0.875397 0.678038 1.040674 0.529784 0.872023 0.293325 0.007916 0.620030 0.234345 0.838640
0.110247 0.740748 0.921014 0.643644 0.993654 0.717857 0.975780 0.200255 -0.015193 0.607531 0.258394 0.720986
0.132041 0.716828 0.857910 0.715613 1.029914 0.685522 0.832390 0.337221 -0.024620 0.588959 0.224126 0.936524
0.043990 0.736331 0.921809 0.782008 1.062313 0.664552 0.810060 0.442782 -0.008138 0.591928 0.257060 0.956446
0.151629 0.659043 0.855340 0.703702 0.922035 0.609664 0.795467 0.390961 0.050280 0.545352 0.353465 0.822213
0.007554 0.755527 0.897475 0.622705 1.013718 0.537823 0.852430 0.277176 0.006848 0.648578 0.356885 0.884463
0.084019 0.755688 0.880869 0.583558 0.933433 0.623558 0.825091 0.303334 -0.046308 0.530339 0.224803 0.829982
0.121845 0.733235 0.888230 0.694207 0.923978 0.621701 0.792903 0.280001 0.068026 0.520237 0.279474 0.881013
0.200745 0.661190 0.943688 0.738005 0.984875 0.616637 0.913624 0.378078 -0.022310 0.590567 0.319376 0.907473
0.128084 0.718592 1.002565 0.720931 0.985605 0.698856 0.819098 0.383250 -0.010790 0.541300 0.314714 0.884997
0.098025 0.723964 0.914638 0.662768 0.937957 0.579547 0.858913 0.313149 -0.009589 0.532276 0.263708 0.873348
0.192323 0.729247 0.951128 0.610943 0.993078 0.638478 0.926114 0.304484 -0.071963 0.539679 0.294155 0.937369
0.229692 0.701008 0.856325 0.738663 0.938049 0.658408 0.815928 0.249490 -0.031649 0.575226 0.252065 0.789007
0.047071 0.689039 0.806500 0.647537 0.929778 0.598038 0.953048 0.371582 -0.053083 0.599257 0.266844 0.931699
0.074053 0.661881 0.909131 0.681610 0.992570 0.713313 0.856744 0.342709 0.117713 0.531646 0.342468 0.926538
0.091943 0.762237 0.863641 0.649771 0.993278 0.586017 0.912243 0.318504 0.053954 0.614950 0.392201 0.934292
0.106058 0.670270 0.783027 0.655855 1.040719 0.659275 0.933136 0.294580 0.019201 0.583012 0.304659 0.890569
0.087998 0.595277 0.984968 0.616073 0.943549 0.631025 0.848049 0.217630 -0.080167 0.640928 0.257101 0.907944
0.119100 0.662617 0.863129 0.652228 0.981106 0.658275 0.870332 0.342337 0.035327 0.621149 0.273834 0.884850
0.051986 0.763764 0.828643 0.691110 0.972543 0.586613 0.898199 0.333027 0.008431 0.592144 0.377019 0.905601
0.129581 0.551329 0.867407 0.640857 0.948333 0.620374 0.832242 0.324022 0.063047 0.678380 0.315902 0.860899
0.139535 0.727458 0.847220 0.686403 0.996339 0.702717 0.847388 0.304376 0.016086 0.510817 0.277824 0.797966
0.056491 0.835907 0.838750 0.668330 1.023581 0.578716 0.971762 0.266661 -0.021273 0.601447 0.236712 0.863005
0.190634 0.688783 0.908120 0.686807 0.884007 0.595486 0.876574 0.281720 -0.067773 0.645352 0.226413 0.905773
0.200656 0.742788 0.891141 0.647138 0.956054 0.638981 0.886270 0.297856 -0.069300 0.564340 0.278774 0.972779
0.072737 0.699098 0.937832 0.651399 0.991372 0.667208 0.886978 0.289145 0.020070 0.561998 0.269781 0.862502
0.054049 0.639705 0.931856 0.681082 0.964051 0.614871 0.839266 0.343728 -0.004578 0.617312 0.271948 0.929961
0.076879 0.662334 0.936789 0.640825 0.993900 0.555245 0.924030 0.321703 0.071665 0.593317 0.255817 0.869954
0.099944 0.733404 0.898448 0.695674 0.950861 0.594926 0.908406 0.317861 0.124591 0.496786 0.263807 0.885088
0.125215 0.730094 0.956275 0.646827 1.078298 0.588571 0.917491 0.227154 -0.124240 0.624557 0.249290 0.918176
0.098549 0.691617 0.888297 0.727151 1.035980 0.526303 0.837900 0.293642 0.026283 0.515070 0.242372 0.862360
0.175912 0.697583 0.908062 0.585020 1.005086 0.572438 0.838055 0.262055 0.040154 0.633709 0.310737 0.912663
0.171794 0.660788 0.807589 0.674326 0.911785 0.626871 0.988747 0.238518 0.100933 0.530421 0.229567 0.824407
0.120655 0.737857 0.914023 0.611212 1.012322 0.596093 0.840242 0.241354 0.023978 0.573622 0.209929 0.933265
0.125137 0.625134 0.863696 0.604616 1.009394 0.638036 0.788229 0.297986 0.010345 0.561032 0.302961 0.860427
0.106557 0.628986 0.834868 0.778410 0.980748 0.552241 0.842260 0.303155 0.003504 0.592933 0.283562 0.815352
0.121711 0.755113 0.918960 0.633382 1.016331 0.650098 0.935668 0.297916 -0.009798 0.614429 0.276592 0.869564
0.097872 0.693083 0.878336 0.687858 1.112364 0.623949 0.890551 0.277280 0.138034 0.556021 0.295806 0.866675
0.129685 0.736884 1.027087 0.652957 0.978792 0.588584 0.852977 0.299936 0.010978 0.534325 0.248645 0.879619
0.135721 0.544149 0.757919 0.769942 0.934951 0.502357 0.843366 0.262192 0.005608 0.519504 0.266301 0.778967
0.215430 0.631160 0.922360 0.709518 0.929605 0.618621 0.944246 0.270755 0.046178 0.643439 0.326743 0.880938
0.552020 0.899630 0.094843 0.842733 0.479897 0.406154 0.560914 0.586729 0.324600 0.654272 0.922616 0.364559
0.492668 0.848517 0.078131 0.762173 0.506053 0.389733 0.653832 0.579910 0.222215 0.716709 0.927030 0.298316
0.463377 0.946213 0.080774 0.851349 0.508923 0.375508 0.536523 0.585149 0.364073 0.678592 0.781870 0.305465
0.566185 0.888872 0.059877 0.868160 0.587817 0.382086 0.585531 0.606341 0.124001 0.629090 0.873560 0.343261
0.349645 0.886134 0.070401 0.880170 0.531762 0.274127 0.538582 0.524531 0.226892 0.692379 0.886849 0.327831
0.442263 1.018536 0.060284 0.931808 0.552216 0.337851 0.649463 0.580108 0.209412 0.717531 0.867291 0.224045
0.461042 0.956721 0.024955 0.793179 0.488211 0.336079 0.590795 0.585229 0.219444 0.667253 0.918032 0.302839
0.440380 0.824254 0.068731 0.835866 0.579156 0.363339 0.579417 0.509512 0.257959 0.736521 0.876674 0.302046
0.497981 0.904426 0.124397 0.860897 0.512335 0.322006 0.575342 0.598167 0.338806 0.714644 0.839229 0.300522
0.484353 0.842562 0.082316 0.837352 0.583813 0.356762 0.568057 0.543718 0.169915 0.728954 0.828630 0.289599
0.540943 0.824757 0.078926 0.825363 0.680509 0.339095 0.562389 0.568646 0.253395 0.718573 0.895109 0.288341
0.469688 0.869431 0.084714 0.803334 0.510627 0.294412 0.606471 0.646516 0.223480 0.713708 0.866492 0.396469
0.531694 0.969655 0.024116 0.871977 0.500142 0.401990 0.638754 0.665456 0.244096 0.644417 0.804609 0.280589
0.549430 0.869979 0.039071 0.900257 0.498134 0.358775 0.552957 0.566552 0.262022 0.672417 0.824033 0.296665
0.446352 0.963917 0.077211 0.811059 0.564738 0.277219 0.563135 0.599013 0.299093 0.687043 0.843508 0.354634
0.490795 0.926274 0.039291 0.801072 0.563659 0.313550 0.574172 0.610112 0.193495 0.675820 0.921568 0.311869
0.470270 0.894041 0.035293 0.859388 0.553249 0.385694 0.620797 0.560298 0.225062 0.705806 0.839801 0.395586
0.493108 0.896809 0.083201 0.852987 0.506910 0.291693 0.566393 0.600270 0.256418 0.732830 0.867575 0.281792
0.500603 0.956230 0.068073 0.878884 0.465238 0.438362 0.561372 0.620950 0.278742 0.647275 0.890700 0.311454
0.431145 0.899337 0.146453 0.873506 0.623067 0.322307 0.551380 0.608508 0.222339 0.650861 0.928367 0.308188
0.494560 0.905608 -0.002595 0.932730 0.562429 0.373266 0.586874 0.523397 0.270800 0.692116 0.784727 0.407446
0.488644 0.989850 0.065236 0.798539 0.510475 0.354812 0.575483 0.675437 0.221363 0.722222 0.867547 0.293022
0.431934 0.906806 0.042205 0.832376 0.675091 0.300810 0.660806 0.624266 0.275440 0.681784 0.782072 0.454076
0.394868 0.956414 0.043313 0.900575 0.526853 0.420234 0.586260 0.558639 0.275417 0.680399 0.849899 0.391421
0.539980 0.924703 0.110602 0.867417 0.442888 0.282182 0.645662 0.579493 0.243229 0.623495 0.860657 0.304579
0.426116 0.884493 0.119859 0.895031 0.519889 0.299569 0.520908 0.593956 0.302808 0.637378 0.870166 0.413565
0.489981 0.948474 0.126705 0.852761 0.519918 0.414168 0.590506 0.610333 0.255667 0.704012 0.902503 0.301836
0.473228 0.877824 0.124407 0.834553 0.494679 0.434742 0.673624 0.566988 0.281396 0.642029 0.886168 0.307747
0.489350 0.912149 0.137765 0.831080 0.547080 0.420381 0.680841 0.498224 0.180636 0.775458 0.898327 0.362184
0.456834 0.983194 0.018699 0.871207 0.605924 0.409794 0.586756 0.624491 0.299029 0.789820 0.943335 0.375101
0.518824 0.953386 0.100284 0.836454 0.548313 0.345104 0.537865 0.629612 0.154873 0.661442 0.965542 0.394428
0.452069 0.972282 0.158786 0.842522 0.542775 0.278550 0.548617 0.653808 0.199553 0.624860 0.862348 0.234235
0.416853 0.893480 0.146464 0.889609 0.540194 0.346073 0.584050 0.596759 0.210832 0.681895 0.910074 0.235671
0.505193 0.825920 0.022606 0.744475 0.460486 0.338116 0.608860 0.577054 0.292997 0.668325 0.838511 0.327751
0.090910 0.638216 0.853978 0.774882 1.012617 0.649298 0.867614 0.324403 -0.062642 0.557758 0.342264 0.822817
0.229703 0.613190 0.921223 0.674508 1.015858 0.701413 0.883733 0.250857 0.030711 0.619382 0.276966 0.807793
0.114525 0.784860 0.849888 0.640338 0.934498 0.620963 0.901143 0.277266 -0.045565 0.574998 0.281783 0.947207
0.145085 0.640009 0.915108 0.675457 0.991754 0.627060 0.866897 0.112663 -0.011190 0.540980 0.452582 0.932394
0.128490 0.628585 0.950691 0.625640 1.057643 0.567727 0.836574 0.323677 0.129776 0.560920 0.281513 0.790912
0.157776 0.631067 0.823513 0.674094 1.029568 0.637396 0.828430 0.377726 0.018283 0.660559 0.276628 0.932133
0.188702 0.754147 0.892790 0.686812 0.863653 0.623164 0.901695 0.360503 0.045365 0.551561 0.296842 0.813078
0.071697 0.671216 0.895187 0.703835 1.004014 0.595816 0.859669 0.301415 -0.025368 0.598188 0.323505 0.919041
0.078975 0.645012 0.859735 0.749160 1.021693 0.666296 0.851189 0.411184 0.010524 0.515048 0.259101 0.907603
0.136646 0.618366 0.872086 0.665570 0.876987 0.644320 0.803739 0.379253 -0.021710 0.670040 0.278361 0.826826
0.154156 0.762555 0.833971 0.701626 0.908931 0.692863 0.922230 0.315957 0.031758 0.661107 0.313163 0.788894
0.062231 0.721339 0.825958 0.686183 0.949212 0.578333 0.832720 0.227138 -0.036312 0.527734 0.257369 0.835447
0.214047 0.681996 0.929125 0.673459 1.012545 0.660351 0.904286 0.354135 0.071591 0.614135 0.300523 0.921198
0.173781 0.752920 0.858987 0.644603 0.971339 0.688447 0.882715 0.241696 -0.087072 0.618092 0.261042 0.868366
0.132361 0.785994 0.941491 0.625951 1.012761 0.662261 0.881479 0.350666 -0.000794 0.591108 0.286998 0.835971
0.041660 0.664326 0.944184 0.644615 0.979203 0.641584 1.009347 0.301099 0.026497 0.565201 0.263783 0.953935
0.153435 0.724152 0.894720 0.739029 0.926917 0.692449 0.840361 0.270382 0.062285 0.605307 0.211009 0.850502
0.141714 0.712047 0.956472 0.686692 1.015642 0.548260 0.876330 0.279503 0.012454 0.604956 0.278709 0.982111
0.110610 0.720538 0.895459 0.633470 0.961215 0.611259 0.902284 0.231911 -0.014766 0.561510 0.366156 0.883431
0.079137 0.741596 0.859262 0.661966 0.878080 0.657910 0.895305 0.345715 -0.035723 0.679929 0.206833 1.002271
0.024523 0.688843 0.917104 0.683120 1.064458 0.621176 0.959454 0.335153 0.022387 0.559363 0.286874 0.849744
0.116323 0.709365 0.818457 0.731690 0.993409 0.677830 0.938443 0.222920 0.002323 0.602371 0.354282 0.906811
0.187374 0.729547 0.854017 0.664999 1.031763 0.634220 0.846922 0.269372 -0.009984 0.630235 0.332699 0.883315
0.208310 0.751400 0.818397 0.651822 0.964723 0.593328 0.906152 0.290742 -0.024643 0.632082 0.331312 0.859248
0.101560 0.737169 0.922368 0.700462 0.973975 0.630017 0.877462 0.200425 -0.082606 0.628076 0.309505 0.839744
0.144965 0.755241 0.854979 0.670298 0.993744 0.638886 0.904399 0.257869 -0.039727 0.508201 0.295711 0.905837
0.042109 0.707206 0.916398 0.713236 0.982532 0.622734 0.885762 0.247635 0.025386 0.620120 0.358410 0.947665
0.112425 0.687445 0.879267 0.658059 0.946359 0.549662 0.853544 0.280805 0.003318 0.633345 0.269025 0.918168
0.125411 0.731770 0.890729 0.649845 0.883649 0.622497 0.890359 0.274822 0.014006 0.629544 0.264738 0.882499
0.139950 0.662818 0.930504 0.600066 1.005653 0.642533 0.877595 0.264155 -0.028742 0.584388 0.151562 0.881901
0.128819 0.671011 0.873734 0.703916 0.937403 0.573720 0.937146 0.213440 0.028975 0.584991 0.251468 0.841072
0.127791 0.780578 0.929553 0.660651 1.004036 0.627313 0.918048 0.273810 0.031140 0.660665 0.236499 0.844264
0.172123 0.759913 0.954960 0.686032 0.947684 0.644821 0.841075 0.350976 -0.055858 0.656058 0.405870 0.948708
0.096111 0.670173 0.987379 0.605693 0.973346 0.566010 0.892507 0.283678 -0.035102 0.594918 0.341797 0.906447
0.087182 0.846956 0.856067 0.663565 1.024658 0.555418 0.963261 0.330211 0.006236 0.543207 0.218450 0.863960
0.170367 0.689977 0.876820 0.683436 1.025112 0.558435 0.875234 0.287751 0.008780 0.638233 0.316119 0.934732
0.063311 0.644782 0.837831 0.758184 0.956335 0.710222 0.815512 0.351347 0.047438 0.664706 0.281690 0.910010
0.166732 0.695975 0.873826 0.697467 0.978296 0.607436 0.917463 0.279835 0.007755 0.635310 0.354915 0.874640
0.046047 0.764352 0.854904 0.715139 1.019373 0.611287 0.850109 0.357048 -0.068403 0.608433 0.203153 0.958725
0.156115 0.759892 0.889161 0.628512 1.000412 0.688942 0.815807 0.283605 -0.056274 0.627309 0.252552 0.767845
0.195069 0.765871 0.888893 0.642491 1.016809 0.558158 1.015740 0.347418 -0.080867 0.624886 0.250706 0.900609
0.089934 0.689204 0.840084 0.717747 0.985396 0.542902 0.986872 0.342207 0.081093 0.570400 0.265435 0.914290
0.067300 0.750533 0.765435 0.649511 0.996538 0.583627 0.933429 0.337924 0.018180 0.574184 0.299006 0.881426
0.057713 0.744769 0.923984 0.685484 0.996552 0.621720 0.910971 0.291691 0.008303 0.511853 0.238457 0.806482
0.155536 0.665967 0.864589 0.685599 0.996233 0.595754 0.838545 0.302755 0.027483 0.590543 0.252796 0.916723
0.165658 0.696707 0.868657 0.658092 0.928664 0.582959 0.922692 0.353265 0.058717 0.482341 0.240269 0.871801
0.146337 0.712837 0.849126 0.708417 1.030486 0.644417 0.775010 0.170704 0.033694 0.550462 0.239893 0.823875
0.112775 0.675528 0.932107 0.701366 1.032937 0.585510 0.937373 0.392034 0.048457 0.607439 0.238733 0.821425
0.152912 0.786845 0.901220 0.633530 0.951008 0.558790 0.840091 0.264634 0.030818 0.574511 0.265032 0.868075
0.199691 0.658322 0.964286 0.662118 0.900920 0.601547 0.948081 0.352001 -0.020976 0.656246 0.258878 0.919141
0.113028 0.741020 0.817339 0.670566 1.000829 0.587116 0.883590 0.251248 0.066315 0.636577 0.237598 0.944032
0.173607 0.623363 0.859176 0.689907 0.989777 0.613596 0.841055 0.189653 -0.073888 0.610341 0.310790 0.819047
0.115416 0.796026 0.818741 0.604503 1.054626 0.623826 0.878066 0.323945 0.021075 0.557221 0.274512 0.866014
0.214288 0.695665 0.984937 0.678132 1.009464 0.624255 0.847436 0.301131 -0.051059 0.514415 0.236315 0.823955
0.137665 0.579184 0.910532 0.801848 1.113873 0.512448 0.825128 0.323561 -0.046002 0.607034 0.252367 0.906888
0.115671 0.665279 0.981133 0.717652 0.919493 0.574394 0.902344 0.360361 0.111792 0.565369 0.356781 0.875440
0.186279 0.705848 0.892445 0.593508 1.091098 0.628510 0.939264 0.422745 0.032012 0.622844 0.222969 0.844722
0.175715 0.745059 0.895700 0.698631 0.934750 0.686706 0.912328 0.296069 -0.021519 0.620777 0.280915 0.797002
0.092201 0.708409 0.853539 0.634678 0.865299 0.629333 0.907322 0.316318 -0.001710 0.514347 0.336837 0.868569
0.143492 0.656683 0.906800 0.589353 0.946994 0.534472 0.849853 0.348320 0.005886 0.529916 0.292219 0.875944
0.133914 0.618835 0.897133 0.793819 0.939074 0.544812 0.846380 0.340227 -0.085645 0.550098 0.349161 0.931677
0.102638 0.671124 0.880945 0.690875 0.962868 0.720156 0.782056 0.289788 0.040514 0.580591 0.319773 0.900743
0.192798 0.847600 0.928869 0.672677 1.013099 0.578588 0.933843 0.295757 -0.022669 0.584286 0.248239 0.856352
0.112482 0.695570 0.941910 0.618086 0.990712 0.617418 0.802628 0.361527 0.070719 0.686843 0.226631 0.858342
