50 12 25
0.932602 1.012078 0.374363 0.336258 0.709290 0.057126 0.151432 0.522028 0.274483 0.033237 0.665304 0.688583
0.865674 0.977507 0.323262 0.255561 0.607640 0.111787 0.246472 0.456347 0.197644 0.036072 0.610375 0.719585
0.871402 0.997706 0.403772 0.277292 0.675840 0.104241 0.247235 0.455561 0.150231 0.081150 0.557678 0.672075
0.845175 0.949934 0.357055 0.267067 0.586193 -0.051435 0.188733 0.480858 0.143613 0.039902 0.516470 0.750477
0.883955 0.908256 0.327960 0.301805 0.636869 0.013549 0.059777 0.562101 0.145930 0.053895 0.556590 0.732238
0.852328 1.051935 0.398170 0.352161 0.601733 0.013579 0.135127 0.443483 0.198860 0.021925 0.633013 0.722213
0.890889 0.962556 0.403647 0.332928 0.642566 0.015192 0.276301 0.403816 0.199788 0.036507 0.591075 0.667161
0.977626 0.901259 0.377828 0.145864 0.612318 0.031910 0.144155 0.496964 0.154062 -0.034397 0.609970 0.749123
1.019575 1.000406 0.271815 0.255550 0.630111 0.104492 0.200867 0.609434 0.159543 -0.002432 0.553712 0.736301
0.106431 0.346979 0.714257 0.681719 0.310608 0.721513 0.225635 0.454544 0.252569 0.681565 0.308702 0.291876
0.029699 0.267840 0.739782 0.692290 0.366210 0.740812 0.191903 0.350784 0.230323 0.674890 0.367830 0.276983
0.002405 0.335835 0.718752 0.666689 0.308799 0.686977 0.184955 0.350176 0.260956 0.611591 0.351390 0.310912
0.088809 0.322777 0.713878 0.736630 0.306402 0.600298 0.189516 0.369695 0.362728 0.745044 0.350273 0.307359
0.002601 0.408646 0.805060 0.641919 0.323332 0.741564 0.196729 0.414940 0.261942 0.745332 0.305211 0.243025
0.044573 0.310282 0.688247 0.702211 0.408663 0.746878 0.242254 0.344294 0.305100 0.607331 0.382142 0.359974
0.129335 0.340437 0.778805 0.636205 0.380630 0.620534 0.151720 0.314638 0.209733 0.746263 0.278216 0.296607
0.090282 0.396526 0.700596 0.752411 0.468433 0.640505 0.132509 0.418005 0.313798 0.668116 0.373121 0.220447
0.133534 0.380113 0.692289 0.703771 0.339671 0.735873 0.227184 0.425588 0.334894 0.572338 0.343507 0.186359
0.038861 0.361262 0.715491 0.755233 0.296927 0.663062 0.097893 0.360303 0.321292 0.565978 0.289127 0.282418
0.046644 0.310571 0.688689 0.713709 0.295494 0.722958 0.218243 0.356595 0.344774 0.683913 0.375333 0.245775
0.064834 0.340077 0.738943 0.782020 0.349960 0.744124 0.167189 0.409682 0.366004 0.581556 0.311789 0.189820
0.103601 0.367625 0.703149 0.726533 0.311113 0.624276 0.249016 0.339216 0.316903 0.658521 0.446738 0.312230
0.074696 0.425630 0.687949 0.741794 0.360145 0.699709 0.191042 0.367530 0.283322 0.687258 0.353763 0.254660
0.084832 0.306446 0.739682 0.838715 0.340177 0.665005 0.152068 0.339157 0.297898 0.685311 0.360346 0.317642
-0.005806 0.353076 0.642505 0.710509 0.391934 0.718291 0.175919 0.431087 0.383177 0.647403 0.322529 0.266572
0.033259 0.420422 0.596664 0.667531 0.271896 0.674991 0.167694 0.338211 0.299491 0.679741 0.312007 0.382098
0.062257 0.344108 0.693229 0.699987 0.268872 0.617289 0.206858 0.326762 0.373972 0.674778 0.301528 0.264325
0.753234 0.835951 0.846583 -0.007576 0.195362 0.533770 0.560793 0.080166 0.717003 0.138688 0.810936 0.919231
0.766145 0.801177 0.858049 0.042271 0.323416 0.515390 0.609325 0.097763 0.744783 0.231178 0.844609 0.962335
0.689068 0.734313 0.976750 -0.013426 0.183720 0.410197 0.527187 0.111115 0.606777 0.092194 0.838430 0.942677
0.793501 0.908138 0.895309 -0.029835 0.301369 0.455810 0.630577 0.151238 0.683960 0.205126 0.769904 0.862536
0.714868 0.855407 0.945136 -0.037129 0.218022 0.542082 0.430710 0.130413 0.543249 0.132370 0.761982 0.957696
0.717341 0.828908 0.965768 0.042631 0.170934 0.520201 0.585870 0.086554 0.634101 0.200241 0.740512 1.048326
0.681664 0.744338 1.025990 0.041063 0.194361 0.447144 0.437950 0.172972 0.647023 0.107573 0.813351 0.851554
0.791795 0.830541 0.970578 0.009346 0.207652 0.533447 0.527217 0.210497 0.603300 0.148610 0.844710 0.992921
0.705758 0.751471 0.943718 -0.050705 0.156369 0.494601 0.577046 0.269779 0.643725 0.134868 0.757191 0.952218
0.110165 0.393841 0.779585 0.785321 0.273870 0.658614 0.188339 0.374332 0.273371 0.677018 0.337614 0.308576
0.105176 0.253683 0.719934 0.789959 0.291427 0.635929 0.174902 0.323303 0.335919 0.691943 0.369980 0.297588
0.039277 0.248291 0.602407 0.697205 0.334623 0.568069 0.169663 0.422281 0.312101 0.694783 0.326982 0.241943
0.098865 0.370762 0.668451 0.772845 0.333496 0.772828 0.201406 0.337239 0.311759 0.636956 0.376887 0.193673
0.083714 0.330369 0.713479 0.697102 0.416876 0.750861 0.234621 0.383672 0.312798 0.573729 0.361022 0.212015
0.011834 0.348357 0.704194 0.688210 0.295061 0.668913 0.118503 0.352182 0.367848 0.587069 0.306988 0.183119
0.067302 0.287002 0.694851 0.779683 0.369576 0.674954 0.159305 0.388892 0.395882 0.683004 0.319524 0.270090
0.216404 0.255030 0.734143 0.760110 0.282559 0.608578 0.057435 0.351464 0.304736 0.686270 0.356851 0.256547
0.077175 0.393568 0.727017 0.699195 0.372154 0.757862 0.075902 0.384823 0.331408 0.683892 0.314330 0.372691
0.022888 0.405855 0.695850 0.662438 0.397781 0.754257 0.168043 0.407897 0.178780 0.585131 0.397647 0.283978
0.165574 0.304825 0.763896 0.749389 0.333648 0.740660 0.270879 0.333689 0.315410 0.709197 0.357741 0.278196
0.070358 0.326766 0.827804 0.686556 0.270141 0.687165 0.183929 0.353906 0.269924 0.617651 0.286396 0.359516
0.097505 0.390745 0.742427 0.729531 0.325499 0.677631 0.222302 0.329289 0.273718 0.599434 0.358733 0.352638
0.070845 0.333150 0.737832 0.572387 0.320795 0.661794 0.173367 0.370642 0.310753 0.667467 0.346383 0.172402
