24 12 2
0.026746 0.754985 0.458207 0.670512 0.895138 0.550080 0.100896 0.939810 0.877747 0.335255 0.126286 0.867952
-0.028937 0.738055 0.472904 0.719893 0.942875 0.520571 0.089418 0.961590 0.901830 0.320466 0.181476 0.934913
0.068187 0.696542 0.495319 0.646769 1.013592 0.522076 0.028722 0.903822 0.874730 0.164270 0.145793 0.897896
0.099401 0.701001 0.459458 0.632923 0.874239 0.530568 0.096773 1.007062 0.826472 0.250227 0.218674 0.900600
0.733859 0.734359 0.373446 0.642125 0.337471 0.403088 0.403683 0.904854 0.885959 0.633050 0.839689 0.390739
0.803770 0.670093 0.203923 0.552831 0.266157 0.367349 0.434160 0.802418 0.855020 0.585322 0.753944 0.497134
0.739696 0.615359 0.213403 0.665113 0.275608 0.336168 0.446205 0.921005 0.785841 0.578244 0.844905 0.373501
0.772612 0.641638 0.283767 0.536515 0.335004 0.361002 0.317402 0.855963 0.898446 0.571062 0.881171 0.322834
0.713211 0.707791 0.084025 0.583254 0.263751 0.280080 0.435497 0.930074 0.839756 0.617122 0.729119 0.452343
0.732939 0.650407 0.322124 0.579771 0.287749 0.393193 0.466197 0.785161 0.877985 0.562602 0.841577 0.384512
0.731175 0.768421 0.202613 0.651573 0.327508 0.294131 0.378556 0.797003 0.841385 0.543333 0.855526 0.467977
0.845596 0.717050 0.150679 0.650772 0.288290 0.451945 0.478453 0.762421 0.810222 0.481245 0.818897 0.500802
0.847100 0.496967 0.396409 0.515944 0.087640 0.582635 0.780081 0.442767 0.831856 0.045153 0.471772 0.914799
0.943583 0.626723 0.494594 0.478568 0.098380 0.484835 0.736358 0.363005 0.917630 0.125039 0.326476 0.843243
0.853531 0.629705 0.574561 0.498109 0.085455 0.584121 0.754045 0.439440 0.850344 0.033331 0.411607 0.945943
0.932348 0.707148 0.452423 0.607271 0.087666 0.551373 0.689346 0.442635 0.823563 0.151839 0.295320 0.972981
0.791175 0.685871 0.167967 0.540860 0.309719 0.365198 0.363527 0.792643 0.803835 0.516907 0.776625 0.508740
0.755701 0.708652 0.294124 0.580704 0.274734 0.333920 0.393943 0.867977 0.866019 0.559821 0.794031 0.405062
0.722707 0.672393 0.233117 0.633169 0.329056 0.293017 0.453350 0.747596 0.725457 0.543317 0.885866 0.476089
0.729419 0.727093 0.258333 0.691282 0.320674 0.353681 0.384552 0.821130 0.834430 0.513252 0.825569 0.486975
0.783140 0.681136 0.259317 0.622248 0.270476 0.340022 0.544566 0.797454 0.867104 0.516095 0.773483 0.484271
0.750947 0.715035 0.219080 0.706343 0.262150 0.349624 0.407858 0.730085 0.824541 0.551591 0.727865 0.479106
0.763191 0.620913 0.141713 0.624920 0.290683 0.311009 0.330798 0.850086 0.783565 0.505949 0.753602 0.508766
0.811793 0.694528 0.240169 0.623999 0.176255 0.343073 0.451204 0.924401 0.864602 0.484716 0.844854 0.528412
