20 12 5
0.695631 0.171051 0.667895 0.933764 0.416061 0.772401 0.105973 0.586823 0.724636 0.188043 0.200367 0.967128
0.686644 0.237541 0.696069 0.947836 0.513795 0.876247 0.153851 0.674400 0.774875 0.242504 0.190145 0.839960
0.804439 0.359023 0.677471 0.942591 0.401349 0.876390 0.210679 0.606704 0.778000 0.180547 0.224183 0.908561
0.715656 0.227514 0.667618 0.971771 0.380607 0.802899 0.170421 0.675169 0.737354 0.275007 0.184571 0.986816
0.028876 0.220419 0.320671 0.783522 0.737965 0.929868 0.398836 0.831355 0.487086 0.511488 0.127735 0.906743
0.127791 0.137173 0.276089 0.876807 0.735616 0.812761 0.201991 0.920545 0.343193 0.575565 0.149578 1.007439
0.012899 0.117669 0.304783 0.807104 0.712244 0.811235 0.217079 0.863815 0.437185 0.468217 0.192982 0.996348
0.068554 0.097439 0.301946 0.839934 0.639450 0.843520 0.379709 0.954966 0.471869 0.370728 0.191822 0.891100
0.064689 0.052989 0.287848 0.831962 0.753856 0.922054 0.319361 0.941299 0.394550 0.420255 0.074176 0.880297
0.039034 0.108114 0.305047 0.868599 0.572496 0.923844 0.283953 0.856717 0.428866 0.476960 0.188567 1.024776
0.099715 0.047393 0.308465 0.805745 0.638058 0.818552 0.283106 0.896053 0.470673 0.517156 0.126396 0.998660
0.105496 0.225007 0.397616 0.789474 0.575774 0.860030 0.221765 0.911382 0.498906 0.510000 0.195000 0.930445
0.468297 0.786465 0.373664 0.765141 0.822365 0.396102 0.063521 0.421841 0.611949 0.737736 1.019424 0.336677
0.468727 0.840925 0.289281 0.739141 0.861300 0.413614 0.005822 0.406785 0.606358 0.650137 0.987444 0.291173
0.558840 0.882729 0.352018 0.853026 0.876071 0.467876 -0.052569 0.398473 0.542547 0.713538 1.008915 0.247516
0.532575 0.818582 0.364999 0.849395 0.791375 0.519979 0.009780 0.414209 0.568723 0.792862 0.996439 0.252204
0.176084 0.061899 0.379030 0.875527 0.641809 0.753703 0.236222 0.887426 0.449615 0.592187 0.164595 0.936496
0.080761 0.073571 0.292369 0.807180 0.624583 0.870795 0.378017 0.963636 0.351626 0.502059 0.189280 0.922062
0.116785 0.108954 0.283807 0.838656 0.675005 0.810510 0.262411 0.932157 0.384339 0.470654 0.169668 0.907578
0.078916 0.169583 0.345963 0.847315 0.581106 0.820512 0.221370 1.002287 0.539574 0.456298 0.168573 0.943243
