24 12 16
0.174163 0.909496 0.661873 0.418412 0.227993 0.650089 0.601651 0.246839 0.944352 0.283929 0.885825 0.760304
0.180407 0.990319 0.638667 0.436348 0.190032 0.560788 0.625482 0.245991 0.944127 0.213069 0.859254 0.660307
0.142872 0.934577 0.725751 0.510556 0.284779 0.518529 0.645892 0.146256 0.977787 0.263911 0.987618 0.756201
0.167787 0.939165 0.740414 0.496672 0.284442 0.589252 0.694821 0.138761 1.001683 0.220404 0.986760 0.719051
0.956513 0.163509 0.216086 0.667404 0.519333 0.097032 0.925746 1.047893 0.359424 0.962208 0.057673 0.285758
1.021558 0.405929 0.203983 0.673987 0.524079 0.215181 0.837294 0.987954 0.376110 0.940940 0.121589 0.254121
0.920290 0.283720 0.098371 0.616072 0.519521 0.213302 0.908844 1.027251 0.214219 1.034017 0.103373 0.307923
0.968499 0.299938 0.156375 0.759227 0.596153 0.198599 0.959736 1.009898 0.312515 0.929291 0.033724 0.301000
0.939542 0.238187 0.163012 0.707692 0.455802 0.193209 0.987969 1.060979 0.350757 1.005778 0.126651 0.312633
0.988432 0.268566 0.112672 0.637084 0.464408 0.173168 0.996951 0.925885 0.415244 0.970962 0.048794 0.301912
0.928800 0.306995 0.219226 0.687561 0.418215 0.284259 0.927013 1.032984 0.286060 1.028137 0.061922 0.299688
0.983073 0.285368 0.154778 0.626943 0.558935 0.187342 1.040049 1.034919 0.305528 0.960612 0.103684 0.341142
0.716120 0.863571 0.321391 0.489583 0.722689 0.314859 0.237682 0.169557 0.175286 1.039030 0.071789 0.050323
0.713071 0.790574 0.211176 0.440863 0.739570 0.396061 0.221529 0.206735 0.247051 0.841315 0.061677 0.133817
0.748641 0.856590 0.193132 0.495678 0.637692 0.431192 0.242360 0.273933 0.265354 0.821022 -0.014305 0.047211
0.793540 0.826536 0.278936 0.441963 0.695540 0.415616 0.085359 0.222488 0.251276 1.015833 0.034591 0.083645
0.993370 0.312549 0.106967 0.630583 0.489158 0.183197 0.895633 1.040104 0.330404 0.973611 0.012721 0.373686
1.007176 0.241035 0.177896 0.636352 0.475091 0.225452 0.996594 0.981348 0.376631 1.007462 0.004726 0.302084
0.925306 0.233671 0.190675 0.617084 0.463926 0.271319 1.023880 1.014575 0.309036 0.888807 0.080307 0.247182
0.916592 0.257195 0.274969 0.597378 0.477110 0.203186 0.914459 0.949162 0.340705 0.931024 0.197612 0.216675
0.932823 0.288147 0.261931 0.675064 0.499723 0.256987 0.915498 1.101779 0.333023 0.941718 0.129332 0.189258
0.968504 0.261970 0.117099 0.638478 0.482703 0.219611 0.952103 1.032816 0.387583 0.928978 0.106208 0.313101
0.982166 0.341754 0.259055 0.635056 0.533862 0.210741 1.008267 1.036846 0.415030 0.951655 0.089451 0.296602
0.929290 0.283629 0.102092 0.582620 0.490683 0.150092 0.867072 1.020228 0.295891 1.014413 0.037126 0.192188
