25 12 12
0.767588 0.036111 0.864748 0.271747 0.708027 -0.043878 0.310762 0.247972 0.634557 0.450841 0.245826 0.265225
0.734900 0.084323 0.979949 0.178912 0.652716 0.007299 0.321816 0.338527 0.621256 0.414977 0.244698 0.211326
0.858133 -0.011396 0.971647 0.273335 0.715094 0.037162 0.327543 0.396110 0.611662 0.380414 0.205869 0.151431
0.585904 0.023308 0.879955 0.136185 0.601457 0.061576 0.310987 0.348551 0.514979 0.378026 0.266228 0.206809
0.734946 0.037198 0.937615 0.203254 0.736569 -0.001559 0.342094 0.283076 0.613816 0.311977 0.270920 0.299937
0.483083 0.646000 0.406146 0.344938 0.593971 0.704681 0.199916 0.771898 0.338679 0.253965 0.839280 0.244764
0.534072 0.700922 0.419551 0.197165 0.599464 0.727259 0.313304 0.834716 0.415459 0.317513 0.839355 0.238409
0.483077 0.723828 0.438876 0.187812 0.649348 0.665282 0.470797 0.793831 0.367206 0.180797 0.866487 0.324808
0.543439 0.780333 0.465816 0.320220 0.556534 0.718539 0.445562 0.781426 0.431917 0.194676 0.829161 0.257146
0.595851 0.731280 0.393077 0.244853 0.566150 0.649245 0.434240 0.801376 0.429624 0.292768 0.845425 0.199515
0.445393 0.674713 0.356676 0.250052 0.609002 0.734573 0.353733 0.861027 0.426357 0.170350 0.841546 0.285406
0.495217 0.659470 0.476272 0.174311 0.573399 0.686096 0.314696 0.934125 0.479754 0.182343 0.865332 0.276008
0.581822 0.660512 0.436136 0.252983 0.564769 0.602393 0.397409 0.874623 0.379104 0.122285 0.766846 0.249805
0.531330 0.699991 0.362913 0.170211 0.574380 0.604071 0.392703 0.863066 0.416914 0.244417 0.886807 0.248258
0.451278 0.798848 0.404506 0.315290 0.501259 0.747437 0.358700 0.870192 0.417445 0.269776 0.811152 0.285336
0.950360 0.789405 0.922020 0.226170 0.429841 0.660395 0.684875 0.303107 0.161854 0.124598 0.104622 0.931252
0.904961 0.824687 0.938071 0.183072 0.487950 0.705184 0.762185 0.253466 0.167935 0.080822 0.183997 0.951186
0.992679 0.798812 0.933585 0.130730 0.426753 0.699767 0.736713 0.233952 0.184332 0.160157 0.047914 0.967793
0.946208 0.892795 0.899909 0.243812 0.398258 0.659038 0.644276 0.331192 0.174389 0.114417 0.012742 0.935077
0.932704 0.877785 0.870863 0.259442 0.412988 0.694782 0.735177 0.286674 0.162761 0.210668 0.055493 1.017950
0.461116 0.682023 0.397395 0.200668 0.643879 0.650902 0.496447 0.860365 0.413322 0.221197 0.824995 0.337707
0.449278 0.738260 0.320746 0.232420 0.628991 0.607353 0.368911 0.695457 0.387434 0.311222 0.887841 0.249744
0.546820 0.693281 0.462416 0.278661 0.556540 0.732658 0.352462 0.797499 0.427535 0.206510 0.904250 0.276431
0.489525 0.592255 0.419978 0.320918 0.662931 0.640391 0.293413 0.763138 0.448438 0.241223 0.926499 0.325982
0.479555 0.696964 0.412027 0.200735 0.589645 0.673643 0.303529 0.862302 0.346181 0.221390 0.842658 0.199632
