16 12 12
0.759868 0.920730 0.497865 0.049278 0.252281 0.755381 0.508436 0.289114 0.210307 0.032520 0.456403 0.524774
0.709905 0.867620 0.514870 0.025462 0.332457 0.785566 0.665860 0.238833 0.095476 0.083120 0.372680 0.444914
0.717178 0.980284 0.556782 0.068588 0.289562 0.842896 0.580057 0.246744 0.126209 0.067849 0.401731 0.472571
0.750909 0.317106 0.922633 0.396298 0.220825 0.219617 0.936643 0.651668 0.182831 0.629012 0.166208 0.311526
0.774030 0.371993 0.857438 0.352477 0.050182 0.268637 0.891630 0.719767 0.076998 0.657549 0.319641 0.421653
0.756746 0.345601 0.841318 0.332423 0.079305 0.190643 0.966556 0.755876 0.100307 0.622229 0.202611 0.308525
0.764719 0.392167 0.887605 0.391452 0.082840 0.232061 0.850949 0.725874 0.314744 0.585422 0.125176 0.303605
0.814255 0.474359 0.853981 0.392964 0.128328 0.214002 0.885933 0.680668 0.174515 0.639836 0.276200 0.314050
0.807925 0.430940 0.828389 0.412670 0.138253 0.096243 0.894050 0.687958 0.184469 0.570382 0.142176 0.509681
0.126762 0.524077 0.303785 0.973203 0.055223 0.163122 0.051739 0.496723 0.670924 0.600960 0.852510 0.030581
0.119051 0.588836 0.341738 1.056677 0.112248 0.312352 0.012226 0.363077 0.592434 0.583674 0.889559 0.004757
0.034417 0.483870 0.308033 0.947885 0.049606 0.255373 -0.001676 0.315578 0.758480 0.679402 0.888127 -0.029862
0.798700 0.351095 0.831466 0.327355 0.156569 0.229479 0.842265 0.680231 0.071196 0.510831 0.192491 0.333440
0.733312 0.393571 0.851083 0.369502 0.148010 0.161355 0.903322 0.690136 0.160911 0.599602 0.203103 0.370495
0.723891 0.349128 0.946699 0.304303 0.190427 0.086514 0.941954 0.730114 0.121009 0.612120 0.187661 0.399657
0.735796 0.401862 0.865307 0.360700 0.210624 0.113905 0.850214 0.664836 0.074142 0.506877 0.170271 0.360505
