750 12 375
0.359459 0.250134 0.626955 0.578650 0.779354 0.213731 0.610852 0.255489 0.716611 0.510469 0.817340 0.443142
0.368027 0.236750 0.593857 0.663309 0.755268 0.149188 0.653534 0.138755 0.822437 0.417757 0.874926 0.390594
0.339470 0.155639 0.677969 0.604823 0.712106 0.191307 0.600383 0.196998 0.784542 0.358219 0.825582 0.452314
0.398573 0.206861 0.576264 0.670763 0.768310 0.149971 0.684408 0.172992 0.802025 0.403854 0.867957 0.441159
0.411856 0.196171 0.663720 0.645393 0.848927 0.065987 0.729525 0.238605 0.799095 0.447540 0.873345 0.501839
0.322950 0.097989 0.554954 0.480694 0.757093 0.221225 0.649013 0.235988 0.804762 0.488978 0.800389 0.522567
0.358328 0.155071 0.519992 0.619605 0.693246 0.225911 0.711660 0.219985 0.740415 0.496324 0.742102 0.499563
0.300114 0.087312 0.598422 0.631962 0.701973 0.255502 0.665098 0.146350 0.799445 0.481974 0.813130 0.460644
0.350405 0.256042 0.590937 0.612587 0.774148 0.207811 0.595212 0.255594 0.771618 0.462326 0.682556 0.399324
0.449162 0.077978 0.519978 0.646712 0.720166 0.173712 0.649943 0.146006 0.796613 0.512710 0.817121 0.479368
0.362837 0.171634 0.594838 0.545441 0.759597 0.257347 0.699452 0.187203 0.702719 0.469344 0.854230 0.446982
0.510989 0.185587 0.636185 0.643592 0.695091 0.209482 0.671878 0.191220 0.824842 0.525872 0.777885 0.415106
0.382236 0.177214 0.595694 0.610182 0.712978 0.205757 0.577082 0.154928 0.727009 0.389930 0.788361 0.376880
0.360937 0.177999 0.528830 0.677610 0.697285 0.233563 0.676331 0.172290 0.759576 0.449235 0.815996 0.382345
0.417789 0.110505 0.650590 0.582132 0.764731 0.186746 0.641120 0.165325 0.776479 0.520569 0.803871 0.439231
0.379177 0.203826 0.653786 0.625163 0.816410 0.198657 0.611309 0.257535 0.761869 0.425306 0.830609 0.456276
0.379010 0.187638 0.606534 0.606410 0.653993 0.152836 0.682805 0.208065 0.724516 0.465883 0.766037 0.473198
0.390407 0.168309 0.595036 0.474080 0.720620 0.208528 0.631123 0.170664 0.770665 0.462471 0.766791 0.447903
0.429805 0.181032 0.520347 0.600976 0.737171 0.240291 0.683377 0.216404 0.795822 0.486908 0.879715 0.480016
0.409766 0.123984 0.630494 0.622656 0.878215 0.232919 0.653627 0.223475 0.714371 0.418607 0.804237 0.435880
0.331372 0.295620 0.674930 0.626378 0.816317 0.214180 0.686535 0.202199 0.838159 0.480318 0.798955 0.430226
0.453102 0.169446 0.571123 0.615621 0.861216 0.214699 0.578584 0.277998 0.729599 0.476758 0.815863 0.441305
0.439332 0.148309 0.644445 0.711920 0.780747 0.159358 0.704662 0.191964 0.743554 0.455428 0.688240 0.446108
0.405362 0.171468 0.630575 0.618683 0.798046 0.263534 0.675916 0.203913 0.724433 0.428848 0.807799 0.455698
0.452134 0.144229 0.633186 0.558012 0.694979 0.308855 0.635710 0.268571 0.812997 0.443678 0.761815 0.442697
0.395312 0.263820 0.620036 0.680400 0.716465 0.348907 0.658314 0.117986 0.744025 0.443917 0.742238 0.551076
0.377666 0.179358 0.569824 0.660899 0.751814 0.164228 0.655349 0.208344 0.769402 0.508763 0.828335 0.403385
0.500997 0.109881 0.651427 0.692941 0.781324 0.215121 0.606315 0.252303 0.767130 0.401156 0.805707 0.463830
0.370530 0.197282 0.712162 0.620911 0.724577 0.289337 0.635314 0.265816 0.808368 0.484939 0.736662 0.449844
0.387835 0.182791 0.620307 0.639094 0.751123 0.187459 0.603724 0.226398 0.716658 0.517239 0.793332 0.425751
0.435691 0.136208 0.581707 0.594611 0.760059 0.303612 0.667887 0.221088 0.783683 0.491297 0.783225 0.502070
0.430443 0.191858 0.579786 0.594176 0.770717 0.193428 0.690889 0.124742 0.708814 0.457529 0.844177 0.492342
0.473195 0.209455 0.512042 0.571817 0.748246 0.232096 0.701790 0.155960 0.865005 0.441075 0.807537 0.531494
0.400064 0.244304 0.640029 0.586379 0.715669 0.283797 0.688468 0.172252 0.714475 0.471911 0.845522 0.475347
0.359086 0.181122 0.551095 0.624312 0.775795 0.250701 0.681451 0.157415 0.745808 0.439039 0.767658 0.481906
0.393251 0.228046 0.446137 0.558668 0.720846 0.286384 0.680263 0.293539 0.684952 0.441520 0.746183 0.515913
0.378254 0.204791 0.543835 0.603493 0.754457 0.136451 0.641427 0.227079 0.777784 0.433291 0.868961 0.487728
0.347777 0.242170 0.581316 0.631648 0.761136 0.154031 0.701711 0.255126 0.795516 0.443672 0.793430 0.409743
0.428894 0.326326 0.596672 0.615097 0.748732 0.252467 0.592514 0.234841 0.829145 0.428924 0.932804 0.541541
0.482736 0.211056 0.547944 0.685808 0.749507 0.199669 0.559126 0.229464 0.809474 0.500104 0.740044 0.401091
0.395622 0.234013 0.565463 0.610324 0.879433 0.256987 0.627285 0.110671 0.818222 0.421679 0.767030 0.473139
0.453415 0.147713 0.603178 0.606382 0.799793 0.201505 0.677718 0.194232 0.760181 0.465416 0.882995 0.507357
0.431844 0.158196 0.654104 0.656236 0.765482 0.238929 0.694558 0.208937 0.774154 0.440693 0.772028 0.428270
0.302513 0.162933 0.567284 0.679553 0.820498 0.291669 0.721955 0.184051 0.781645 0.427188 0.837969 0.447598
0.354601 0.271041 0.560113 0.695251 0.738936 0.268274 0.646231 0.252453 0.801728 0.488208 0.907548 0.526398
0.412249 0.197211 0.589862 0.631587 0.672681 0.292301 0.611110 0.221337 0.766906 0.489530 0.753020 0.423984
0.370377 0.159136 0.631234 0.535451 0.697218 0.262891 0.663800 0.272087 0.805166 0.548110 0.695876 0.467596
0.428451 0.196225 0.570877 0.620450 0.802943 0.342523 0.635057 0.195639 0.827069 0.553416 0.776816 0.463399
0.361196 0.106779 0.612111 0.726105 0.708197 0.129520 0.660637 0.187646 0.748092 0.533957 0.739124 0.448554
0.396688 0.171947 0.692659 0.637042 0.762041 0.293203 0.674429 0.189488 0.695895 0.568114 0.865415 0.481847
0.407875 0.186162 0.663105 0.581224 0.771610 0.177783 0.632885 0.211655 0.813276 0.523428 0.965724 0.428050
0.361129 0.196231 0.645158 0.555314 0.755407 0.170127 0.665883 0.186843 0.734566 0.439518 0.800817 0.532199
0.333660 0.274073 0.591866 0.608359 0.719428 0.234632 0.701023 0.194811 0.861526 0.489599 0.829383 0.392558
0.376723 0.167919 0.572125 0.573266 0.667501 0.197678 0.634203 0.274030 0.743218 0.464126 0.870909 0.515836
0.372692 0.129734 0.509808 0.622595 0.761288 0.227083 0.603137 0.187356 0.781391 0.536150 0.820742 0.474796
0.426931 0.136478 0.590803 0.635876 0.771305 0.225713 0.659879 0.223671 0.766822 0.515798 0.889005 0.500586
0.403192 0.141159 0.551578 0.659452 0.753230 0.309408 0.690064 0.328521 0.937189 0.399280 0.761457 0.459215
0.375671 0.150933 0.527949 0.545137 0.754692 0.160693 0.641329 0.202804 0.749907 0.431607 0.738531 0.399263
0.427562 0.132666 0.629746 0.668019 0.756393 0.235566 0.598158 0.300696 0.761314 0.472560 0.845696 0.446606
0.358438 0.178880 0.550823 0.489143 0.703101 0.206581 0.578843 0.200902 0.720566 0.446352 0.936772 0.495434
0.323314 0.137498 0.647351 0.601690 0.770757 0.162895 0.643605 0.166738 0.736690 0.454286 0.799916 0.375245
0.340559 0.169845 0.682612 0.551714 0.667915 0.227645 0.602517 0.208989 0.887045 0.496898 0.815962 0.475832
0.389083 0.188281 0.623256 0.632276 0.851921 0.224380 0.649268 0.159107 0.782278 0.464460 0.839291 0.487792
0.404541 0.176235 0.663838 0.549103 0.811661 0.277984 0.631504 0.209909 0.690589 0.502268 0.769782 0.472491
0.410120 0.158149 0.653111 0.587334 0.695313 0.282205 0.525090 0.246279 0.709498 0.480017 0.759941 0.448732
0.390663 0.134575 0.594739 0.684682 0.757383 0.126684 0.635354 0.228896 0.788397 0.497396 0.788663 0.529270
0.387482 0.144054 0.552709 0.588583 0.739473 0.319306 0.676456 0.266504 0.777402 0.460959 0.868673 0.520899
0.400096 0.279311 0.659372 0.631706 0.843240 0.182289 0.659233 0.245785 0.828044 0.476467 0.837855 0.516313
0.405648 0.128165 0.569172 0.556866 0.815987 0.187675 0.534078 0.205650 0.788904 0.527517 0.780179 0.363238
0.433265 0.278799 0.564494 0.660827 0.737286 0.195820 0.680081 0.254034 0.708129 0.488729 0.751970 0.436673
0.315883 0.125534 0.628485 0.593299 0.755146 0.230254 0.684192 0.255278 0.729191 0.551472 0.930235 0.518524
0.361986 0.193545 0.541442 0.588733 0.764024 0.231979 0.690145 0.169929 0.788976 0.553553 0.822176 0.463474
0.428171 0.230314 0.607738 0.579054 0.786356 0.237542 0.653385 0.176926 0.715794 0.578551 0.856962 0.461299
0.402212 0.156674 0.569629 0.652824 0.795786 0.174491 0.702027 0.318225 0.751911 0.575772 0.760891 0.464639
0.406828 0.138474 0.632252 0.513981 0.789355 0.240447 0.647719 0.231079 0.806045 0.434196 0.829049 0.488828
0.368410 0.110840 0.532790 0.598396 0.770020 0.236212 0.619170 0.288129 0.827640 0.445345 0.864773 0.531379
0.408261 0.188110 0.481975 0.545826 0.779390 0.259040 0.604201 0.227925 0.757849 0.415659 0.872011 0.486619
0.457880 0.072197 0.569091 0.630284 0.865672 0.297631 0.719735 0.237753 0.719951 0.495977 0.768181 0.490414
0.396592 0.117398 0.613680 0.634986 0.721836 0.214768 0.699328 0.295978 0.750424 0.461865 0.780811 0.367621
0.410710 0.166561 0.549530 0.569558 0.710469 0.256674 0.620734 0.200932 0.754165 0.448142 0.714079 0.485878
0.406732 0.213124 0.654924 0.488637 0.806659 0.279930 0.657050 0.156782 0.671227 0.426461 0.796944 0.523472
0.452659 0.219804 0.486382 0.570941 0.757739 0.251698 0.618071 0.240501 0.763385 0.493711 0.839206 0.456830
0.430052 0.241538 0.548210 0.588012 0.766763 0.237360 0.613478 0.224740 0.691188 0.476059 0.808917 0.543462
0.407857 0.173264 0.632971 0.583701 0.820265 0.217404 0.574906 0.124363 0.791156 0.432920 0.728577 0.487977
0.481534 0.187075 0.599238 0.618992 0.777513 0.227943 0.642183 0.245127 0.805070 0.498782 0.820100 0.512971
0.489258 0.209384 0.644048 0.682313 0.770010 0.260818 0.683979 0.267939 0.745174 0.428325 0.797740 0.399784
0.469800 0.137364 0.596395 0.680340 0.798223 0.264373 0.618320 0.186290 0.806727 0.506662 0.837366 0.491921
0.394587 0.191714 0.609540 0.670261 0.679397 0.222024 0.638675 0.175684 0.719425 0.403000 0.804676 0.382759
0.425267 0.118747 0.628889 0.636375 0.748351 0.213357 0.562339 0.184969 0.782888 0.472033 0.773762 0.333878
0.393604 0.141869 0.559856 0.584110 0.731353 0.180074 0.617588 0.164525 0.774579 0.475139 0.889361 0.419489
0.289031 0.260918 0.532954 0.653943 0.727922 0.315184 0.725490 0.157721 0.783766 0.488134 0.801500 0.482156
0.329338 0.133010 0.592574 0.651453 0.811168 0.192344 0.634778 0.279198 0.770077 0.508318 0.738702 0.453630
0.422196 0.137083 0.534617 0.617910 0.764461 0.174056 0.646195 0.199591 0.754954 0.531581 0.817668 0.447632
0.301145 0.170266 0.533460 0.507885 0.733734 0.186691 0.651326 0.226006 0.791285 0.464712 0.827236 0.489169
0.391310 0.217488 0.626523 0.576693 0.767464 0.089851 0.678724 0.242664 0.663477 0.529076 0.905956 0.522769
0.378849 0.202446 0.650193 0.565768 0.785147 0.282809 0.649511 0.251819 0.818253 0.471075 0.750873 0.519220
0.360628 0.280686 0.552453 0.649483 0.744677 0.235073 0.641455 0.221457 0.890525 0.468168 0.778424 0.470774
0.437211 0.140470 0.618672 0.622858 0.845176 0.255816 0.614446 0.195674 0.792547 0.490477 0.760076 0.501120
0.387636 0.167410 0.540722 0.671610 0.791669 0.195654 0.650302 0.239735 0.760435 0.350246 0.813901 0.489472
0.446141 0.156173 0.577577 0.564854 0.763174 0.217891 0.681423 0.120722 0.712556 0.442206 0.792688 0.465945
0.370391 0.197540 0.548187 0.622692 0.782168 0.220943 0.528713 0.228714 0.773926 0.590021 0.813231 0.465786
0.342200 0.093209 0.715261 0.608814 0.700119 0.289459 0.717809 0.200389 0.821140 0.478088 0.826685 0.505343
0.446963 0.186091 0.571072 0.583305 0.711649 0.220392 0.657840 0.168215 0.729737 0.445238 0.776479 0.528358
0.367874 0.207335 0.592021 0.588124 0.696817 0.225102 0.585442 0.199341 0.763291 0.360674 0.875351 0.379090
0.385079 0.172944 0.631752 0.653489 0.641046 0.213015 0.695685 0.141817 0.739240 0.532369 0.819680 0.456411
0.462779 0.203590 0.662250 0.702725 0.798517 0.140363 0.609306 0.214405 0.785646 0.507564 0.764461 0.482027
0.271930 0.214705 0.513610 0.599733 0.832345 0.134465 0.714778 0.196403 0.783714 0.501528 0.854414 0.509670
0.462406 0.282101 0.658860 0.639649 0.752947 0.214249 0.669478 0.202945 0.761808 0.435913 0.763836 0.451136
0.381304 0.141157 0.588378 0.646686 0.841591 0.235891 0.626679 0.232947 0.714726 0.459049 0.797694 0.445539
0.368565 0.146764 0.700275 0.714224 0.798044 0.305652 0.678941 0.213331 0.758390 0.551271 0.828967 0.536436
0.362856 0.143295 0.687939 0.553251 0.659097 0.247640 0.647631 0.206722 0.796856 0.505714 0.824658 0.508309
0.376442 0.150726 0.532417 0.575159 0.691292 0.290291 0.601468 0.234694 0.826570 0.501003 0.848301 0.460755
0.438783 0.165770 0.617015 0.601345 0.713428 0.116442 0.597116 0.229722 0.785569 0.418439 0.764705 0.503699
0.350910 0.238166 0.656341 0.654849 0.748122 0.258776 0.556600 0.170925 0.714994 0.471125 0.815767 0.512757
0.454420 0.105712 0.548186 0.680058 0.765597 0.338426 0.702202 0.213154 0.773178 0.418415 0.841237 0.460460
0.378212 0.195652 0.612171 0.595786 0.767869 0.259420 0.688255 0.134470 0.699259 0.409235 0.745194 0.451788
0.339062 0.161837 0.703821 0.674501 0.762673 0.263326 0.628147 0.185785 0.720153 0.377935 0.757974 0.469875
0.323543 0.177050 0.574138 0.696907 0.775845 0.218392 0.592174 0.172132 0.817117 0.527682 0.810300 0.496697
0.415442 0.224893 0.622663 0.636001 0.669109 0.170686 0.627767 0.165640 0.847891 0.501378 0.815705 0.533416
0.493954 0.146973 0.638754 0.635183 0.746852 0.255044 0.628585 0.200221 0.669156 0.553820 0.800940 0.418573
0.433953 0.220963 0.564121 0.703803 0.749519 0.197255 0.657489 0.180874 0.797469 0.484319 0.753461 0.395468
0.443246 0.149959 0.639082 0.605847 0.717690 0.239268 0.643359 0.236282 0.764390 0.507172 0.740265 0.429886
0.344617 0.119950 0.556397 0.679703 0.678675 0.246969 0.616796 0.216214 0.689064 0.520985 0.904307 0.480308
0.335862 0.198099 0.661171 0.617527 0.816401 0.197015 0.744260 0.165003 0.859309 0.516407 0.741169 0.532579
0.429516 0.176787 0.570568 0.575338 0.852565 0.219478 0.624040 0.214324 0.746745 0.524097 0.832758 0.398407
0.284828 0.334599 0.046816 0.507385 0.199311 0.870240 0.825293 0.787293 0.083978 0.217361 0.505540 0.177995
0.248737 0.310180 0.135581 0.553998 0.193026 0.821248 0.755997 0.684702 0.187263 0.117219 0.477628 0.200565
0.208406 0.271122 0.058802 0.379883 0.152492 0.899810 0.846372 0.667264 0.087556 0.154297 0.496541 0.174717
0.286366 0.330489 0.085505 0.434788 0.185718 0.902305 0.751482 0.661294 0.159260 0.133916 0.566866 0.267912
0.300529 0.279020 0.108859 0.454696 0.158756 0.801865 0.830337 0.598496 0.092037 0.180486 0.516455 0.182491
0.251208 0.318265 0.185097 0.428037 0.096952 0.904901 0.788314 0.730316 0.092581 0.169553 0.451376 0.251614
0.243069 0.339312 0.069388 0.454121 0.173776 0.831422 0.809568 0.639317 0.190490 0.084627 0.500593 0.206250
0.195957 0.363445 0.194130 0.440389 0.214915 0.905676 0.780578 0.781335 0.192958 0.110349 0.465360 0.154483
0.246289 0.308528 0.129597 0.482258 0.118794 0.944397 0.836372 0.725891 0.030452 0.065997 0.513001 0.174567
0.147130 0.316828 0.137127 0.506629 0.146975 0.751874 0.757323 0.685090 0.072935 0.100133 0.520681 0.216235
0.204418 0.328867 0.105315 0.484800 0.186587 0.923216 0.847527 0.713452 0.098079 0.075035 0.365421 0.262299
0.322105 0.308370 0.139835 0.494649 0.153500 0.892423 0.848512 0.678510 0.105549 0.179553 0.478845 0.201638
0.234790 0.348840 0.097929 0.422823 0.217864 0.859325 0.746466 0.721665 0.038019 0.100835 0.534188 0.205172
0.172606 0.280168 0.189872 0.319447 0.178822 0.908897 0.720149 0.707718 0.121056 0.022226 0.638982 0.138299
0.210870 0.318547 0.133156 0.408921 0.264041 0.903407 0.876604 0.683387 0.071211 0.068108 0.502454 0.184432
0.285129 0.423355 0.124336 0.482075 0.246231 0.783184 0.878309 0.720066 0.058633 0.146013 0.414023 0.225036
0.210827 0.332155 0.090306 0.345589 0.161581 0.789184 0.777192 0.642330 0.126008 0.063421 0.575423 0.209600
0.185446 0.385907 0.145593 0.416465 0.149877 0.854209 0.806583 0.612999 0.113050 0.073624 0.516911 0.153712
0.195296 0.372670 0.156688 0.380365 0.190916 0.858984 0.840043 0.694378 0.077683 0.110803 0.559400 0.143197
0.275088 0.311956 0.088174 0.511682 0.243615 0.818355 0.845161 0.761946 0.165149 0.151443 0.509316 0.169485
0.212020 0.355944 -0.047174 0.443578 0.110489 0.851276 0.796802 0.647499 0.205689 0.077118 0.522789 0.193378
0.206084 0.327865 0.003987 0.436994 0.185261 0.815242 0.740287 0.689282 0.110941 0.060037 0.489255 0.219811
0.288443 0.363223 0.047850 0.424944 0.262634 0.774836 0.778654 0.656196 0.065440 0.185010 0.531398 0.285283
0.322403 0.266424 0.005967 0.505746 0.153801 0.789305 0.857370 0.690281 0.018596 0.145216 0.490115 0.203056
0.201743 0.325344 0.080169 0.454808 0.123640 0.781156 0.800883 0.658976 0.118855 0.141222 0.472664 0.190689
0.138459 0.273439 0.033201 0.403424 0.158731 0.836750 0.791488 0.762713 0.093051 0.067891 0.430662 0.145585
0.252353 0.404986 0.051611 0.339529 0.134670 0.930676 0.793741 0.713334 0.078147 0.119537 0.458510 0.160565
0.263496 0.343463 -0.024253 0.374530 0.255173 0.849520 0.863047 0.735790 0.098466 0.130588 0.464901 0.233854
0.179660 0.289234 0.065628 0.428704 0.161181 0.863663 0.726555 0.714942 0.034329 0.177385 0.544747 0.233298
0.187115 0.233435 0.063782 0.476096 0.208887 0.822347 0.823315 0.691602 0.201188 0.158528 0.509775 0.200755
0.180421 0.333563 0.074291 0.393992 0.190285 0.843830 0.913940 0.769388 0.036326 0.040537 0.550781 0.153493
0.155224 0.395263 0.061840 0.444515 0.186161 0.875781 0.884809 0.646374 0.173867 0.091408 0.470653 0.177274
0.159646 0.302771 0.088300 0.454208 0.161040 0.903727 0.854839 0.630101 0.106593 0.050643 0.483470 0.157026
0.242588 0.385142 0.046834 0.454998 0.133293 0.868312 0.813543 0.745894 0.043788 0.107218 0.588495 0.240918
0.215394 0.218102 0.104637 0.415152 0.168233 0.838371 0.808526 0.740451 0.144085 0.054562 0.561924 0.229936
0.317577 0.392146 0.093556 0.449675 0.127117 0.837592 0.906807 0.757117 0.080402 0.156365 0.438289 0.215758
0.216774 0.313982 0.123022 0.452462 0.113196 0.900187 0.810584 0.679616 0.060118 0.203352 0.536281 0.216062
0.253801 0.279436 0.088456 0.399772 0.127937 0.796438 0.800845 0.727689 0.113973 0.131872 0.550682 0.228821
0.245041 0.368699 0.055668 0.444832 0.243102 0.905978 0.786413 0.765557 0.099423 0.109314 0.524653 0.177360
0.158570 0.329877 0.084943 0.425693 0.084301 0.858924 0.879544 0.751755 0.072543 0.088450 0.456366 0.260254
0.307486 0.271195 0.110828 0.418586 0.134048 0.847214 0.811288 0.571715 0.146298 0.071029 0.624401 0.102652
0.285296 0.241106 0.109149 0.405231 0.250349 0.825693 0.864035 0.716582 0.070834 0.173393 0.470527 0.219491
0.238926 0.401895 0.052744 0.454303 0.152790 0.780880 0.724552 0.731462 0.142452 0.057622 0.502250 0.151451
0.298065 0.279675 0.128722 0.514274 0.235343 0.874526 0.796833 0.763235 0.070414 0.105582 0.599828 0.183862
0.153734 0.321878 0.059511 0.466328 0.229268 0.804036 0.916805 0.692899 0.097218 0.106164 0.512238 0.206480
0.160906 0.354047 0.126958 0.478657 0.137542 0.843614 0.802195 0.692088 0.107129 0.106484 0.522187 0.184938
0.302819 0.245683 0.115504 0.369523 0.168776 0.878111 0.888256 0.876774 0.025348 0.036750 0.527715 0.194734
0.209533 0.403620 0.212343 0.429350 0.228498 0.875510 0.781071 0.654086 0.104289 0.044261 0.552865 0.288648
0.218288 0.291480 0.087467 0.416041 0.198811 0.836772 0.975431 0.724698 0.089205 0.035729 0.632184 0.263941
0.285252 0.334158 0.159271 0.455115 0.104940 0.995725 0.873797 0.658131 0.087073 0.098352 0.516394 0.220361
0.291019 0.401254 0.002779 0.395425 0.275382 0.886239 0.768961 0.718898 0.241483 0.097495 0.480992 0.173117
0.250489 0.381893 0.085087 0.514948 0.111124 0.861329 0.849709 0.688738 0.120480 0.221111 0.518088 0.264597
0.225995 0.290264 0.117997 0.440468 0.149611 0.843080 0.797475 0.787338 0.076662 0.097258 0.543985 0.118071
0.113616 0.322949 0.016150 0.441690 0.324344 0.691539 0.803889 0.728715 0.074173 -0.029734 0.546413 0.195041
0.243139 0.302763 0.106854 0.457920 0.233460 0.877771 0.916303 0.625265 0.086443 0.133026 0.573124 0.197985
0.196666 0.234566 0.044259 0.328150 0.174675 0.896523 0.834948 0.759040 0.185332 0.115881 0.541853 0.197346
0.293556 0.402424 0.098158 0.484271 0.117226 0.856734 0.784477 0.656279 0.157459 0.084662 0.482581 0.206367
0.162223 0.342964 0.098060 0.427198 0.099786 0.960261 0.835305 0.731240 -0.008431 0.058548 0.524976 0.176538
0.229874 0.337695 -0.001601 0.348632 0.127171 0.855560 0.770964 0.561914 0.084267 0.077571 0.538755 0.161340
0.174536 0.224221 0.046925 0.438121 0.233321 0.900233 0.840656 0.624816 0.138759 0.144649 0.544107 0.179923
0.222288 0.370209 0.123198 0.435969 0.140365 0.904269 0.836982 0.656971 0.146957 -0.018289 0.449151 0.187426
0.263528 0.281213 0.061888 0.473373 0.172606 0.882657 0.803939 0.705635 0.155177 0.122611 0.503405 0.232942
0.205103 0.346242 0.103663 0.375429 0.145003 0.899214 0.762080 0.632174 0.099084 0.136104 0.539542 0.299576
0.187302 0.295256 0.032713 0.358642 0.231048 0.952825 0.798681 0.671612 0.072560 0.164183 0.553546 0.221811
0.198908 0.289164 0.100304 0.459705 0.198909 0.802674 0.869320 0.621167 0.100230 0.125483 0.454469 0.139656
0.248249 0.271438 0.098934 0.389773 0.255991 0.808441 0.752100 0.634510 0.068544 0.157446 0.507797 0.283496
0.254273 0.428909 0.036164 0.388984 0.179830 0.921504 0.776685 0.711782 0.040169 0.219227 0.481232 0.121675
0.186412 0.345374 0.250414 0.359854 0.178892 0.888844 0.813734 0.673672 0.077583 0.131168 0.444647 0.230292
0.155651 0.322202 0.110819 0.438689 0.166163 0.734963 0.821693 0.552717 0.084704 0.196853 0.444614 0.156108
0.233626 0.397827 0.189784 0.359037 0.112463 0.854758 0.853962 0.685401 0.071285 0.137184 0.491544 0.249322
0.281747 0.400552 0.154927 0.438896 0.168811 0.858101 0.913954 0.656851 0.009142 0.150049 0.477713 0.197935
0.322442 0.267575 0.053663 0.377304 0.162896 0.912650 0.820203 0.724890 0.051625 0.087150 0.479001 0.237119
0.203012 0.379547 0.140290 0.481040 0.228269 0.888112 0.856870 0.731526 0.003197 0.058836 0.595217 0.203898
0.199590 0.332217 0.019051 0.583488 0.146626 0.810528 0.817487 0.609472 0.105322 0.127391 0.468243 0.256007
0.292000 0.386778 0.081276 0.550256 0.257798 0.871941 0.786705 0.758212 -0.019909 0.064254 0.492104 0.264982
0.154790 0.345025 0.102575 0.468844 0.180610 0.888866 0.891302 0.670671 0.120259 0.141041 0.509207 0.216112
0.225594 0.314875 0.122545 0.419529 0.253611 0.857973 0.764402 0.739542 0.121184 0.114129 0.525465 0.097532
0.234636 0.331709 0.117978 0.400836 0.207603 0.803547 0.812182 0.650493 0.079770 0.126469 0.478145 0.149084
0.282277 0.207694 0.025563 0.416637 0.102156 0.842864 0.874250 0.761428 0.133639 0.180636 0.601976 0.169083
0.160007 0.320284 0.149585 0.499047 0.137064 0.874779 0.824823 0.781103 0.147712 0.144032 0.506032 0.266903
0.220848 0.341226 0.137383 0.425607 0.191300 0.900405 0.811061 0.724725 -0.014204 0.097282 0.381890 0.168013
0.151975 0.269829 0.070743 0.428374 0.080579 0.882431 0.813885 0.711385 0.013372 0.153458 0.501983 0.207336
0.253121 0.295455 0.086296 0.377314 0.232650 0.834749 0.839282 0.786316 0.106579 0.035839 0.501776 0.111259
0.312111 0.339745 0.097119 0.468350 0.214105 0.970315 0.773021 0.753071 0.070906 0.103918 0.436593 0.228059
0.171998 0.318372 0.111678 0.431573 0.180243 0.782514 0.855641 0.691235 0.038771 0.136913 0.470844 0.172712
0.214181 0.351522 0.031395 0.540316 0.208545 0.863152 0.828866 0.716191 0.083563 0.129908 0.481058 0.163918
0.249213 0.379414 0.079932 0.404391 0.161975 0.918082 0.810522 0.679313 0.072349 0.091485 0.577241 0.140880
0.243935 0.277713 0.105726 0.465539 0.136935 0.953805 0.871339 0.708241 0.082195 0.091631 0.574280 0.172483
0.182537 0.272071 0.106140 0.399055 0.176980 0.874507 0.851089 0.794747 0.104141 0.107139 0.450090 0.196974
0.243689 0.349861 0.120786 0.454448 0.139533 0.790241 0.882384 0.726067 0.036793 0.092343 0.414712 0.188134
0.253693 0.285759 0.069144 0.368016 0.186917 0.795817 0.866105 0.680959 0.039555 0.026672 0.437412 0.289865
0.226978 0.388139 0.148640 0.399648 0.147913 0.925237 0.776204 0.625041 0.091703 0.035904 0.426034 0.207478
0.169912 0.297550 0.075354 0.438057 0.159109 0.940258 0.899399 0.689256 0.116431 0.175234 0.484193 0.149366
0.258957 0.326185 0.180035 0.454621 0.191859 0.812674 0.829211 0.690090 0.141183 0.138239 0.525871 0.171540
0.220736 0.366211 0.031941 0.408195 0.313603 0.806065 0.764712 0.693355 0.210237 0.102750 0.498501 0.236733
0.232300 0.296863 0.060081 0.486311 0.229890 0.909325 0.784886 0.744363 0.087544 0.158999 0.490384 0.219599
0.231178 0.347440 0.099971 0.572480 0.152927 0.845931 0.873686 0.802769 0.100561 0.137524 0.574774 0.278892
0.229668 0.286180 0.085885 0.463716 0.203069 0.878634 0.764699 0.635978 0.131385 0.167592 0.612273 0.197614
0.180654 0.385276 0.148404 0.490953 0.241086 0.874127 0.812332 0.749442 0.144560 0.064844 0.483101 0.187919
0.128432 0.259223 0.122222 0.399816 0.200422 0.877172 0.902769 0.593599 0.094439 0.093125 0.491882 0.229118
0.239943 0.240846 0.106026 0.427182 0.099609 0.731242 0.793675 0.688459 0.125256 0.060012 0.561888 0.170997
0.252483 0.449888 0.127915 0.478373 0.179203 0.827585 0.801355 0.712727 0.054161 0.147746 0.535743 0.211326
0.374085 0.367188 0.089407 0.496415 0.214517 0.834594 0.867761 0.732453 0.029494 0.077134 0.431944 0.114955
0.268400 0.299218 0.085044 0.461748 0.195819 0.873462 0.798325 0.603617 0.118666 0.075805 0.500236 0.194682
0.175655 0.364632 0.068622 0.410199 0.283290 0.857821 0.746444 0.775875 0.061290 0.051276 0.557367 0.138013
0.271335 0.312218 0.044939 0.467651 0.126056 0.884958 0.820280 0.691327 0.044767 0.000848 0.428631 0.156268
0.198354 0.296966 0.135495 0.356419 0.242076 0.820288 0.802135 0.766057 0.101246 0.028606 0.532337 0.171793
0.261579 0.356728 0.029258 0.479403 0.243304 0.881796 0.931904 0.745971 0.133209 0.187650 0.533069 0.245784
0.229998 0.339253 0.161020 0.441393 0.149798 0.851552 0.824248 0.791603 0.078433 0.069212 0.486798 0.189609
0.285511 0.238103 0.216906 0.438912 0.159284 0.892533 0.856009 0.811830 0.004907 0.141021 0.455218 0.204394
0.156021 0.283243 0.030439 0.416258 0.185975 0.858785 0.795272 0.685182 0.156373 0.082021 0.536283 0.120155
0.284784 0.284666 0.106709 0.374030 0.188102 0.850644 0.854617 0.676430 0.087676 0.164235 0.575004 0.208833
0.222697 0.319135 0.051342 0.435030 0.230559 0.800549 0.792922 0.706477 0.029361 0.090378 0.575442 0.186549
0.264450 0.345598 0.105369 0.506890 0.244018 1.011072 0.699274 0.709440 -0.075230 0.089015 0.569588 0.139579
0.201475 0.379075 0.037779 0.478283 0.110090 0.762586 0.922035 0.746830 0.059355 0.068565 0.495745 0.182370
0.318404 0.301646 0.136341 0.421940 0.154396 0.869777 0.791621 0.678615 0.159208 0.148632 0.548301 0.162868
0.192845 0.357437 0.208636 0.506356 0.227817 0.932174 0.895887 0.615883 0.158667 0.154776 0.588307 0.214186
0.233208 0.342672 0.063548 0.375576 0.201799 0.882472 0.860587 0.657855 0.086880 0.188243 0.594085 0.142952
0.201126 0.400902 0.099448 0.409160 0.172946 0.886110 0.826538 0.689742 0.067293 0.098516 0.543129 0.253299
0.276097 0.268504 0.062762 0.395018 0.241374 0.920759 0.821675 0.771438 0.043732 0.057113 0.495898 0.220074
0.191497 0.313947 0.028946 0.440640 0.145797 0.910883 0.872539 0.631539 0.086340 0.038143 0.541104 0.255154
0.170009 0.391254 0.054911 0.489170 0.139665 0.856273 0.812337 0.674772 0.034061 0.174192 0.530297 0.092461
0.271577 0.422203 0.099470 0.443153 0.174803 0.862319 0.844746 0.701405 0.135166 0.096967 0.497628 0.156655
0.221814 0.241646 0.111604 0.371823 0.220807 0.939222 0.719968 0.634047 0.211847 0.191439 0.459219 0.191126
0.170331 0.334042 0.124930 0.453427 0.297622 0.907285 0.814288 0.735640 0.088454 0.146747 0.505109 0.278208
0.195218 0.327299 0.081074 0.373564 0.135290 0.802442 0.899176 0.719605 0.074425 0.122893 0.597002 0.127464
0.253040 0.470743 0.014046 0.376224 0.126419 0.833557 0.881317 0.762935 0.134079 0.048540 0.484424 0.162294
0.271275 0.351436 0.098412 0.496247 0.162241 0.827060 0.922064 0.731146 0.060982 0.142620 0.430285 0.193409
0.178753 0.342073 0.102852 0.371069 0.080337 0.836967 0.780314 0.606045 0.028450 0.039029 0.520175 0.194361
0.242785 0.250852 0.079314 0.460260 0.188880 0.830525 0.855583 0.714753 0.087750 0.151946 0.496279 0.196039
0.248217 0.286494 0.133849 0.401153 0.106411 0.900650 0.896209 0.650416 0.052187 0.090467 0.490192 0.216410
0.170837 0.349570 0.036711 0.559686 0.200057 0.844030 0.825846 0.595406 -0.026316 0.214377 0.546655 0.209575
0.244234 0.301364 -0.023023 0.479044 0.175803 0.886029 0.824326 0.634550 0.112535 0.055866 0.511115 0.204993
0.116683 0.326633 0.103287 0.478052 0.194480 0.732842 0.829097 0.776393 0.094685 0.048980 0.547105 0.285133
0.212039 0.398326 0.094149 0.509959 0.102510 0.882657 0.820032 0.676992 0.154260 0.148123 0.480346 0.198897
0.269238 0.344457 0.115266 0.430131 0.219161 0.953902 0.890582 0.661938 0.112442 0.041321 0.538000 0.243672
0.196282 0.314383 0.135306 0.464096 0.141077 0.893533 0.822394 0.656301 0.079547 0.094784 0.476759 0.171051
0.180478 0.365511 0.066878 0.482853 0.160914 0.938732 0.848215 0.686031 0.004416 0.057982 0.565094 0.124478
0.280744 0.279493 0.060673 0.341092 0.166854 0.818838 0.760442 0.633244 0.075485 0.201067 0.509845 0.311498
0.269192 0.341780 0.094512 0.433493 0.156411 0.973220 0.878794 0.724658 0.052791 0.139109 0.545794 0.170818
0.244500 0.289947 0.109651 0.452772 0.109053 0.785192 0.846091 0.691114 0.186698 0.086799 0.493095 0.314108
0.134115 0.355133 0.120684 0.463978 0.195300 0.921257 0.742922 0.658288 0.130573 0.127667 0.493820 0.303239
0.228111 0.308004 0.096411 0.403979 0.237326 0.806778 0.801588 0.728746 0.042661 0.073614 0.554557 0.213379
0.205858 0.318198 0.103291 0.386364 0.118022 0.787381 0.906267 0.681143 0.149877 0.147489 0.518059 0.232273
0.249898 0.326781 0.055572 0.462386 0.232412 0.842447 0.850881 0.643779 0.156211 0.066489 0.557824 0.208257
0.268121 0.346299 0.106695 0.411949 0.153055 0.847292 0.782397 0.729473 0.110921 0.095305 0.534371 0.148850
0.173288 0.310772 0.125359 0.486029 0.222834 0.845358 0.747944 0.756424 0.185039 0.094085 0.553721 0.146900
0.200289 0.414101 0.103034 0.421712 0.157785 0.889430 0.799352 0.643931 0.046911 0.033094 0.474812 0.238632
0.164880 0.315224 0.188935 0.423308 0.145430 0.867407 0.720922 0.661642 0.137200 0.099742 0.508846 0.156622
0.285686 0.355781 0.033954 0.443609 0.229264 0.815188 0.892668 0.690002 0.039384 0.090968 0.535250 0.188382
0.167512 0.315157 0.116976 0.506254 0.306098 0.857550 0.891363 0.636043 0.046550 0.077987 0.493635 0.192988
0.118488 0.276286 0.090181 0.478997 0.213940 0.876859 0.791391 0.668607 0.082791 0.087771 0.423660 0.205439
0.261847 0.326887 0.093312 0.484547 0.214226 0.858633 0.811829 0.764109 0.073352 -0.028378 0.477072 0.259572
0.173027 0.316124 0.097547 0.381627 0.182366 0.864561 0.796357 0.600817 0.083770 0.175018 0.527400 0.204656
0.261515 0.313960 0.097238 0.433942 0.171172 0.902210 0.866543 0.790393 0.099093 0.130627 0.552414 0.164843
0.286542 0.374081 0.160411 0.452301 0.124898 0.900992 0.747592 0.696340 0.128165 0.007735 0.566649 0.278595
0.297878 0.363273 0.051893 0.449316 0.097328 0.923498 0.807150 0.704068 -0.048361 0.112829 0.575781 0.191319
0.309380 0.352187 0.106614 0.414213 0.203141 0.841904 0.816053 0.631122 0.032570 0.181253 0.499610 0.113522
0.311131 0.251424 0.119673 0.441239 0.187858 0.878418 0.818207 0.727341 0.115278 0.189677 0.544504 0.291533
0.288444 0.419301 0.136263 0.529766 0.191639 0.857416 0.764114 0.712524 0.136195 0.167800 0.468017 0.299927
0.236678 0.254652 0.092216 0.385438 0.161180 0.830007 0.874930 0.730183 0.119599 0.074236 0.534430 0.210447
0.198106 0.291722 0.022956 0.426618 0.163502 0.837887 0.842459 0.642627 0.093654 0.217581 0.535911 0.239772
0.262680 0.357147 0.045609 0.436249 0.231042 0.875059 0.863370 0.639926 0.143663 0.111797 0.512880 0.183233
0.178905 0.328675 0.024240 0.422707 0.126589 0.913358 0.766154 0.685434 0.107897 0.144517 0.582152 0.162648
0.238063 0.250755 0.069923 0.437320 0.131927 0.920613 0.734652 0.819661 0.043881 0.065257 0.545851 0.306189
0.249514 0.308535 0.068438 0.431986 0.264354 0.889744 0.899073 0.677832 0.132319 0.056877 0.548539 0.243387
0.268083 0.324197 0.082899 0.434370 0.133555 0.880410 0.863934 0.686991 -0.016747 0.101007 0.528540 0.216106
0.156513 0.254774 0.070239 0.421324 0.138866 0.918202 0.780444 0.744197 0.177235 0.138391 0.491427 0.214302
0.273226 0.271509 0.036767 0.477600 0.226695 0.844833 0.843683 0.674262 0.219913 0.214042 0.465549 0.249838
0.243203 0.255742 0.162740 0.440718 0.225738 0.940952 0.758536 0.768986 0.093788 0.070662 0.494330 0.287963
0.181756 0.306075 0.140817 0.414209 0.195282 0.802608 0.732599 0.662695 0.002332 0.095220 0.540551 0.209506
0.296821 0.350467 0.069002 0.489468 0.127661 0.873051 0.796482 0.603254 0.110013 0.139037 0.440866 0.123993
0.342880 0.390227 0.064855 0.446260 0.139445 0.852902 0.879201 0.762314 0.077267 0.047714 0.516795 0.169658
0.248351 0.317522 0.194089 0.430051 0.166619 0.916339 0.859784 0.664256 0.150976 0.133833 0.512586 0.179197
0.236960 0.322674 0.134253 0.414884 0.187200 0.917694 0.933787 0.685006 0.078052 0.110969 0.538731 0.189002
0.281406 0.260304 0.114000 0.407311 0.164430 0.942423 0.814171 0.736284 0.054828 0.128385 0.524657 0.162502
0.270029 0.261477 0.041681 0.422517 0.180571 0.799258 0.779590 0.622227 0.038429 0.129847 0.496576 0.137725
0.228135 0.326327 0.133025 0.434775 0.211760 0.746023 0.868852 0.647380 0.095221 0.097767 0.476654 0.184688
0.147875 0.361874 0.169154 0.508463 0.154850 0.891212 0.788656 0.704146 0.104000 0.203868 0.563095 0.181022
0.205731 0.357953 0.114489 0.511353 0.116975 0.846051 0.762916 0.644404 0.094496 0.194769 0.565178 0.198658
0.301716 0.291305 0.082950 0.415303 0.134617 0.905941 0.776199 0.689409 0.071180 0.159644 0.479183 0.192537
0.183978 0.383781 0.154250 0.459521 0.207812 0.814780 0.871593 0.821048 -0.043465 0.105383 0.613926 0.203547
0.125143 0.392338 0.067639 0.498611 0.065893 0.841607 0.765164 0.687367 0.050475 0.197794 0.441667 0.199317
0.227586 0.338287 0.060944 0.491290 0.155067 0.806989 0.834517 0.692148 0.051784 0.199038 0.460015 0.211219
0.208436 0.304920 0.112530 0.460213 0.148817 0.876086 0.854338 0.707947 0.114773 0.120985 0.443884 0.255230
0.199892 0.303961 -0.002835 0.441297 0.094832 0.898508 0.854470 0.695280 0.084092 0.177923 0.460684 0.224595
0.209735 0.251445 0.044158 0.466474 0.201663 0.917346 0.795524 0.742709 0.126788 0.099615 0.490754 0.179040
0.231184 0.339409 0.093413 0.414101 0.166278 0.921899 0.904949 0.631024 0.118099 0.096935 0.559694 0.162121
0.079970 0.402687 0.078729 0.405239 0.135201 0.879287 0.772472 0.640226 0.088899 0.093810 0.625976 0.097089
0.263955 0.361289 -0.013111 0.488574 0.192776 0.852480 0.829691 0.596327 0.122676 0.155067 0.531518 0.208032
0.266039 0.354756 0.093733 0.383202 0.327579 0.832418 0.808585 0.653741 0.014068 0.116859 0.433916 0.177566
0.239124 0.367893 0.177762 0.390707 0.175391 0.908213 0.835133 0.679217 0.083273 0.074861 0.508695 0.126574
0.329581 0.334668 0.079010 0.404489 0.249241 0.831967 0.829313 0.702290 0.107041 0.015013 0.595962 0.206120
0.242766 0.344596 0.099475 0.471689 0.239166 0.866562 0.770982 0.667479 0.064719 0.171186 0.529717 0.236563
0.277092 0.304897 0.084134 0.388711 0.206592 0.871689 0.853357 0.642606 0.072292 0.177327 0.559878 0.206034
0.234728 0.283125 0.066315 0.402107 0.143985 0.896230 0.910500 0.740445 -0.031701 0.060521 0.553944 0.152132
0.168506 0.279524 0.104201 0.408317 0.096375 0.916318 0.867054 0.690662 0.093769 0.085981 0.545979 0.231381
0.262420 0.355439 0.134418 0.443224 0.153437 0.889691 0.857736 0.682094 0.113510 0.168286 0.515448 0.189921
0.238674 0.377085 0.084388 0.400099 0.259607 0.919203 0.847479 0.648824 0.128385 0.109921 0.562084 0.265687
0.230631 0.306205 0.140152 0.450197 0.088576 0.768788 0.788739 0.639411 0.103919 0.092733 0.475434 0.171526
0.170833 0.293439 0.003222 0.439123 0.166461 1.008214 0.889476 0.698135 0.077229 0.085979 0.485018 0.240592
0.185843 0.409519 0.080048 0.442508 0.111348 0.996027 0.876031 0.766661 0.027608 0.145090 0.482424 0.177054
0.144834 0.311334 0.065522 0.488893 0.173848 0.928001 0.786046 0.707682 0.167016 0.027304 0.534594 0.186724
0.255417 0.334139 0.065929 0.419491 0.134701 0.901920 0.877889 0.722286 0.048587 0.046180 0.561523 0.230384
0.238587 0.332377 0.137058 0.460849 0.192723 0.933378 0.794466 0.707293 0.119367 0.092655 0.478554 0.273960
0.207800 0.220531 0.022281 0.399264 0.222299 0.978472 0.849081 0.753395 0.051498 0.128388 0.532423 0.240605
0.167323 0.344339 0.141791 0.409317 0.139269 0.829708 0.791204 0.636656 0.109107 0.057382 0.437679 0.180238
0.288842 0.249588 0.127055 0.424480 0.179181 0.789868 0.898125 0.618901 0.130766 0.087407 0.501540 0.157571
0.262679 0.305859 0.092912 0.465182 0.243615 0.843518 0.860560 0.634414 0.123496 0.094748 0.574265 0.152122
0.281185 0.355204 0.076293 0.382113 0.148595 0.852836 0.896519 0.711826 0.123847 0.117232 0.502202 0.243509
0.207404 0.354650 0.102289 0.551203 0.159282 0.822980 0.751926 0.712853 0.097616 0.092770 0.545648 0.165117
0.278936 0.361939 0.106485 0.475731 0.176545 0.900391 0.847232 0.733960 0.105710 0.108173 0.548230 0.273970
0.188281 0.319628 0.161850 0.452447 0.186111 0.861280 0.727095 0.615353 0.074981 0.086021 0.558758 0.195091
0.257097 0.311423 0.165598 0.518518 0.213073 0.885934 0.858583 0.654109 0.115495 0.169869 0.413896 0.218826
0.263801 0.388759 0.122735 0.495782 0.176896 0.864223 0.820095 0.704756 0.151348 0.146892 0.449363 0.218139
0.226052 0.330777 0.121468 0.531894 0.181629 0.852019 0.764623 0.727407 0.135415 0.232056 0.527684 0.237551
0.183260 0.250509 0.167648 0.410624 0.161336 0.868132 0.805098 0.694583 0.035956 0.134188 0.614439 0.202681
0.215265 0.373276 0.087469 0.452481 0.155106 0.851907 0.824691 0.686634 0.191953 0.152970 0.460808 0.242859
0.330748 0.290118 0.068990 0.417913 0.131452 0.888684 0.830953 0.743033 0.131025 0.126628 0.510291 0.195477
0.294199 0.336603 0.116388 0.357192 0.225420 0.867515 0.860269 0.718624 0.052602 0.123135 0.566230 0.215107
0.328211 0.329474 0.186144 0.414669 0.226172 0.766006 0.883099 0.650367 0.069079 0.171403 0.500976 0.292931
0.247658 0.345680 0.105525 0.453676 0.231340 0.878432 0.832914 0.781279 0.057332 0.016021 0.397086 0.301629
0.244155 0.272527 0.082913 0.457798 0.251476 0.795334 0.882821 0.728530 0.016110 0.160124 0.449248 0.240681
0.376950 0.268050 0.076882 0.392037 0.156589 0.837408 0.860464 0.746157 0.073142 0.120167 0.548091 0.111412
0.255062 0.323693 0.065018 0.379658 0.178713 0.865466 0.853173 0.707914 -0.014833 0.087422 0.488942 0.190455
0.225083 0.381119 0.039258 0.444167 0.165127 0.976077 0.905271 0.723731 0.070707 0.164708 0.561797 0.115873
0.206649 0.212454 0.139754 0.481933 0.077023 0.870468 0.748087 0.647731 -0.046446 0.138642 0.494608 0.234744
0.225731 0.305263 0.135668 0.410301 0.198329 0.949213 0.825998 0.694450 0.063334 0.116824 0.500988 0.182042
0.231886 0.431337 0.094118 0.459755 0.206381 0.921067 0.743006 0.747412 0.161891 0.173057 0.481000 0.152642
0.180680 0.321747 0.064813 0.469901 0.189518 0.900008 0.850129 0.667923 0.063076 0.174196 0.450252 0.251148
0.317778 0.241568 0.139492 0.438235 0.188271 0.856097 0.851634 0.734226 0.125583 0.142190 0.549858 0.189908
0.296844 0.281669 0.169567 0.409808 0.255495 0.931683 0.754381 0.720618 0.142706 0.087288 0.413989 0.147189
0.177049 0.333728 0.132858 0.402450 0.289215 0.793471 0.771954 0.692001 0.141386 0.100168 0.572767 0.250011
0.150029 0.352178 0.074221 0.442515 0.252116 0.856992 0.795338 0.663688 0.161779 0.128549 0.556630 0.131578
0.250588 0.324960 0.145501 0.333287 0.168057 0.779670 0.825815 0.704276 0.050206 0.104297 0.531741 0.261623
0.236309 0.457710 0.113009 0.483838 0.137103 0.899768 0.855731 0.644030 0.212581 0.126606 0.510916 0.135198
0.172975 0.208383 0.200810 0.411438 0.161356 0.886891 0.755822 0.641835 0.168586 0.211961 0.526297 0.207234
0.220348 0.388092 0.099928 0.508460 0.236781 0.867697 0.826734 0.714819 0.041812 0.048029 0.515548 0.097080
0.261664 0.340916 0.031104 0.467683 0.215726 0.863469 0.865181 0.673695 0.013314 0.099452 0.439079 0.123545
0.182215 0.305961 0.106779 0.410451 0.175719 0.842454 0.838150 0.697790 0.102332 0.172759 0.504922 0.145266
0.233889 0.361476 0.139679 0.473919 0.104917 0.862753 0.811616 0.783457 0.100602 0.092218 0.475244 0.193076
0.221462 0.311614 0.105622 0.497430 0.060717 0.917903 0.778019 0.761681 0.155141 0.104000 0.543674 0.261746
0.242913 0.393958 0.066360 0.414591 0.208271 0.852703 0.751063 0.717159 0.053099 0.058647 0.397753 0.235539
0.290067 0.383867 0.031197 0.414110 0.185515 0.948387 0.782458 0.740081 0.062667 0.117064 0.443144 0.057409
0.186349 0.261048 -0.005077 0.529418 0.197139 0.960443 0.839804 0.722166 0.147583 0.150354 0.464048 0.295990
0.223312 0.387076 0.007922 0.502659 0.146330 0.753566 0.773639 0.764126 0.187691 0.080752 0.547619 0.193212
0.196011 0.379228 0.083062 0.370341 0.233386 0.790817 0.809118 0.631171 0.116971 0.125326 0.433241 0.150742
0.295233 0.304574 -0.031346 0.433798 0.125059 0.834908 0.820463 0.685537 0.020131 0.081204 0.541607 0.194924
0.250623 0.323842 0.132345 0.573728 0.109709 0.875521 0.762630 0.638390 0.088939 0.057269 0.479878 0.160177
0.228689 0.312423 0.137799 0.457397 0.219114 0.893603 0.741074 0.779797 0.078982 0.130253 0.526710 0.237731
0.614862 0.580290 0.742751 0.123339 0.348949 0.084306 0.850374 0.676400 0.673413 0.999256 0.418718 0.733652
0.664046 0.539591 0.824657 0.090320 0.290420 0.115748 0.915129 0.697089 0.705648 0.900528 0.455580 0.834719
0.592782 0.485661 0.843197 0.058133 0.300382 0.146314 0.921915 0.673330 0.600962 0.918419 0.444080 0.818311
0.597439 0.622685 0.726607 0.130114 0.296091 0.146403 0.863383 0.825447 0.647018 0.977588 0.541025 0.738377
0.584089 0.597643 0.849637 0.116416 0.297162 0.192236 0.907624 0.738846 0.578564 0.923905 0.417140 0.778894
0.587100 0.480323 0.795795 0.070070 0.204297 0.086459 0.835522 0.776907 0.580376 0.951043 0.520681 0.734993
0.598521 0.476305 0.790143 0.058618 0.265249 0.105606 0.946406 0.703007 0.529285 0.964986 0.352804 0.737534
0.672408 0.552805 0.731968 0.081882 0.286508 0.072859 0.978730 0.813743 0.561748 0.944902 0.494603 0.780467
0.604912 0.449812 0.786257 0.125791 0.280728 0.061636 0.858951 0.799499 0.678092 0.992402 0.467347 0.730238
0.620930 0.528507 0.725761 -0.109005 0.205665 0.154551 0.870252 0.783091 0.622435 0.970717 0.400995 0.839071
0.586958 0.487172 0.716502 0.055793 0.332981 0.095333 0.900730 0.722006 0.542764 0.924675 0.445066 0.765328
0.693871 0.507725 0.719385 0.131278 0.237506 0.006833 0.910877 0.765404 0.699218 0.902725 0.416569 0.849820
0.612738 0.464295 0.760452 0.096170 0.291001 0.081583 0.905046 0.770381 0.604390 0.931337 0.467314 0.778209
0.659704 0.502356 0.804792 0.047074 0.191414 0.000761 0.942406 0.677597 0.715246 0.941761 0.425995 0.925613
0.513110 0.587170 0.747542 0.118071 0.345497 0.152291 0.896001 0.744956 0.728532 0.923267 0.493512 0.720311
0.617327 0.455972 0.686788 0.101020 0.225954 0.073691 0.865595 0.764536 0.598743 1.004067 0.466748 0.860406
0.624005 0.578389 0.804742 0.081600 0.267554 0.103818 0.869697 0.709741 0.649087 1.025833 0.455304 0.820382
0.668414 0.555755 0.828992 0.158994 0.190591 0.072867 0.857908 0.771037 0.553160 0.882889 0.424302 0.654427
0.596141 0.559973 0.731050 0.145354 0.288886 0.093432 0.900280 0.757494 0.668164 0.927043 0.494654 0.745938
0.586484 0.517519 0.733651 0.137593 0.265852 0.098062 0.872234 0.724141 0.530489 0.931846 0.440332 0.709350
0.592520 0.555233 0.727006 0.006915 0.309315 0.148248 0.949478 0.709902 0.610809 0.909320 0.475162 0.787850
0.619250 0.493801 0.764589 0.148701 0.290178 0.098743 0.905825 0.756059 0.569678 0.999805 0.453729 0.742910
0.662244 0.525655 0.795542 0.137590 0.294641 0.209689 0.855537 0.715343 0.594591 1.029732 0.455158 0.750529
0.604040 0.573215 0.691361 0.103575 0.268548 0.078336 0.964409 0.735574 0.672414 0.911533 0.498266 0.700395
0.733502 0.419942 0.775992 0.076337 0.294874 0.091973 0.952678 0.649931 0.613373 0.924230 0.463097 0.808300
0.574869 0.583847 0.783306 0.106837 0.264754 0.092431 0.934070 0.662445 0.675292 1.015032 0.506929 0.743278
0.559640 0.538535 0.715577 0.120944 0.242872 0.059206 0.989481 0.710385 0.628994 1.089023 0.464013 0.750283
0.572562 0.562284 0.713547 0.099383 0.326639 0.155176 0.966285 0.709561 0.590797 0.903684 0.445183 0.842923
0.706937 0.507009 0.817328 0.122382 0.144258 0.074070 0.863094 0.590132 0.663986 1.039459 0.486553 0.696297
0.549818 0.560329 0.798413 0.119862 0.313841 0.136138 0.986877 0.694574 0.556433 1.000921 0.449916 0.768458
0.664822 0.478520 0.768665 0.092299 0.304542 0.095925 0.892194 0.783957 0.592499 0.957106 0.578163 0.779137
0.597251 0.471317 0.698506 0.029183 0.215015 0.137187 0.865725 0.713849 0.652305 1.046935 0.503662 0.807651
0.668620 0.469698 0.725403 0.060953 0.249069 0.167353 0.926957 0.723886 0.693196 0.972436 0.492206 0.819440
0.643224 0.482937 0.791010 0.001721 0.292286 0.143484 0.907001 0.680898 0.548479 0.976980 0.484956 0.822870
0.556766 0.432256 0.793111 0.055495 0.393063 0.156204 0.801417 0.711933 0.617162 0.958177 0.452651 0.719463
0.520598 0.582100 0.788408 0.099381 0.212427 0.096912 0.813539 0.665003 0.607323 0.899166 0.499190 0.786996
0.614447 0.505082 0.742470 0.043378 0.293011 0.127154 0.787630 0.679862 0.560939 0.927574 0.426077 0.781054
0.610814 0.469208 0.775329 0.094087 0.234186 0.109408 0.922298 0.704079 0.568372 0.990123 0.358408 0.698328
0.563797 0.513757 0.783964 0.025470 0.174414 0.038257 0.928570 0.688465 0.580629 0.863496 0.500203 0.803437
0.703129 0.493204 0.808739 0.147326 0.254488 0.127796 0.843500 0.725809 0.591154 0.941321 0.403170 0.759349
0.591715 0.523754 0.729745 0.214116 0.294396 0.059179 0.965172 0.732002 0.576209 0.831896 0.429209 0.791640
0.561016 0.559648 0.715654 0.026967 0.276321 0.180846 0.859409 0.729132 0.646115 1.035162 0.424100 0.703536
0.741870 0.487465 0.817563 0.076146 0.209400 0.126056 0.873715 0.772922 0.670034 1.046483 0.415534 0.721482
0.630454 0.425844 0.779724 0.018079 0.310144 0.223606 0.887278 0.692806 0.651927 1.018641 0.496952 0.736543
0.568037 0.552707 0.694301 0.013213 0.296871 0.088912 0.904300 0.699259 0.574137 0.880419 0.411751 0.775124
0.642026 0.552715 0.787425 0.089107 0.223230 0.103516 0.892040 0.625587 0.603644 0.966734 0.400461 0.653833
0.595623 0.520252 0.829248 0.080128 0.308443 0.091934 0.913289 0.684783 0.677401 1.071784 0.410349 0.714326
0.539668 0.531591 0.747425 0.174588 0.187174 0.090072 0.913128 0.672715 0.681698 0.946840 0.459872 0.775038
0.584105 0.457140 0.784998 0.034827 0.275430 0.177569 0.926682 0.856060 0.579591 0.915024 0.434634 0.751222
0.594005 0.508738 0.747138 0.126104 0.300911 0.164231 0.850143 0.719207 0.606736 1.032013 0.365801 0.836155
0.634978 0.514710 0.706692 0.210659 0.258944 0.135982 0.883878 0.755525 0.665804 0.915066 0.436971 0.751065
0.651132 0.493006 0.773979 0.094854 0.273184 0.083443 0.941563 0.691768 0.556918 0.972162 0.400806 0.788360
0.710182 0.526840 0.751865 0.113044 0.293293 0.135671 0.925136 0.749390 0.520214 1.015431 0.421495 0.764074
0.575658 0.413789 0.625103 0.191756 0.267387 0.080336 0.913725 0.672707 0.606873 0.862166 0.443869 0.788208
0.608640 0.558410 0.803366 0.131409 0.199959 0.136276 0.904538 0.798648 0.659979 0.990374 0.462062 0.820929
0.536464 0.501490 0.774732 0.072202 0.313289 0.080531 0.863073 0.703790 0.648625 0.874001 0.463845 0.749759
0.518169 0.571638 0.837242 0.090339 0.285426 0.058208 0.918761 0.724460 0.612295 0.926732 0.474811 0.804124
0.609823 0.606469 0.716017 0.148653 0.208634 0.186614 0.874320 0.751149 0.715075 0.996735 0.602196 0.678972
0.562347 0.481261 0.837933 0.143157 0.311488 0.188301 0.867938 0.764797 0.678714 1.020114 0.376374 0.792172
0.531376 0.531982 0.758389 0.067871 0.205958 0.117537 0.845571 0.729457 0.585330 1.041783 0.406451 0.784001
0.626826 0.576545 0.730953 0.089311 0.242090 0.052937 0.877976 0.685663 0.626167 1.011554 0.348738 0.832359
0.564576 0.555329 0.753128 0.137989 0.308591 0.036480 0.960461 0.682864 0.584322 0.947208 0.438388 0.771393
0.631402 0.526914 0.777179 0.197984 0.289581 0.142858 0.854875 0.671337 0.585434 1.029280 0.318825 0.734487
0.640412 0.499601 0.723276 0.065799 0.249726 0.158777 0.933669 0.736073 0.523847 0.944995 0.474493 0.787374
0.620152 0.474870 0.778193 0.092837 0.287763 0.008504 1.034095 0.697782 0.654117 1.034594 0.414027 0.797280
0.515605 0.513625 0.656265 0.166643 0.276419 0.229144 0.847188 0.634485 0.611431 1.015238 0.403674 0.761298
0.546116 0.453721 0.807077 0.110059 0.285547 0.111934 0.861802 0.602770 0.583449 1.026916 0.364853 0.850703
0.605136 0.415298 0.812992 0.106369 0.186821 0.073704 0.913155 0.710788 0.606546 0.858531 0.429286 0.744899
0.616116 0.476391 0.725581 0.102976 0.297023 0.088580 0.921791 0.709223 0.560289 1.023249 0.490141 0.816879
0.612556 0.504374 0.703438 0.154218 0.214248 0.210144 0.892954 0.720687 0.625589 0.917911 0.407663 0.744630
0.639735 0.541440 0.718841 0.104027 0.318972 0.102448 0.868601 0.833134 0.653459 0.985326 0.410756 0.801448
0.597649 0.480205 0.628745 0.199364 0.294610 0.125900 0.863725 0.775432 0.652494 0.938782 0.395213 0.704317
0.576549 0.412368 0.724781 0.058532 0.205294 0.173568 0.974992 0.752344 0.601662 1.047011 0.387122 0.788704
0.658390 0.570079 0.734778 0.084701 0.254965 0.045807 0.827067 0.733330 0.575191 0.977112 0.422802 0.820841
0.582272 0.429580 0.661657 0.138065 0.207158 0.063952 0.911256 0.798871 0.597276 0.985306 0.492589 0.717882
0.693775 0.547008 0.775554 0.152699 0.177696 0.116764 0.863709 0.724868 0.621004 0.990889 0.522940 0.870338
0.601300 0.515572 0.826141 0.128722 0.262326 0.083390 0.879730 0.696375 0.552462 1.063293 0.300125 0.730573
0.565631 0.498279 0.630316 0.216553 0.243605 0.114203 0.849141 0.703821 0.594692 0.970772 0.446107 0.788629
0.584504 0.460397 0.641031 0.107779 0.317610 0.206432 0.946365 0.625247 0.598149 1.012518 0.433935 0.728104
0.621893 0.477142 0.758750 0.057923 0.217981 0.165202 0.874767 0.743316 0.643774 0.927748 0.485769 0.793166
0.573275 0.462572 0.781223 0.062466 0.288108 0.138766 0.931378 0.686720 0.641593 0.912422 0.520966 0.832481
0.584420 0.494715 0.746104 0.205620 0.241479 0.203483 0.977607 0.709375 0.609479 0.994395 0.441164 0.696477
0.549094 0.452191 0.780881 0.050489 0.219523 0.121599 0.816433 0.694940 0.564245 0.911049 0.432355 0.765154
0.622330 0.517132 0.766426 0.152306 0.359354 0.070980 0.875657 0.700288 0.601182 1.001905 0.426015 0.716410
0.648979 0.488052 0.639415 0.089133 0.334748 0.129995 0.887574 0.666817 0.635342 0.900446 0.420308 0.754506
0.582911 0.581034 0.775267 0.068177 0.240085 0.086916 0.820211 0.714449 0.574943 0.966978 0.349800 0.742709
0.602507 0.496076 0.726879 0.127889 0.290542 0.169157 0.952284 0.677160 0.674719 0.940661 0.456237 0.787021
0.554874 0.512942 0.768409 0.119858 0.346237 0.112252 0.746526 0.735136 0.576080 1.034524 0.422193 0.734973
0.573376 0.573948 0.807902 0.157103 0.324526 0.100151 0.918209 0.734770 0.592837 0.968974 0.411062 0.779199
0.644803 0.517443 0.808745 0.049040 0.258889 0.067475 0.914257 0.795935 0.597671 0.927977 0.460721 0.727997
0.608704 0.472260 0.779681 0.121040 0.291352 0.132258 0.892010 0.775617 0.678033 0.962470 0.498670 0.720233
0.575536 0.555133 0.800815 0.132211 0.235473 0.102187 0.997735 0.747310 0.576172 0.970689 0.431520 0.746618
0.645325 0.504764 0.708783 0.059065 0.304033 0.080071 0.865720 0.734489 0.612630 0.925836 0.457778 0.746787
0.542196 0.481416 0.810478 0.132790 0.275298 0.088407 0.963853 0.668380 0.586805 1.044070 0.401521 0.851467
0.584261 0.453144 0.746828 0.055537 0.301603 0.155182 0.843482 0.854666 0.584897 0.966277 0.444480 0.799247
0.692696 0.504975 0.788577 0.127935 0.281641 0.079528 0.860349 0.733675 0.656693 0.962417 0.404360 0.745618
0.531702 0.498587 0.652448 0.165595 0.310165 0.116412 0.889542 0.680543 0.638717 0.968298 0.440956 0.813971
0.582674 0.493451 0.915306 0.093357 0.246357 0.042833 0.965832 0.784476 0.595844 0.995387 0.477931 0.823120
0.516719 0.518113 0.685565 0.090390 0.291084 0.109859 0.873820 0.645106 0.568560 0.891708 0.434195 0.788248
0.594036 0.477356 0.749806 0.137443 0.284542 0.112487 0.894062 0.719527 0.685251 0.957334 0.418058 0.824578
0.626111 0.574489 0.744999 0.083664 0.310500 0.120063 1.008513 0.752911 0.517824 0.945297 0.475161 0.828014
0.716414 0.543239 0.686695 0.099764 0.264907 0.148525 0.854902 0.679878 0.632047 0.977834 0.589038 0.726140
0.593934 0.524009 0.755833 -0.017870 0.292059 -0.002560 0.930255 0.707983 0.628599 0.937341 0.461392 0.764849
0.650042 0.465458 0.800869 -0.017173 0.256502 0.080313 0.919734 0.701125 0.691738 0.962346 0.492053 0.818929
0.677006 0.536906 0.764932 0.141320 0.313307 0.068879 0.895627 0.698359 0.629271 0.965872 0.428046 0.743874
0.679674 0.519692 0.694690 0.123445 0.159246 0.149870 0.869034 0.749612 0.640680 0.897259 0.475717 0.782859
0.670705 0.586327 0.805977 0.140290 0.229092 0.103311 0.835649 0.697764 0.570227 0.957245 0.454014 0.723588
0.553946 0.620663 0.672672 0.115833 0.272534 0.105759 0.934640 0.780561 0.556362 0.972508 0.488376 0.873924
0.604659 0.524650 0.700154 0.092353 0.191845 0.145470 0.903413 0.742658 0.718495 1.025865 0.427478 0.700157
0.641035 0.473160 0.736699 0.102319 0.217916 0.070495 0.944638 0.644783 0.623197 0.950204 0.516219 0.855523
0.625461 0.561535 0.804760 0.121930 0.282158 0.138478 0.836216 0.738022 0.615501 0.893740 0.434121 0.700401
0.556979 0.528880 0.825060 0.060687 0.372202 0.171975 0.870786 0.732854 0.598119 0.962709 0.594586 0.752528
0.649713 0.519750 0.696614 0.117853 0.308231 0.076162 0.907231 0.703781 0.580586 0.963960 0.437355 0.734275
0.463307 0.488531 0.715938 0.028449 0.235988 0.115837 0.935221 0.694561 0.653299 0.966718 0.486581 0.802161
0.557987 0.480268 0.868155 0.002798 0.280144 0.094083 0.916610 0.778981 0.627947 0.963762 0.394802 0.766444
0.477977 0.472622 0.751936 0.033809 0.233344 0.108372 0.988632 0.711777 0.591290 1.054951 0.391303 0.865160
0.652840 0.533993 0.766732 0.065409 0.234317 0.217122 0.861582 0.794059 0.639659 1.026969 0.443517 0.763090
0.607061 0.492786 0.705207 0.027438 0.399568 0.085317 0.811859 0.717984 0.657529 1.013655 0.444945 0.746611
0.613242 0.537293 0.774001 0.083549 0.287728 0.133565 0.911227 0.677560 0.595504 0.991168 0.439215 0.865491
0.607338 0.463037 0.786341 0.140833 0.262593 0.178619 0.881007 0.681039 0.724684 1.044401 0.439393 0.855805
0.583701 0.442978 0.738570 0.129065 0.304500 0.244825 0.879196 0.802621 0.600249 0.915507 0.499736 0.705779
0.591111 0.529792 0.737691 0.168058 0.330238 0.146488 0.881533 0.686472 0.650580 0.997002 0.417125 0.896894
0.598373 0.547873 0.745724 0.091702 0.280713 0.173987 0.950736 0.607551 0.622647 0.996868 0.483188 0.636184
0.682380 0.575136 0.744049 0.010070 0.262733 0.101853 0.967575 0.745575 0.612409 0.926605 0.428205 0.668691
0.556772 0.539809 0.729027 0.147077 0.261768 0.121917 0.891049 0.693868 0.539149 1.026724 0.424700 0.751422
0.145909 0.214403 0.156859 0.434434 0.192032 0.804024 0.818835 0.733798 0.051193 0.082734 0.561796 0.278068
0.201315 0.303908 0.199267 0.408580 0.265759 0.957500 0.773680 0.685600 0.071755 0.144414 0.479932 0.158709
0.223872 0.321948 0.106247 0.493263 0.124774 0.876140 0.857680 0.627710 0.052123 0.120175 0.502062 0.250340
0.190322 0.318870 0.140768 0.469235 0.142784 0.879868 0.797958 0.696235 0.172086 0.131741 0.454944 0.237386
0.177706 0.359570 0.065390 0.461590 0.125931 0.827890 0.795969 0.743907 0.160371 0.103726 0.458212 0.242901
0.231497 0.385251 -0.037651 0.458820 0.097173 0.837454 0.779809 0.630586 0.135216 0.077514 0.437791 0.236158
0.203679 0.291672 0.117907 0.544725 0.196270 0.828560 0.777478 0.652661 0.023329 0.089524 0.587725 0.229213
0.284101 0.284202 0.088224 0.378019 0.156045 0.825619 0.715842 0.678027 0.100061 0.079848 0.472701 0.231907
0.274577 0.303190 0.059237 0.529396 0.237793 0.934657 0.831400 0.777238 0.085739 0.088080 0.494034 0.137572
0.193614 0.289468 0.159587 0.449802 0.197571 0.934133 0.775631 0.724577 0.050357 0.038276 0.471726 0.205171
0.206717 0.344786 0.166920 0.453199 0.204089 0.891902 0.883502 0.684537 0.152444 0.021147 0.617115 0.144067
0.295640 0.336235 0.134835 0.372908 0.197398 0.889593 0.788751 0.754163 0.159360 0.146370 0.499259 0.223496
0.260487 0.366841 0.129959 0.463264 0.109063 0.892748 0.831251 0.736780 0.133250 0.122406 0.574509 0.109537
0.195184 0.339169 0.076373 0.546617 0.162534 0.886649 0.808294 0.741860 0.031848 0.217375 0.518356 0.201762
0.204354 0.331564 0.077593 0.437508 0.210263 0.908299 0.852112 0.682871 0.089409 0.147217 0.583105 0.220413
0.290114 0.313730 0.151721 0.430592 0.216302 0.918112 0.791064 0.741688 0.055152 0.160383 0.566750 0.161475
0.148707 0.378801 0.082345 0.441373 0.253423 0.931091 0.865630 0.714604 0.101215 0.051419 0.399163 0.243137
0.181376 0.425628 0.016205 0.514154 0.152873 0.933820 0.769885 0.663386 0.110907 0.133841 0.560748 0.120466
0.218178 0.319668 0.119778 0.450917 0.245389 0.915145 0.836016 0.638126 0.133783 0.144021 0.482626 0.178500
0.257532 0.309668 0.122112 0.465092 0.118580 0.869657 0.916554 0.810789 0.010784 0.060736 0.528699 0.136153
0.210712 0.335753 0.082734 0.469823 0.250730 0.931456 0.858608 0.621014 0.146724 0.050739 0.518691 0.250141
0.173105 0.265500 0.067478 0.448740 0.159394 0.877636 0.798881 0.735583 0.064655 0.136830 0.426113 0.155447
0.167346 0.315688 0.161539 0.492711 0.241960 0.859637 0.858148 0.776455 0.058092 0.123131 0.553607 0.102118
0.219008 0.306864 0.094490 0.454728 0.149864 0.792966 0.843441 0.824384 0.153660 0.003973 0.525465 0.221306
0.186483 0.363779 0.032108 0.476637 0.163903 0.891796 0.806037 0.718745 0.168744 0.205189 0.504875 0.184956
0.179291 0.331727 0.066585 0.377485 0.158229 0.940193 0.779233 0.597059 0.126714 0.136346 0.630287 0.185884
0.211561 0.426496 0.043563 0.453584 0.230493 0.744076 0.843932 0.695163 0.061122 0.150538 0.582158 0.140054
0.259813 0.274270 0.078387 0.482679 0.175512 0.860726 0.826899 0.750810 0.075881 0.237376 0.430429 0.225047
0.236319 0.335959 0.102765 0.454745 0.215735 0.819405 0.892923 0.716345 0.120681 0.165154 0.514114 0.193311
0.228727 0.336862 0.113265 0.501468 0.265557 0.846083 0.820074 0.586811 0.035361 0.077293 0.579900 0.188572
0.202004 0.389846 0.185805 0.487079 0.196784 0.729732 0.877586 0.724640 0.070583 0.077635 0.467348 0.243109
0.236914 0.358948 0.137168 0.518005 0.116895 0.874135 0.878448 0.712884 0.165358 0.074397 0.544176 0.233041
0.226518 0.391214 0.122251 0.369768 0.127608 0.899551 0.836963 0.738641 0.158610 0.131139 0.394015 0.199340
0.252063 0.308616 0.044743 0.481382 0.124244 0.910665 0.756421 0.673908 0.152206 0.137899 0.386238 0.246652
0.227604 0.348345 0.120583 0.372367 0.197573 0.898559 0.817613 0.652859 0.131198 0.110479 0.492362 0.143109
0.284275 0.355768 0.078638 0.490185 0.251082 0.796474 0.774329 0.772411 0.028068 0.100749 0.477819 0.145643
0.230863 0.348059 0.067340 0.480713 0.195504 0.747786 0.840804 0.651184 0.111153 0.107677 0.570528 0.267990
0.290736 0.359758 0.127627 0.435185 0.125531 0.812402 0.913989 0.743644 0.125450 0.242970 0.503336 0.153042
0.249844 0.337499 0.050679 0.388225 0.222946 0.882629 0.832337 0.668299 0.175102 0.196862 0.478219 0.224992
0.234925 0.253240 0.160913 0.484078 0.184109 0.760169 0.854496 0.597658 0.131968 0.153295 0.567838 0.175192
0.220975 0.321409 0.032037 0.388163 0.183583 0.894495 0.781730 0.655106 0.078047 0.124134 0.540674 0.199426
0.254554 0.367784 0.072151 0.518048 0.174299 0.782555 0.877485 0.677233 0.050671 0.128855 0.521392 0.161504
0.160383 0.290418 0.168930 0.495472 0.080386 0.923316 0.877897 0.751501 0.056514 0.099955 0.441404 0.201070
0.179697 0.302373 0.018470 0.496527 0.144119 0.840868 0.777922 0.696507 0.089763 0.075979 0.557016 0.159502
0.308434 0.315467 0.102215 0.282471 0.215454 0.909924 0.796708 0.791031 0.119983 0.222149 0.390068 0.164221
0.272239 0.368185 0.005597 0.328953 0.228679 0.806995 0.784762 0.722457 0.153804 0.093249 0.478579 0.250268
0.302067 0.292714 0.094624 0.553595 0.182390 0.863736 0.755386 0.722390 0.086667 0.093173 0.445569 0.267339
0.224367 0.337105 0.083984 0.466956 0.136775 0.932054 0.748701 0.661033 0.114004 0.085535 0.518850 0.177565
0.247919 0.297722 0.110086 0.361415 0.210313 0.900206 0.738049 0.648230 0.043836 0.185753 0.498439 0.210675
0.237983 0.311118 0.135702 0.440078 0.214568 0.879088 0.856480 0.695543 0.204783 0.118194 0.531196 0.188465
0.287730 0.330833 0.072802 0.440632 0.222855 0.789781 0.742415 0.735979 0.115582 0.153100 0.540038 0.199917
0.287199 0.274152 0.003614 0.371334 0.100816 0.879399 0.727134 0.620776 0.158569 0.213603 0.627565 0.160941
0.330575 0.423455 0.064307 0.364031 0.112045 0.901207 0.841435 0.676421 0.105343 0.128299 0.503803 0.195939
0.280669 0.399761 0.143835 0.406932 0.209382 0.771518 0.852813 0.747182 0.119678 0.060260 0.419010 0.210002
0.114653 0.340221 0.109898 0.380343 0.061950 0.904008 0.758716 0.782733 0.090416 0.068455 0.510642 0.206574
0.266447 0.294177 0.189959 0.365490 0.255965 0.872517 0.823943 0.708520 0.132641 0.007216 0.560538 0.128114
0.270351 0.358299 0.103469 0.479213 0.214983 0.825535 0.799310 0.682921 0.122204 0.165844 0.483843 0.145321
0.248460 0.239438 0.163831 0.503259 0.162569 0.899766 0.814646 0.662064 0.082967 0.196831 0.512893 0.208474
0.155852 0.400851 0.119052 0.423470 0.178875 0.778943 0.796337 0.699019 0.180313 0.181067 0.557336 0.200846
0.142011 0.279900 0.076277 0.526705 0.150201 0.846829 0.819992 0.670667 0.077615 0.171746 0.522506 0.228267
0.128787 0.284245 0.180252 0.427673 0.182056 0.793214 0.883431 0.645618 0.105247 0.086153 0.550927 0.193717
0.271585 0.362597 0.089344 0.469756 0.236412 0.869036 0.754597 0.806060 0.064880 0.110981 0.498533 0.145030
0.261490 0.305560 0.069119 0.465067 0.197927 0.829664 0.894339 0.725542 0.050752 0.081948 0.551893 0.158648
0.209643 0.384563 0.118491 0.458414 0.193830 0.851565 0.820159 0.679066 0.113864 0.084653 0.598195 0.224149
0.237395 0.369229 0.057609 0.399391 0.151068 0.900049 0.799156 0.691319 0.108122 0.230470 0.526909 0.246055
0.209682 0.354916 0.130873 0.403734 0.179693 0.923945 0.833393 0.728052 0.082697 0.129549 0.390218 0.215576
0.212543 0.386230 0.040038 0.395326 0.098327 0.896673 0.738968 0.746486 0.058744 0.153458 0.565925 0.215003
0.154469 0.288947 0.063693 0.477953 0.114254 0.898972 0.784691 0.709215 0.116004 0.167542 0.507533 0.192973
0.293692 0.360412 0.077377 0.403177 0.182689 0.865385 0.838647 0.736865 0.051272 0.139204 0.519172 0.184919
0.129872 0.356950 -0.020773 0.399519 0.095527 0.916438 0.827695 0.656537 0.080836 0.131569 0.417030 0.286202
0.230916 0.292881 0.052029 0.429747 0.098987 0.875042 0.857364 0.646185 0.108259 0.044258 0.534339 0.235057
0.270173 0.239727 0.112078 0.445734 0.168529 0.911347 0.875373 0.683674 0.087674 -0.005054 0.534173 0.185501
0.245121 0.358969 0.136310 0.440771 0.134160 0.803404 0.848786 0.760008 0.096773 0.137499 0.549207 0.245701
0.237318 0.227989 0.032694 0.375431 0.246097 0.739309 0.772641 0.659536 0.139847 0.142720 0.554026 0.261816
0.241739 0.213728 0.099051 0.522370 0.110534 0.930092 0.876980 0.646118 0.107151 0.139947 0.497555 0.162330
0.161123 0.338421 0.017667 0.374578 0.284683 0.887928 0.813868 0.666490 0.123822 0.144132 0.520762 0.111843
0.178002 0.283481 0.183003 0.457522 0.160313 0.763978 0.797855 0.651503 0.075646 0.071439 0.484480 0.272836
0.231814 0.258157 0.055509 0.443148 0.242727 0.913540 0.757484 0.677495 0.117459 0.126590 0.429254 0.128715
0.252543 0.324657 0.106963 0.418822 0.185330 0.965034 0.755145 0.737413 0.148209 0.141564 0.502505 0.168456
0.259501 0.398786 -0.072811 0.478702 0.204264 0.975188 0.823439 0.819379 0.108057 0.106641 0.423921 0.195490
0.173067 0.276579 0.151532 0.471702 0.255159 0.856356 0.806778 0.626633 0.093531 0.100892 0.538250 0.227643
0.257136 0.321636 0.038727 0.480091 0.176931 0.824034 0.806474 0.761847 0.110444 0.155822 0.518785 0.167899
0.233407 0.277940 0.045396 0.355414 0.246136 0.816464 0.957594 0.664840 0.003646 0.047912 0.563442 0.245102
0.141484 0.384509 0.023425 0.388983 0.289424 0.877859 0.833257 0.734721 0.088803 0.122363 0.451617 0.173889
0.239338 0.320280 0.030910 0.310006 0.233779 0.822187 0.776521 0.726294 0.209227 0.127581 0.535542 0.155329
0.225557 0.342909 -0.011149 0.370299 0.131127 0.876145 0.845741 0.708946 0.138518 0.128506 0.542356 0.199915
0.216767 0.360457 0.143533 0.532433 0.142291 0.924561 0.825822 0.671327 0.062850 0.127121 0.465998 0.234192
0.221289 0.235757 0.146595 0.439406 0.250116 0.913620 0.859669 0.763141 0.033441 0.088672 0.494868 0.121913
0.242958 0.319647 0.042171 0.434875 0.128009 0.873983 0.797047 0.647124 0.116755 0.159526 0.546776 0.174929
0.208627 0.232805 0.086211 0.329845 0.220192 0.804795 0.744783 0.691870 0.156211 0.116470 0.534787 0.222115
0.251371 0.312815 0.132071 0.503148 0.191772 0.877291 0.774884 0.715646 0.081246 0.120116 0.593488 0.171774
0.181873 0.267663 0.110775 0.489693 0.234850 0.871527 0.809810 0.691187 0.025935 0.092981 0.564760 0.282040
0.279522 0.281148 0.025369 0.446866 0.179156 0.817104 0.795846 0.809767 0.101206 0.108616 0.474763 0.218311
0.167443 0.304164 0.078935 0.414940 0.239530 0.883618 0.812628 0.667560 0.164886 0.143517 0.451189 0.181568
0.295160 0.346268 0.229033 0.440222 0.202888 0.889790 0.731852 0.655675 0.118989 0.136257 0.522425 0.201202
0.246387 0.323210 0.148609 0.367353 0.196709 0.799619 0.841808 0.663863 -0.088356 0.151432 0.496208 0.213914
0.350010 0.383737 0.067412 0.391471 0.193705 0.879215 0.841881 0.674689 0.121823 0.032537 0.502114 0.274712
0.205757 0.331330 0.191471 0.405412 0.165080 0.944615 0.746671 0.669661 0.132758 0.105844 0.535886 0.187589
0.171755 0.399865 0.074236 0.480583 0.199166 0.866293 0.862283 0.702074 0.011786 0.116449 0.533259 0.161341
0.187413 0.407892 0.113825 0.397979 0.173891 0.970715 0.865010 0.677940 0.093374 0.027610 0.445934 0.256538
0.257859 0.369619 0.056659 0.486771 0.216419 0.854954 0.799133 0.705664 0.149018 0.142500 0.577888 0.282142
0.217075 0.247217 0.180992 0.442463 0.107139 0.856793 0.825861 0.651082 0.148303 0.089119 0.561199 0.142715
0.215715 0.302060 0.107559 0.414452 0.247022 0.903822 0.867478 0.694001 0.118519 0.135911 0.587041 0.158183
0.124627 0.191518 0.062299 0.493203 0.124359 0.886048 0.746415 0.736297 0.038891 0.119735 0.501269 0.181520
0.286384 0.341822 0.014063 0.481221 0.178050 0.920045 0.672138 0.647654 0.138032 0.161898 0.473297 0.194497
0.185499 0.251617 0.114572 0.394743 0.196530 0.807468 0.776667 0.685589 0.043554 0.064502 0.509512 0.118687
0.245347 0.325736 0.029174 0.400391 0.172227 0.887088 0.798612 0.689313 0.022763 0.126877 0.539029 0.247243
0.210406 0.397353 0.097096 0.441035 0.127592 0.838972 0.782202 0.719471 0.135820 0.122293 0.506928 0.201954
0.224870 0.347990 0.117138 0.368471 0.250704 0.849539 0.813064 0.742297 0.014328 0.165878 0.570435 0.199652
0.226506 0.250494 0.167388 0.392696 0.147329 0.917977 0.903756 0.842552 0.135305 0.098021 0.497303 0.158135
0.268856 0.334173 -0.004223 0.387120 0.185570 0.859646 0.771977 0.634991 0.055072 0.116130 0.524593 0.260240
0.200649 0.298126 0.066040 0.352427 0.240918 0.897809 0.869389 0.634427 0.012600 0.205949 0.541085 0.253176
0.329507 0.302432 0.097377 0.500227 0.186208 0.839501 0.771559 0.634492 0.042220 0.194859 0.469854 0.196475
0.201640 0.319922 0.150273 0.505053 0.198952 0.832280 0.917942 0.667370 0.102755 0.087621 0.506634 0.173827
0.274788 0.326831 0.103760 0.416082 0.207924 0.849087 0.936862 0.694459 0.118803 0.117516 0.529350 0.154202
0.264077 0.299244 0.113510 0.500502 0.167994 0.812488 0.875424 0.717176 0.035060 0.160821 0.653027 0.160139
0.232940 0.242956 0.158702 0.449471 0.151762 0.829630 0.754555 0.777906 0.154338 0.154386 0.469984 0.094281
0.226371 0.343850 0.147890 0.431504 0.115937 0.866142 0.766319 0.658409 0.120997 0.057860 0.513065 0.202079
0.211310 0.268892 0.133605 0.450963 0.069240 0.884667 0.809948 0.701876 0.145277 0.050277 0.480845 0.186705
0.152519 0.233653 0.037498 0.430690 0.168041 0.873376 0.796795 0.715025 0.043401 0.058667 0.571832 0.299031
0.266899 0.168113 0.107098 0.446196 0.194316 0.877646 0.781458 0.753092 0.034444 0.203773 0.493953 0.347898
0.351319 0.241338 0.151344 0.473790 0.224203 0.892012 0.796830 0.625740 0.083325 0.136602 0.624628 0.136642
0.305764 0.422311 0.120620 0.462466 0.220491 0.921518 0.736617 0.724485 0.061981 0.073320 0.439225 0.208598
0.189496 0.375688 0.058513 0.485261 0.164474 0.834020 0.761704 0.736456 0.064086 0.187692 0.497152 0.266497
0.180417 0.300543 0.028789 0.497312 0.153131 0.969217 0.819245 0.648467 0.078640 0.092534 0.530166 0.220689
0.246538 0.314182 0.103886 0.464298 0.152436 0.904297 0.731655 0.683220 0.071156 0.126001 0.548006 0.209360
0.236398 0.362094 0.071137 0.472310 0.147981 0.925044 0.804816 0.582377 0.007598 0.110370 0.427957 0.160814
0.262936 0.245998 0.133756 0.421984 0.163660 0.816116 0.880033 0.658548 0.070133 0.132633 0.597870 0.265411
0.239904 0.311000 0.141261 0.449795 0.182787 0.874574 0.823427 0.776659 0.129238 0.145170 0.506352 0.301246
0.195509 0.274275 0.090502 0.406392 0.228768 0.871434 0.801777 0.768578 0.172259 0.140611 0.488591 0.214965
0.300293 0.263877 0.053258 0.373198 0.184105 0.820846 0.913142 0.660079 0.147221 0.131456 0.315566 0.130336
0.190114 0.348540 0.076004 0.405690 0.162044 0.969089 0.874924 0.677966 0.144939 0.134914 0.498291 0.111607
0.221636 0.266615 0.112588 0.445277 0.181063 0.908947 0.788426 0.626017 0.136026 0.170228 0.585245 0.173838
0.226978 0.292765 0.099717 0.536871 0.227397 0.884013 0.798821 0.676086 0.028062 0.189014 0.563827 0.132006
0.189267 0.349890 0.045914 0.394209 0.206812 0.843998 0.822093 0.656053 0.099605 0.129181 0.610691 0.274060
0.231515 0.312144 0.065838 0.484206 0.220972 0.830463 0.794830 0.621780 0.033343 0.125443 0.495582 0.241559
0.298247 0.244324 -0.030713 0.420000 0.211001 0.884067 0.871916 0.633429 0.163420 0.058327 0.537807 0.155094
0.227949 0.253036 0.088724 0.403234 0.148074 0.795960 0.786491 0.643642 0.118541 0.117787 0.497146 0.104244
0.179223 0.357525 -0.005978 0.455934 0.195758 0.867192 0.819898 0.690926 0.100709 0.104021 0.504234 0.168469
0.239199 0.321342 0.131801 0.371807 0.199220 0.848008 0.789503 0.688210 0.086588 0.007992 0.534621 0.145382
0.290715 0.426815 0.090657 0.473683 0.260277 0.817277 0.781036 0.702740 -0.003542 0.082941 0.505395 0.222351
0.324194 0.312804 0.144234 0.413635 0.243889 0.829398 0.768412 0.703674 0.105796 0.136003 0.408204 0.214788
0.336601 0.374327 0.132948 0.535006 0.199794 0.917294 0.887094 0.665048 0.101966 0.170729 0.515751 0.270934
0.334015 0.383419 0.073956 0.562539 0.234232 0.857435 0.774045 0.710028 0.057668 0.098268 0.494228 0.282976
0.130142 0.311621 0.164893 0.407512 0.227628 0.862618 0.785322 0.701839 0.169666 0.062072 0.501559 0.267799
0.176622 0.263412 0.036806 0.485443 0.131298 0.920351 0.924059 0.687404 0.110413 0.092708 0.536501 0.216890
0.285630 0.373461 0.090629 0.422277 0.171578 0.836702 0.867564 0.678237 0.102171 0.169130 0.482750 0.232690
0.233684 0.325990 0.104565 0.465319 0.234754 0.934259 0.844660 0.676405 0.056747 0.139673 0.551418 0.179908
0.213454 0.320685 0.112562 0.426527 0.195017 0.861531 0.753112 0.652434 0.106642 0.127995 0.380587 0.178747
0.238333 0.346913 0.106246 0.425529 0.055594 0.814412 0.837035 0.705584 0.048848 0.128767 0.578821 0.193043
0.237160 0.391241 0.113549 0.442698 0.202246 0.892380 0.788280 0.711044 0.019582 0.106843 0.506793 0.265052
0.206414 0.395906 0.089132 0.444670 0.081978 0.821972 0.795583 0.713286 0.136772 0.074829 0.592528 0.170920
0.257234 0.359459 0.041233 0.464786 0.146816 0.858380 0.859870 0.659925 0.034143 0.053153 0.651927 0.159083
0.118203 0.350795 0.125651 0.483031 0.203426 0.844817 0.786417 0.702464 0.124125 0.112944 0.498507 0.170391
0.319345 0.182080 0.068022 0.431011 0.262873 0.792967 0.842451 0.688927 0.148094 0.107911 0.508803 0.225522
0.131601 0.331577 0.111599 0.428333 0.178323 0.885692 0.786321 0.644387 0.072029 0.086949 0.457245 0.172197
0.226081 0.365885 0.010107 0.430859 0.130884 0.781740 0.861113 0.708318 0.011946 0.103576 0.495517 0.285247
0.232379 0.318025 0.081742 0.353993 0.221804 0.875599 0.803058 0.665674 0.030429 0.020599 0.444941 0.125193
0.337185 0.355116 0.162384 0.444252 0.123492 0.851051 0.773969 0.667481 0.127131 0.141331 0.428860 0.222399
0.246442 0.332840 0.087625 0.400631 0.192471 0.912659 0.814102 0.749834 0.181626 0.171591 0.437707 0.213240
0.123453 0.315503 0.068225 0.449088 0.236981 0.850605 0.844291 0.640654 0.115218 0.112989 0.567860 0.219742
0.293435 0.293060 0.120070 0.403295 0.253422 0.883625 0.814962 0.651128 0.081805 0.155770 0.603079 0.123188
0.182876 0.297404 0.057437 0.475747 0.163309 0.799358 0.776143 0.818826 0.100978 0.133355 0.506745 0.229648
0.374805 0.340535 0.158043 0.395234 0.180120 0.859232 0.886059 0.758501 -0.050627 0.165530 0.547268 0.160451
0.183475 0.360941 0.116256 0.402363 0.197896 0.914316 0.831762 0.647696 0.103914 0.137234 0.483508 0.177052
0.214969 0.340526 0.081415 0.492139 0.082293 0.858547 0.868142 0.688231 0.115389 0.169767 0.560655 0.352669
0.253033 0.305337 0.128876 0.505363 0.189326 0.964653 0.817370 0.663564 0.153769 0.103964 0.573077 0.205285
0.162269 0.396408 0.044764 0.540882 0.118590 0.793657 0.884241 0.726920 0.064929 0.141351 0.490750 0.303079
0.131136 0.317491 0.040831 0.412086 0.054976 0.855323 0.805828 0.674695 0.120254 0.099507 0.563413 0.207573
0.225100 0.385903 0.151745 0.414885 0.160075 0.777509 0.791954 0.719139 0.160368 0.101775 0.441052 0.177905
0.311666 0.317365 0.042597 0.458603 0.229880 0.854889 0.780860 0.779299 0.127240 0.116875 0.544469 0.166529
0.176175 0.319089 -0.006430 0.419926 0.203748 0.960057 0.811314 0.609469 0.061616 0.073376 0.567177 0.226032
0.245838 0.288770 0.099218 0.343600 0.093985 0.800820 0.881421 0.738800 0.162239 0.146852 0.476322 0.168636
0.106048 0.317259 0.118048 0.406970 0.165490 0.841091 0.802355 0.718357 0.136929 0.086337 0.585194 0.231621
0.188144 0.372069 0.124731 0.434129 0.199209 0.853628 0.849766 0.649704 0.216908 0.106267 0.454453 0.240147
0.153980 0.403041 0.073670 0.462533 0.073031 0.832648 0.842251 0.657208 0.068968 0.128220 0.449177 0.267665
0.240084 0.323060 0.062314 0.416234 0.185911 0.843111 0.810192 0.598421 0.130799 0.089825 0.546049 0.221649
0.219226 0.362441 0.031593 0.524056 0.087518 0.876343 0.822564 0.783577 0.188187 0.045071 0.555007 0.191846
0.269392 0.304588 0.055253 0.476278 0.203992 0.781455 0.818315 0.746778 0.125790 0.064717 0.545320 0.239407
0.212870 0.428759 0.025216 0.437970 0.090927 0.837072 0.824069 0.716239 0.079416 0.029331 0.590291 0.208565
0.209753 0.301541 0.058896 0.436351 0.234424 0.994013 0.716010 0.685567 0.161493 0.127907 0.551905 0.205929
0.263048 0.406718 0.144907 0.368464 0.194466 0.993557 0.767137 0.728626 0.111312 0.124004 0.521739 0.237889
0.186817 0.299334 0.135030 0.457748 0.184259 0.905732 0.712637 0.686385 0.044458 0.077437 0.522251 0.214424
0.161868 0.314109 0.082062 0.430446 0.006893 0.790957 0.794900 0.674949 0.126748 0.167774 0.485165 0.117669
0.166551 0.277120 0.066690 0.440352 0.235307 0.871466 0.748376 0.653914 0.041942 0.098505 0.465884 0.243365
0.207890 0.270950 0.163436 0.403614 0.136997 0.851238 0.860179 0.664503 0.124837 0.133205 0.500401 0.160123
0.272473 0.345488 0.074544 0.294980 0.211340 0.873523 0.796086 0.741798 0.085340 0.167892 0.503641 0.093616
0.237946 0.345600 0.127125 0.365039 0.199905 0.812542 0.819753 0.697751 0.203627 0.048358 0.497333 0.128200
0.261798 0.346102 0.074826 0.465900 0.096860 0.856675 0.836500 0.778718 0.076140 0.079661 0.465170 0.247861
0.237696 0.302662 0.120181 0.508968 0.230430 0.882461 0.841710 0.655517 0.055119 0.097350 0.558770 0.248885
0.218561 0.273777 0.087607 0.476068 0.234904 0.945890 0.705296 0.693059 -0.005235 0.189312 0.452903 0.101626
0.220180 0.282607 0.052508 0.399253 0.154153 0.777783 0.843908 0.694200 0.021631 0.141022 0.613605 0.295384
0.157951 0.329904 0.166679 0.492788 0.202045 0.863268 0.794956 0.697940 -0.003423 0.132215 0.548798 0.238516
0.274521 0.383833 0.086695 0.498385 0.178042 0.752505 0.847337 0.636629 0.063078 0.146753 0.521659 0.189285
0.229091 0.299390 0.127998 0.539303 0.149933 0.921347 0.812189 0.721121 0.071346 0.046647 0.502573 0.236521
0.257157 0.372529 0.027735 0.391778 0.155423 0.872460 0.749146 0.617867 0.027225 0.151165 0.492686 0.274751
0.295127 0.357979 0.064930 0.478945 0.142913 0.844465 0.831445 0.630293 0.086347 0.095544 0.538224 0.103192
0.153949 0.288256 0.215040 0.447224 0.111043 0.913737 0.746300 0.649966 0.191419 0.105393 0.491055 0.205548
0.219808 0.303219 0.072227 0.425830 0.173774 0.836795 0.868170 0.787493 0.194973 0.139267 0.520746 0.133985
0.124663 0.286503 0.137401 0.406326 0.169464 0.925678 0.952723 0.682285 0.032449 0.142497 0.551521 0.101253
0.273307 0.399702 -0.002630 0.465666 0.224573 0.830329 0.778344 0.553157 0.189823 0.098821 0.534439 0.234903
0.174249 0.341640 0.159508 0.479629 0.228480 0.820919 0.844194 0.641504 0.127310 0.147765 0.477397 0.209067
0.147517 0.296267 0.142652 0.442443 0.165524 0.894787 0.837639 0.659825 0.110326 0.181302 0.499001 0.325486
0.220843 0.302759 0.089399 0.396814 0.192949 0.889772 0.865900 0.763260 0.123881 0.026101 0.461338 0.224345
0.206326 0.303430 0.127912 0.358241 0.151858 0.889193 0.812569 0.661062 0.027100 0.071441 0.547268 0.174794
0.209489 0.276322 0.172601 0.389179 0.177106 0.857091 0.863804 0.738347 0.087694 0.140520 0.457059 0.209093
0.309727 0.253668 0.106869 0.493533 0.236150 0.922758 0.825535 0.689470 0.115718 0.076882 0.587107 0.157468
0.277833 0.260183 0.213555 0.475832 0.172764 0.950267 0.787289 0.646528 0.079605 0.065649 0.501962 0.217697
0.164800 0.367105 0.143904 0.393917 0.163201 0.877345 0.835035 0.651738 0.136846 0.145166 0.625235 0.168508
0.263790 0.330274 0.036584 0.390444 0.182715 0.813675 0.837912 0.647259 0.172226 0.101161 0.513718 0.190746
0.143077 0.308188 0.043092 0.532446 0.184307 0.846324 0.834048 0.683978 0.110078 0.136885 0.378608 0.220395
0.249647 0.335485 0.104693 0.410163 0.219422 0.960746 0.879457 0.701521 0.003179 0.116656 0.453509 0.231666
0.190065 0.426506 0.083411 0.436846 0.148984 0.916467 0.874779 0.687985 0.073842 0.093832 0.488883 0.100337
0.238178 0.277517 0.104690 0.447809 0.195124 0.855512 0.780181 0.697703 0.106493 0.102556 0.574147 0.153379
0.189003 0.298319 0.175223 0.488783 0.217897 0.851087 0.812842 0.737407 0.052739 0.138065 0.485258 0.140284
0.243237 0.304472 0.155686 0.420695 0.164991 0.870789 0.794015 0.744008 0.020642 0.047419 0.524465 0.150351
0.271610 0.378144 0.122885 0.468727 0.131391 0.901891 0.795147 0.665604 0.166261 0.131843 0.469682 0.282730
0.203497 0.324639 0.056943 0.448115 0.202955 0.862026 0.813821 0.671772 0.143249 0.075249 0.538560 0.182856
0.254022 0.298530 0.134634 0.466384 0.119473 0.822285 0.853683 0.697672 0.201001 0.120640 0.595624 0.154360
0.154345 0.361339 0.094047 0.488130 0.172988 0.939030 0.826990 0.779981 0.232790 0.121565 0.570935 0.274023
0.239444 0.274821 0.115911 0.465607 0.252741 0.908419 0.795295 0.662053 0.136733 0.157598 0.524939 0.202428
0.172813 0.277087 -0.008991 0.370773 0.049937 0.879865 0.882689 0.666576 0.004872 0.003809 0.580955 0.244925
0.272754 0.291472 0.075606 0.458657 0.212487 0.841610 0.814808 0.645763 0.189096 0.106482 0.538876 0.280531
0.323381 0.419702 0.005246 0.449727 0.210093 0.862861 0.854262 0.658464 0.183371 0.200900 0.533668 0.137489
0.339355 0.265696 0.076619 0.447967 0.130246 0.903346 0.797970 0.681619 0.083646 0.174481 0.607527 0.175414
0.252252 0.316957 0.119740 0.511607 0.166704 0.842108 0.768555 0.668947 0.009260 0.181693 0.552160 0.154303
0.204036 0.300992 0.099671 0.529069 0.137943 0.849394 0.887917 0.651298 0.107327 0.103803 0.513301 0.199032
0.259987 0.314351 0.095124 0.420535 0.156801 0.857693 0.824782 0.681425 0.029380 0.121768 0.574063 0.245004
0.266842 0.370073 0.027580 0.456335 0.189249 0.892038 0.843239 0.638724 0.110865 0.110977 0.528694 0.146770
0.178951 0.268897 0.102039 0.469587 0.132082 0.822584 0.780424 0.699166 0.051368 0.168877 0.605333 0.182449
0.195314 0.267324 0.165461 0.511104 0.162531 0.878812 0.752490 0.650063 0.028714 0.156298 0.545577 0.196496
0.181034 0.330375 0.177237 0.418109 0.172497 0.849251 0.772365 0.697568 0.083893 0.174742 0.474564 0.177339
0.245688 0.318049 0.035926 0.510105 0.163190 0.963000 0.861693 0.691882 0.117152 0.114263 0.438487 0.181833
0.233722 0.360025 0.115591 0.437678 0.198946 0.954485 0.866845 0.718609 0.126312 0.148206 0.489766 0.273665
0.231245 0.305517 -0.009595 0.313772 0.204271 0.789197 0.782661 0.769733 0.127129 0.070954 0.480524 0.248239
0.167228 0.320532 0.161971 0.356026 0.175145 0.887276 0.848948 0.726582 0.046392 0.011558 0.493159 0.170896
0.171312 0.303617 0.077076 0.379252 0.158747 0.829072 0.813355 0.650052 0.101569 0.127022 0.475914 0.126778
0.269896 0.400487 0.070218 0.420567 0.141069 0.783055 0.844314 0.769370 0.030429 0.017806 0.602126 0.210681
0.245042 0.340037 0.063299 0.437225 0.133440 0.864356 0.837326 0.689258 0.081580 0.115759 0.502839 0.174420
0.221850 0.278184 0.150844 0.504196 0.172847 0.834043 0.774024 0.716476 0.072667 0.164782 0.481684 0.214187
0.241220 0.301515 0.148416 0.495470 0.162531 0.789700 0.774821 0.706752 0.137621 0.016171 0.555783 0.187149
0.184656 0.331279 0.010073 0.461635 0.214818 0.893780 0.744121 0.670750 0.057641 0.093699 0.597169 0.206229
0.269373 0.320586 -0.027574 0.397918 0.198850 0.963744 0.852472 0.688805 0.041898 0.180202 0.494294 0.209863
0.195797 0.379325 0.146952 0.325565 0.091512 0.894343 0.821696 0.693043 0.063106 0.051799 0.499061 0.309158
0.217190 0.258421 0.042196 0.392916 0.193554 0.897466 0.812231 0.718115 0.171131 0.077507 0.490959 0.170270
0.157133 0.257325 0.157905 0.454824 0.148355 0.854091 0.859653 0.706612 0.029329 0.106574 0.492911 0.164103
0.270923 0.317439 0.087241 0.396034 0.182717 0.803039 0.864928 0.659432 0.207287 0.108660 0.511954 0.169594
0.187276 0.327688 0.103392 0.496814 0.208382 0.900224 0.784757 0.725216 0.154859 0.135453 0.502081 0.163422
0.244965 0.375030 0.184724 0.497106 0.276649 0.782176 0.818594 0.627108 0.132115 0.154720 0.471462 0.250702
0.282065 0.331200 0.136087 0.319443 0.107213 0.907452 0.709064 0.683520 0.134166 0.239878 0.535593 0.168769
