16 12 4
0.888334 0.731019 0.004888 0.330856 0.942331 0.138941 0.204510 0.114711 0.759832 0.978689 0.810759 0.925236
0.826441 0.573066 0.014824 0.364113 0.967161 0.072614 0.143304 0.194107 0.742109 0.884849 0.821944 0.926578
0.841651 0.601581 0.051691 0.285263 0.939742 0.118455 0.199640 0.148311 0.789547 0.850307 0.835635 0.897314
0.650608 0.593720 0.395074 0.347098 0.635252 0.065242 0.932127 0.222390 0.316331 0.665918 0.810620 0.120602
0.632064 0.655492 0.262771 0.291651 0.632028 0.132736 0.986193 0.296881 0.215533 0.665952 0.819985 -0.020077
0.731111 0.614211 0.277043 0.380619 0.646349 0.100952 0.915039 0.161453 0.407272 0.864241 0.783703 0.069940
0.690260 0.602367 0.418730 0.452283 0.598210 0.137069 0.961337 0.290215 0.288475 0.635748 0.850290 0.043335
0.700150 0.547108 0.353944 0.289002 0.692980 0.161585 0.885160 0.297936 0.312180 0.756969 0.738809 0.074667
0.679194 0.672259 0.405837 0.404312 0.557029 -0.002221 0.983445 0.362038 0.289994 0.766575 0.807563 0.078388
0.032416 0.220726 0.179656 0.139857 0.363889 0.637548 0.197165 0.768361 0.249018 0.550630 0.562684 0.549693
0.056813 0.203322 0.233307 0.091565 0.287071 0.507006 0.232818 0.768510 0.193990 0.502294 0.440590 0.475608
0.107744 0.184343 0.251615 0.095531 0.296887 0.635887 0.247027 0.732607 0.235353 0.426456 0.484049 0.426136
0.669927 0.682383 0.306268 0.290673 0.581299 0.185719 0.959161 0.195270 0.264532 0.775548 0.859559 0.068200
0.637749 0.577779 0.421218 0.335416 0.594331 0.016676 0.933731 0.255125 0.284723 0.726924 0.769440 0.041284
0.578051 0.520235 0.389057 0.341668 0.594712 0.185619 1.001261 0.126326 0.282929 0.803109 0.781313 0.221365
0.691784 0.591462 0.356379 0.330284 0.688396 0.103222 0.952239 0.320156 0.258192 0.782356 0.743459 0.122031
