400 12 200
0.227155 0.693451 0.580655 0.198698 0.205733 0.910395 0.405237 0.453586 0.899344 0.309351 0.156886 0.779540
0.316798 0.653796 0.560468 0.181216 0.171100 0.818174 0.419590 0.476837 0.937134 0.271823 0.257718 0.832624
0.246831 0.735926 0.590182 0.244628 0.256293 0.908469 0.469022 0.477980 0.915354 0.348001 0.255007 0.803339
0.246617 0.721131 0.510667 0.272199 0.175632 0.843867 0.480885 0.464038 0.900096 0.349929 0.340890 0.792257
0.283242 0.692607 0.552441 0.209570 0.211294 0.842943 0.429867 0.448356 0.947279 0.354580 0.174069 0.753497
0.285103 0.690949 0.639908 0.179831 0.276926 0.839375 0.432190 0.542625 0.952303 0.405656 0.332499 0.745064
0.379368 0.707300 0.568730 0.177240 0.197894 0.831704 0.526348 0.457440 0.929938 0.358932 0.245812 0.760560
0.270137 0.669638 0.556904 0.252976 0.168513 0.904021 0.411977 0.507262 0.896257 0.414311 0.319900 0.773062
0.363850 0.594329 0.554505 0.219128 0.187818 0.878686 0.427112 0.452368 0.846214 0.327925 0.294970 0.822998
0.310044 0.644329 0.494837 0.231180 0.242134 0.896565 0.498843 0.465641 0.906472 0.355335 0.238817 0.715835
0.235393 0.628851 0.533203 0.207219 0.251885 0.841869 0.400155 0.484440 0.954004 0.308417 0.199353 0.814877
0.174617 0.706542 0.632559 0.205348 0.224350 0.764059 0.435691 0.594869 0.951290 0.263009 0.200861 0.779067
0.258639 0.721369 0.539999 0.194303 0.210466 0.874273 0.499544 0.437703 0.855730 0.343397 0.307983 0.805674
0.312485 0.719425 0.594577 0.182025 0.204486 0.893498 0.450226 0.434333 0.858230 0.330752 0.275471 0.708951
0.259903 0.762007 0.573753 0.219791 0.199709 0.808192 0.370419 0.492272 0.885560 0.338688 0.200679 0.725249
0.329091 0.772135 0.544772 0.170621 0.250425 0.880828 0.464995 0.406025 0.897053 0.245752 0.227994 0.735098
0.350351 0.669782 0.550865 0.273718 0.177407 0.875700 0.396702 0.464008 0.890580 0.275927 0.316605 0.768599
0.266863 0.744239 0.549291 0.260490 0.188305 0.883855 0.448468 0.427760 0.909258 0.345909 0.193730 0.788243
0.223377 0.693349 0.565237 0.184376 0.248813 0.880248 0.460644 0.421348 0.948096 0.299495 0.297285 0.769598
0.322380 0.664128 0.575290 0.251151 0.209256 0.827784 0.422938 0.452529 0.884271 0.279471 0.327551 0.775932
0.311755 0.698685 0.541113 0.182592 0.176273 0.849168 0.478559 0.445177 0.884540 0.413319 0.233424 0.799340
0.296066 0.714164 0.668719 0.145112 0.167903 0.754497 0.431992 0.457391 0.894336 0.273891 0.179553 0.868241
0.279702 0.606831 0.528064 0.227897 0.196120 0.837472 0.384392 0.458091 0.998472 0.345280 0.283471 0.739668
0.300197 0.671704 0.482528 0.137101 0.227982 0.826719 0.489213 0.411358 0.862798 0.301558 0.221887 0.672896
0.258111 0.719555 0.655922 0.236088 0.233261 0.821586 0.385281 0.564241 0.930096 0.304674 0.250756 0.785120
0.331687 0.740239 0.614394 0.248754 0.158142 0.860648 0.352648 0.433141 0.846453 0.381614 0.207176 0.785581
0.248571 0.652428 0.587178 0.286335 0.160707 0.911152 0.462538 0.461186 0.840914 0.401350 0.181567 0.612884
0.340826 0.632254 0.608587 0.193106 0.294579 0.836943 0.575812 0.454627 0.885209 0.247217 0.258763 0.811720
0.356145 0.681666 0.622331 0.238736 0.247549 0.856235 0.355077 0.437087 0.834322 0.420838 0.404440 0.844310
0.351930 0.653171 0.620604 0.242958 0.165644 0.918175 0.442509 0.420408 1.002819 0.379680 0.229017 0.853954
0.283251 0.700377 0.483314 0.213555 0.191685 0.911757 0.423559 0.400239 0.955924 0.293013 0.237675 0.754390
0.325267 0.752526 0.509628 0.234468 0.200000 0.860222 0.452177 0.437184 0.853560 0.369790 0.306591 0.787713
0.352511 0.672325 0.572807 0.183140 0.156349 0.875736 0.421559 0.365823 0.904614 0.289671 0.205829 0.725116
0.324818 0.753124 0.501172 0.216088 0.225926 0.759644 0.475860 0.438522 0.862677 0.313201 0.205616 0.848229
0.322758 0.757998 0.584754 0.190206 0.173848 0.748397 0.333780 0.477823 0.933824 0.443972 0.192343 0.671348
0.251859 0.682728 0.619881 0.214977 0.240812 0.763729 0.497911 0.457582 0.929773 0.219495 0.133974 0.777091
0.299773 0.721408 0.552688 0.129453 0.204288 0.846876 0.522543 0.413110 0.916409 0.378802 0.226829 0.715065
0.284532 0.682258 0.640890 0.160187 0.278702 0.872080 0.517278 0.445918 0.904286 0.333977 0.252799 0.825805
0.246433 0.696701 0.577717 0.102296 0.295525 0.900689 0.390836 0.431494 0.806858 0.315960 0.194688 0.835323
0.201044 0.726535 0.590365 0.179697 0.289609 0.851976 0.474432 0.514180 0.835667 0.264765 0.242977 0.758584
0.389284 0.716934 0.504925 0.224641 0.185768 0.880926 0.466991 0.442101 0.849635 0.311792 0.182770 0.909089
0.316047 0.751360 0.577899 0.220966 0.160555 0.884764 0.424569 0.479227 1.003222 0.293299 0.232934 0.710315
0.270427 0.732737 0.592884 0.281827 0.268575 0.856698 0.429714 0.474168 0.887351 0.316665 0.243149 0.803802
0.256390 0.686989 0.663668 0.207668 0.187560 0.877710 0.410771 0.514334 0.945664 0.306678 0.276848 0.782677
0.345831 0.757674 0.527565 0.212418 0.242167 0.895168 0.462078 0.468638 0.780640 0.309971 0.204125 0.777927
0.327681 0.778326 0.587942 0.215617 0.277581 0.990173 0.520829 0.464967 0.955783 0.283854 0.305400 0.732893
0.284450 0.689576 0.549811 0.127613 0.260898 0.889367 0.403167 0.493509 0.878888 0.335579 0.149213 0.744861
0.373365 0.694540 0.554376 0.155960 0.252648 0.849606 0.419020 0.393605 1.005797 0.323816 0.293782 0.768453
0.297342 0.766645 0.471630 0.190046 0.217559 0.806282 0.392597 0.485029 0.898628 0.358180 0.347745 0.690874
0.282257 0.755940 0.418044 0.218389 0.172659 0.975826 0.423961 0.401347 0.974990 0.372251 0.233037 0.819375
0.308710 0.644599 0.565436 0.174234 0.264040 0.959365 0.448523 0.479672 0.909357 0.301430 0.300542 0.708958
0.318076 0.674725 0.542060 0.150476 0.186172 0.847147 0.389531 0.390520 0.961574 0.371071 0.311912 0.822854
0.301334 0.773408 0.538612 0.230491 0.273022 0.796018 0.428200 0.480246 0.867528 0.374844 0.245029 0.744457
0.306284 0.720881 0.541337 0.164772 0.369158 0.790327 0.468531 0.383898 0.886751 0.201240 0.268237 0.739595
0.324452 0.690340 0.588531 0.208188 0.149026 0.852275 0.487371 0.410653 0.836792 0.287989 0.286786 0.741650
0.384339 0.757310 0.673429 0.211568 0.287198 0.870608 0.391341 0.432305 0.924362 0.381277 0.254649 0.813385
0.317383 0.689446 0.594882 0.193832 0.202768 0.829887 0.342525 0.500891 0.902562 0.317980 0.267970 0.787085
0.306601 0.679668 0.569740 0.149629 0.204277 0.865709 0.364296 0.417264 0.905623 0.328841 0.174631 0.781364
0.338356 0.663053 0.595657 0.324479 0.233225 0.809728 0.463287 0.410140 0.878738 0.302201 0.310685 0.763698
0.293795 0.574425 0.558410 0.209618 0.193118 0.831072 0.481664 0.477633 0.842061 0.349259 0.238176 0.767556
0.331702 0.677494 0.569852 0.224587 0.286426 0.840616 0.418255 0.420540 0.810642 0.253711 0.203886 0.704576
0.365519 0.670291 0.687319 0.163058 0.231660 0.909181 0.401172 0.478774 0.918582 0.377572 0.214041 0.770137
0.323598 0.660526 0.536234 0.183228 0.228669 0.951762 0.400105 0.410696 0.936701 0.298419 0.270547 0.782685
0.189953 0.719517 0.593405 0.240304 0.172418 0.923899 0.257299 0.398976 0.897234 0.158079 0.211015 0.862332
0.385872 0.659791 0.557452 0.162851 0.218379 0.799302 0.545756 0.456318 0.961039 0.242030 0.238158 0.829225
0.316766 0.667870 0.541271 0.183975 0.236057 0.862893 0.455954 0.447240 0.962048 0.327965 0.147533 0.785522
0.272653 0.658294 0.527730 0.245251 0.245231 0.864085 0.542891 0.467981 0.879181 0.353294 0.208028 0.745882
0.832563 0.442500 0.905863 0.854045 0.086252 -0.009307 0.152958 0.731533 0.441125 0.346841 0.659528 0.163543
0.850567 0.447637 0.947412 0.918214 0.028150 0.054300 0.347452 0.751729 0.406455 0.404271 0.670768 0.238890
0.793205 0.389515 0.932461 0.892872 0.084522 0.031894 0.273590 0.610116 0.391246 0.373825 0.588468 0.206854
0.780890 0.505965 0.897745 0.912379 0.110040 0.013254 0.218218 0.771014 0.478418 0.474264 0.803086 0.217527
0.789614 0.440707 1.056239 0.928754 0.043267 0.071361 0.232903 0.815465 0.455482 0.405624 0.599836 0.094526
0.736638 0.425521 0.935598 0.837780 0.039198 -0.049733 0.209865 0.722059 0.491134 0.415756 0.700632 0.092815
0.799849 0.501478 0.942813 0.896959 -0.085567 0.099429 0.200434 0.659100 0.391860 0.443833 0.568890 0.227342
0.834327 0.483108 0.952047 0.776920 0.039212 -0.005494 0.262988 0.732114 0.444309 0.522442 0.717464 0.238848
0.758226 0.429452 0.962798 0.847955 0.069298 0.080413 0.273692 0.698830 0.451504 0.390313 0.513446 0.148694
0.795965 0.430205 1.019774 0.844086 0.192064 -0.021500 0.187648 0.796423 0.519709 0.469145 0.628860 0.144436
0.745551 0.425618 1.034781 0.886590 0.020234 -0.007114 0.240695 0.729928 0.437954 0.423307 0.712884 0.137831
0.751686 0.412174 1.011078 0.859511 0.066527 0.042876 0.234609 0.751461 0.512268 0.373054 0.622844 0.178123
0.743978 0.398671 0.976128 0.938701 0.138158 -0.015920 0.304065 0.661453 0.372453 0.428462 0.632266 0.058623
0.747077 0.377299 0.940891 0.935872 0.072813 -0.025175 0.216096 0.672127 0.408558 0.414915 0.672176 0.211750
0.741471 0.407725 0.878428 0.977618 0.124913 0.028901 0.282762 0.708600 0.420157 0.341934 0.571756 0.053661
0.806125 0.449872 0.997916 0.865282 0.125730 -0.084107 0.220864 0.714407 0.369519 0.410991 0.568250 0.187715
0.826697 0.398620 0.902552 0.870682 0.085781 -0.070864 0.181378 0.698881 0.429008 0.357244 0.726969 0.124985
0.844378 0.389891 0.920252 0.939455 0.002783 -0.054170 0.210969 0.702509 0.403041 0.386361 0.543284 0.208420
0.703268 0.475702 0.976084 0.855685 0.117083 -0.024273 0.277765 0.678446 0.468049 0.333529 0.636527 0.138946
0.751248 0.412511 1.075749 0.848714 0.069469 -0.016397 0.217669 0.715268 0.446556 0.375401 0.661158 0.162458
0.729516 0.345034 0.898571 0.891576 0.075350 -0.021559 0.243435 0.745575 0.410004 0.477446 0.636246 0.187953
0.839161 0.382397 0.981295 0.931750 0.073969 -0.035158 0.248294 0.762975 0.370557 0.414792 0.691033 0.212463
0.770437 0.455119 0.996495 0.901719 0.000983 0.124263 0.216856 0.820005 0.365586 0.463049 0.649354 0.183537
0.774356 0.330729 1.037886 0.902425 0.089516 -0.060738 0.289461 0.680599 0.445932 0.376310 0.593045 0.122206
0.801302 0.357235 0.990702 0.909128 0.055724 0.007989 0.254323 0.669013 0.411912 0.393407 0.639400 0.250758
0.747036 0.466665 0.922349 0.929628 0.108381 0.052787 0.196952 0.676012 0.370146 0.476524 0.663440 0.181895
0.771145 0.292455 0.954706 0.771082 0.086789 0.077994 0.267750 0.654552 0.413649 0.407346 0.632905 0.210016
0.754769 0.444810 0.936672 0.936760 0.025512 0.020206 0.205893 0.671157 0.426123 0.471646 0.584568 0.191491
0.732380 0.455869 1.009105 0.759119 0.172722 -0.025419 0.203425 0.722910 0.449504 0.372404 0.714278 0.142782
0.787329 0.349496 0.926709 0.924711 0.086287 0.051997 0.237930 0.725416 0.432870 0.470176 0.666815 0.303135
0.730959 0.474099 0.869950 0.901478 0.033807 0.058339 0.110791 0.699576 0.414640 0.324126 0.683915 0.220524
0.795111 0.503802 0.989537 0.848418 -0.010816 -0.092489 0.214894 0.731633 0.503944 0.463843 0.684511 0.168755
0.805639 0.451973 1.031727 0.893341 0.189465 -0.045265 0.249968 0.662043 0.433911 0.420988 0.685032 0.182271
0.712025 0.419103 0.887300 0.927100 0.116182 0.042768 0.229846 0.730378 0.384998 0.450245 0.710335 0.181374
0.808451 0.446722 0.977934 0.875693 0.072756 0.046329 0.231712 0.699683 0.403521 0.422354 0.534375 0.168574
0.835783 0.318930 0.918204 0.879976 0.111848 -0.063161 0.234323 0.651189 0.470539 0.504597 0.655713 0.150617
0.816923 0.449188 1.028844 0.841767 0.017087 0.026941 0.178564 0.772605 0.386815 0.462454 0.550017 0.159078
0.789849 0.423606 0.908555 0.923862 -0.009325 0.039968 0.265474 0.648187 0.391278 0.405962 0.629371 0.149927
0.802427 0.443080 0.891225 0.926496 0.080119 -0.013440 0.191985 0.651087 0.325931 0.354287 0.639446 0.211178
0.678932 0.413522 0.982305 0.979569 -0.014637 0.108977 0.173405 0.758636 0.498123 0.540645 0.643314 0.275147
0.728831 0.400586 0.970441 0.834473 0.167367 0.051069 0.153358 0.700665 0.472239 0.480260 0.604619 0.188201
0.748955 0.378060 0.932631 0.930781 0.016174 -0.005615 0.253592 0.723149 0.446128 0.394012 0.628353 0.196476
0.740781 0.479958 0.977631 0.850981 0.106131 -0.013932 0.260396 0.734620 0.435750 0.422653 0.662517 0.225645
0.649332 0.387419 0.970492 0.858234 0.100824 -0.043405 0.281977 0.690535 0.471893 0.423039 0.584422 0.228437
0.836380 0.406714 0.994497 0.931220 0.089571 0.017008 0.212984 0.696532 0.453518 0.475647 0.578760 0.086298
0.824254 0.422567 1.013176 0.875182 0.101789 -0.026259 0.142231 0.632184 0.534217 0.315938 0.684041 0.252842
0.800896 0.333261 0.957960 0.929456 0.055535 0.025781 0.224298 0.764408 0.464149 0.376327 0.647483 0.173004
0.822812 0.446222 0.994661 0.916575 0.051802 0.059430 0.141851 0.651112 0.393961 0.524514 0.662222 0.268425
0.735570 0.408845 0.988732 0.909530 0.011804 -0.013376 0.217794 0.734898 0.456723 0.438921 0.645124 0.250357
0.751930 0.379524 0.903006 0.963851 0.019423 0.081550 0.223710 0.678911 0.505056 0.421059 0.661108 0.217150
0.807972 0.454040 1.025118 0.820385 -0.029430 -0.066406 0.213540 0.774856 0.373255 0.443520 0.589314 0.173155
0.825561 0.418087 0.930579 0.861997 0.027866 0.061085 0.206652 0.676842 0.488819 0.442384 0.660985 0.182842
0.801850 0.371529 0.925225 0.867355 0.110712 0.061491 0.334050 0.715507 0.394082 0.374321 0.652652 0.182322
0.748481 0.417617 0.903174 0.846649 0.127131 0.124857 0.186360 0.715948 0.357399 0.458791 0.573659 0.174112
0.773170 0.327643 0.897024 0.870040 0.075123 0.024049 0.291809 0.735710 0.489443 0.423746 0.695200 0.250843
0.781415 0.383598 1.088440 0.887240 -0.011731 0.047102 0.236700 0.729702 0.413320 0.382343 0.749734 0.185494
0.756970 0.436275 0.917582 0.830088 0.076418 0.042735 0.274992 0.725962 0.369466 0.402721 0.675891 0.151435
0.792314 0.415319 1.050240 0.841146 0.080740 -0.065438 0.213123 0.754753 0.452925 0.432989 0.639088 0.304971
0.764159 0.367923 1.019192 0.788562 0.001069 0.081402 0.327949 0.697582 0.472154 0.415435 0.655634 0.226641
0.860283 0.404724 1.028468 0.858677 0.069002 -0.008477 0.251498 0.830427 0.494087 0.433877 0.649415 0.273692
0.698291 0.431994 0.951803 0.922144 0.067533 -0.140754 0.250833 0.722715 0.467371 0.426729 0.584164 0.173408
0.756609 0.340362 0.936312 0.937956 -0.005635 0.008819 0.150166 0.741679 0.430209 0.295777 0.555727 0.214106
0.764677 0.428818 1.026181 0.893849 0.053427 -0.001834 0.189486 0.681630 0.426755 0.449712 0.735248 0.140454
0.720398 0.388773 0.874193 0.800128 0.043620 -0.020295 0.245427 0.720239 0.389440 0.408069 0.586003 0.236579
0.669696 0.468948 1.013176 0.936088 0.091092 0.047982 0.208193 0.702752 0.507237 0.441644 0.591899 0.211002
0.727611 0.350536 1.007857 0.902516 0.086986 0.029707 0.208133 0.735470 0.486885 0.431377 0.652974 0.287906
0.854777 0.480015 1.012349 0.860683 0.135711 -0.036939 0.222221 0.770744 0.592699 0.430219 0.640876 0.235411
0.805339 0.434230 1.012569 0.887347 0.080479 0.074703 0.282258 0.678557 0.432727 0.451765 0.683584 0.159666
0.843872 0.416581 0.946251 0.848231 0.090620 0.030329 0.188669 0.659126 0.491527 0.373361 0.547485 0.222451
0.770061 0.483500 1.004081 0.913261 0.054373 -0.040803 0.274685 0.773533 0.489455 0.300928 0.638771 0.202598
0.809645 0.438350 1.000957 0.896303 0.030469 0.023108 0.207877 0.641174 0.436611 0.392607 0.629181 0.163508
0.756502 0.415524 0.909488 0.954399 0.091824 0.144832 0.204480 0.746505 0.452848 0.357318 0.603397 0.263665
0.785449 0.388390 1.075071 0.933918 0.032219 0.048994 0.241817 0.747171 0.434339 0.424045 0.633045 0.199091
0.836375 0.408924 0.966693 0.888843 0.001131 -0.084585 0.272445 0.729625 0.397868 0.405914 0.580916 0.256205
0.772771 0.420291 0.938544 0.863979 0.045712 -0.011018 0.228755 0.790421 0.478022 0.370534 0.594661 0.246332
0.777655 0.469761 1.005918 0.834213 0.065473 -0.061968 0.275303 0.728720 0.397190 0.508183 0.652381 0.206494
0.739493 0.369915 0.963596 0.860054 0.161964 -0.020380 0.253213 0.766490 0.460115 0.376724 0.625658 0.165320
0.800731 0.369177 0.908955 0.962803 0.082803 0.014672 0.259653 0.751256 0.396750 0.455936 0.732663 0.192796
0.869965 0.352246 0.985509 0.855875 0.127197 0.084244 0.164842 0.766090 0.454771 0.484667 0.603397 0.173295
0.842572 0.433071 0.916389 0.913894 -0.032863 0.007464 0.321739 0.661651 0.394654 0.527032 0.678350 0.182856
0.789535 0.384144 0.920520 0.942572 0.061255 0.031219 0.192325 0.668125 0.380288 0.334608 0.659873 0.209884
0.727876 0.386950 1.016641 0.847211 0.039562 0.038837 0.143211 0.754645 0.462760 0.384010 0.705776 0.169968
0.771012 0.403964 0.933157 0.890153 0.001817 -0.051939 0.263081 0.662733 0.477825 0.321951 0.601365 0.254083
0.766129 0.447572 0.989989 0.997192 0.072200 0.096015 0.246734 0.594504 0.460380 0.380660 0.616085 0.078684
0.747428 0.409423 0.996741 0.857906 0.064805 -0.038099 0.326359 0.719458 0.412392 0.469426 0.598471 0.114630
0.813084 0.450860 0.928333 0.846626 -0.044688 0.038922 0.117162 0.753883 0.430957 0.396782 0.620152 0.264343
0.730358 0.439781 0.938675 0.891547 0.110629 -0.037644 0.204963 0.747187 0.495340 0.448977 0.569164 0.220899
0.753410 0.465675 0.993530 0.866345 0.093101 0.048455 0.205861 0.702498 0.425581 0.467360 0.619578 0.157488
0.762135 0.393939 0.890743 0.950753 0.092726 -0.076725 0.070556 0.681035 0.422216 0.432128 0.692276 0.210700
0.838997 0.380791 1.003661 0.849914 0.061094 0.024795 0.248331 0.763312 0.451583 0.348702 0.633099 0.278619
0.766305 0.453078 0.997958 0.916206 0.092897 -0.094210 0.213468 0.728685 0.477364 0.411880 0.668993 0.183537
0.770807 0.441832 1.000049 0.798037 0.047198 -0.023665 0.307861 0.704248 0.389686 0.306850 0.583459 0.244834
0.791670 0.376530 1.072941 0.838087 0.078598 -0.101937 0.188114 0.811023 0.385745 0.435187 0.549202 0.178528
0.761974 0.450361 0.987154 0.883858 0.129465 0.060940 0.203201 0.644242 0.408219 0.503141 0.692050 0.190708
0.734744 0.370641 0.994480 0.862246 0.042962 -0.103026 0.164877 0.666127 0.453575 0.345001 0.694011 0.219157
0.765486 0.480992 0.997381 0.865665 0.009734 0.072779 0.201648 0.753097 0.391130 0.454548 0.659732 0.096951
0.756318 0.344099 1.001637 0.918303 0.074957 0.055722 0.167630 0.724619 0.429439 0.456350 0.544436 0.212257
0.804157 0.432924 1.031120 0.919003 0.090797 0.049559 0.166980 0.769454 0.455948 0.396575 0.647373 0.113774
0.747945 0.465394 0.937267 0.943969 0.060673 0.013327 0.183972 0.659180 0.500704 0.346296 0.562008 0.099108
0.796812 0.435124 1.004935 0.878227 0.095307 -0.047513 0.222075 0.646609 0.501517 0.529796 0.668148 0.249153
0.763991 0.415919 0.973968 0.887046 0.159229 -0.015963 0.226431 0.698363 0.433509 0.529197 0.679138 0.090800
0.739079 0.424258 1.034986 0.885057 -0.003135 -0.001745 0.149366 0.695600 0.413080 0.439124 0.630121 0.190332
0.842690 0.377832 1.011617 0.864684 0.185142 -0.041018 0.209538 0.660419 0.561787 0.411526 0.678047 0.196959
0.776613 0.498501 0.971102 0.952464 0.030319 0.023178 0.275615 0.668620 0.412084 0.407757 0.648877 0.237802
0.776298 0.478031 0.902468 0.819224 0.076732 -0.032369 0.203382 0.758653 0.441763 0.480635 0.636049 0.206057
0.864320 0.434122 1.017733 0.903703 0.071743 0.103649 0.273300 0.669424 0.482029 0.355987 0.663268 0.191887
0.772102 0.467342 0.991816 0.850256 0.078561 0.020939 0.170038 0.725143 0.470507 0.402504 0.609146 0.187946
0.787330 0.318874 1.001518 0.848399 0.046362 0.019682 0.195995 0.744389 0.503858 0.460566 0.551811 0.133552
0.757431 0.374089 0.981871 1.007119 0.051326 0.070271 0.264659 0.649647 0.472348 0.421720 0.521552 0.164990
0.856418 0.399303 0.997669 0.839748 0.120408 0.067748 0.217282 0.751389 0.438702 0.468408 0.592499 0.169543
0.735693 0.483226 0.915896 0.851970 0.144077 0.000308 0.219266 0.663101 0.358963 0.348534 0.679980 0.049791
0.692467 0.414004 0.972407 0.860333 0.086431 -0.062192 0.143887 0.646702 0.385277 0.371725 0.666313 0.196602
0.782446 0.360755 0.966546 0.999998 0.087675 -0.014914 0.216205 0.680411 0.488742 0.385141 0.568157 0.237821
0.708124 0.517759 0.927983 0.856864 0.076809 0.051484 0.235301 0.728840 0.469013 0.407931 0.665470 0.249328
0.694583 0.347434 0.948305 1.007403 0.116777 -0.048815 0.204637 0.681297 0.461877 0.400453 0.629330 0.122907
0.730609 0.428322 1.052262 0.856524 0.075893 0.059017 0.254771 0.654505 0.466896 0.301908 0.635834 0.238375
0.765422 0.437955 0.901893 0.854669 0.071671 -0.056013 0.304854 0.622171 0.464945 0.349960 0.659878 0.127024
0.755629 0.430135 0.921564 0.834496 0.161125 0.075564 0.226653 0.715808 0.373456 0.443220 0.701182 0.159227
0.765999 0.493630 0.985654 0.898546 0.113467 0.057141 0.195919 0.796749 0.539190 0.419047 0.662286 0.278597
0.816657 0.477492 0.995197 0.847342 0.074877 0.028426 0.213218 0.752206 0.507825 0.380354 0.699873 0.189825
0.775184 0.511968 0.926219 0.890715 0.067994 -0.001016 0.268900 0.644579 0.456818 0.485461 0.543516 0.174512
0.764654 0.449343 1.018405 0.964338 0.060030 0.073947 0.297319 0.723167 0.505598 0.461943 0.680153 0.208820
0.763025 0.494714 0.983543 0.922982 0.146830 -0.046570 0.293723 0.716524 0.323017 0.365152 0.604507 0.179556
0.714466 0.438483 0.973212 0.857333 0.058542 0.056464 0.263570 0.668622 0.422935 0.383081 0.674760 0.206489
0.753973 0.465093 1.018158 0.914037 0.080980 0.003210 0.212727 0.653380 0.405042 0.411122 0.578754 0.215091
0.716752 0.449262 0.980588 0.864899 0.055913 -0.010889 0.170167 0.665674 0.329460 0.405192 0.576572 0.162323
0.766058 0.479669 0.879551 0.824628 0.063800 -0.023983 0.196495 0.741897 0.416016 0.427085 0.666031 0.236743
0.655818 0.413002 0.985470 0.767985 0.039876 0.003374 0.145572 0.709912 0.443468 0.367142 0.741815 0.181079
0.775971 0.426877 0.921750 0.893031 0.061865 -0.037374 0.234247 0.615659 0.371829 0.463981 0.597580 0.247471
0.785662 0.387003 1.049734 0.883205 0.127165 -0.004184 0.215280 0.656053 0.383361 0.444140 0.569728 0.269178
0.792947 0.382249 0.896654 0.951461 0.104823 -0.043968 0.282724 0.782771 0.454391 0.429819 0.670127 0.242522
0.756651 0.367206 0.987688 0.883799 -0.023376 -0.025070 0.260643 0.744731 0.504202 0.405230 0.572765 0.259284
0.749833 0.468879 1.004268 0.875903 0.116540 0.023268 0.263382 0.786316 0.420080 0.428639 0.661187 0.144358
0.749741 0.435826 0.940961 0.925473 0.062100 -0.018601 0.187808 0.691906 0.430553 0.427962 0.644971 0.270035
0.731535 0.366064 0.030632 0.157943 0.354610 0.015359 0.934407 0.309356 0.883842 0.673635 0.261940 0.575662
0.648582 0.278792 0.084013 0.001395 0.418031 0.007316 0.923790 0.256460 0.818947 0.637205 0.363670 0.547381
0.627720 0.310124 -0.028745 0.153990 0.354244 -0.006939 0.959157 0.324196 0.807219 0.750464 0.211474 0.598864
0.684240 0.355831 -0.056663 0.083025 0.344410 0.125788 0.887521 0.260005 0.860588 0.657006 0.257889 0.539354
0.621207 0.273967 0.023727 0.046972 0.438799 0.097754 0.952004 0.283381 0.828352 0.751136 0.246329 0.592571
0.729442 0.289193 -0.050862 0.022918 0.385542 0.062084 1.044667 0.263911 0.853534 0.697628 0.332680 0.544305
0.741361 0.296190 -0.020080 0.027621 0.338087 0.053983 0.996480 0.280494 0.792309 0.780571 0.237458 0.476887
0.685151 0.346929 0.060792 0.051439 0.431812 -0.007874 0.959637 0.308726 0.882719 0.792162 0.265704 0.610379
0.640546 0.300493 0.024398 0.038074 0.436407 0.104224 1.013370 0.361558 0.935605 0.751281 0.242270 0.552638
0.692572 0.326845 0.015110 0.058003 0.391883 0.079229 0.981896 0.329783 0.756354 0.715697 0.281334 0.569777
0.650869 0.345933 -0.016387 0.035909 0.408658 0.016494 0.957248 0.350741 0.883141 0.696771 0.284752 0.634778
0.671916 0.239236 -0.062460 0.060660 0.467682 0.043269 0.994911 0.310522 0.726181 0.701574 0.298384 0.518158
0.731796 0.295437 -0.030083 0.050729 0.452647 0.090219 0.935306 0.267149 0.902065 0.711621 0.268695 0.596748
0.666623 0.209565 0.039466 -0.001212 0.294106 0.007449 0.992048 0.360797 0.866731 0.742274 0.231940 0.494237
0.748567 0.308722 0.021739 0.061979 0.436964 0.113846 0.976804 0.348941 0.739820 0.616725 0.257010 0.574635
0.632126 0.357745 0.019473 0.057087 0.388505 0.076101 1.034957 0.348984 0.852455 0.615401 0.277582 0.654836
0.684304 0.280006 0.057290 0.083790 0.357386 0.096996 0.949293 0.413614 0.799210 0.755121 0.353334 0.588405
0.673058 0.360408 0.031582 0.091756 0.313809 0.042237 0.908050 0.331443 0.773221 0.686169 0.285037 0.468921
0.670399 0.233719 -0.029298 0.098549 0.389909 0.050436 1.022136 0.295660 0.907134 0.751715 0.352711 0.518092
0.694830 0.258198 0.018383 0.004331 0.319678 0.039816 0.932145 0.307915 0.741601 0.647734 0.274841 0.518231
0.750966 0.259143 0.049703 0.101786 0.413507 0.054747 0.942249 0.431851 0.835437 0.797046 0.310882 0.578826
0.723511 0.225231 -0.022827 0.032298 0.329651 0.018650 0.910289 0.364860 0.920576 0.688218 0.298664 0.541620
0.646109 0.239113 0.004789 -0.054258 0.339111 0.038075 1.000112 0.407370 0.740130 0.710418 0.227650 0.626230
0.572633 0.255635 -0.008166 0.070861 0.421232 0.082064 0.966766 0.275904 0.745322 0.750820 0.414144 0.476932
0.675961 0.260678 0.057201 0.183336 0.336013 0.062195 0.975477 0.327658 0.878030 0.656562 0.370330 0.579502
0.686532 0.183596 -0.051052 0.101010 0.378162 -0.001715 0.944457 0.339801 0.854588 0.742356 0.295829 0.564277
0.748778 0.275872 0.017810 0.085816 0.401581 0.122009 0.937434 0.337012 0.821452 0.732591 0.311255 0.549336
0.738143 0.176739 0.032871 0.006363 0.425385 0.030771 0.973816 0.294156 0.769994 0.731933 0.299342 0.539375
0.716972 0.307893 -0.072476 0.122784 0.458262 0.009748 1.008127 0.409510 0.865588 0.669342 0.267764 0.605739
0.739959 0.318231 0.032601 0.058623 0.355006 0.051377 0.921837 0.284506 0.893269 0.709935 0.287846 0.571584
0.733616 0.306964 0.087939 0.067670 0.385154 0.028374 0.965212 0.367485 0.796141 0.727621 0.259662 0.624065
0.687161 0.236047 -0.036602 -0.024290 0.338882 0.052131 1.005456 0.344367 0.827282 0.672217 0.327205 0.645634
0.606827 0.337240 0.094869 0.031127 0.415603 0.069527 0.946395 0.346359 0.932775 0.706217 0.356483 0.509453
0.653731 0.281855 0.078711 0.099352 0.347101 0.006156 0.997477 0.270433 0.808728 0.745569 0.309451 0.521595
0.736454 0.301541 -0.011676 0.086669 0.427173 0.094745 1.036015 0.316065 0.780513 0.726944 0.352811 0.556816
0.684597 0.138640 0.046369 0.024152 0.372908 0.054791 0.917357 0.442098 0.781663 0.713904 0.294811 0.528836
0.716070 0.281074 -0.018119 0.125343 0.390959 0.093357 0.959306 0.291957 0.843420 0.757001 0.266654 0.618652
0.737728 0.296379 0.050688 0.129421 0.386339 0.042779 1.008021 0.279920 0.923032 0.625005 0.335741 0.643478
0.715517 0.170895 -0.024508 0.040013 0.362738 0.062498 1.053982 0.327321 0.806646 0.703862 0.345825 0.587075
0.731280 0.307729 0.067406 0.079542 0.272380 0.043428 0.963126 0.351805 0.795158 0.719555 0.320080 0.643998
0.720042 0.268523 -0.028761 0.148397 0.372357 0.061496 0.971374 0.217152 0.809339 0.660008 0.249961 0.602088
0.803636 0.333092 0.030266 0.003577 0.293764 0.001424 0.966487 0.315993 0.901419 0.829607 0.352464 0.634033
0.693507 0.271787 0.044039 0.078824 0.403292 0.041207 0.996149 0.330893 0.828931 0.663500 0.231851 0.565049
0.769756 0.278191 -0.037705 0.055646 0.447947 0.059798 1.060132 0.284465 0.845696 0.665347 0.363484 0.540751
0.658021 0.270589 -0.065961 0.144320 0.422205 0.085451 1.080431 0.267555 0.898396 0.789309 0.179221 0.514127
0.759022 0.248199 -0.043001 0.032002 0.320791 0.023342 1.027713 0.226357 0.798401 0.717656 0.320467 0.504762
0.646019 0.229834 0.032833 -0.016136 0.380132 0.091843 0.939323 0.341094 0.854083 0.633058 0.353497 0.542186
0.716656 0.240371 0.000803 0.058945 0.458057 0.004278 0.972898 0.332948 0.750298 0.669599 0.285039 0.671332
0.648798 0.302469 -0.022536 0.037613 0.273838 0.082103 0.993310 0.333673 0.840721 0.769771 0.308573 0.496586
0.750313 0.216273 0.001483 0.012786 0.372904 0.090399 1.050080 0.340907 0.742211 0.628158 0.303328 0.617057
0.721322 0.221340 -0.045895 0.079803 0.400007 0.054391 1.058599 0.350468 0.753456 0.683942 0.319255 0.571082
0.622722 0.327638 -0.018301 0.080586 0.393415 0.053868 0.966756 0.368103 0.871463 0.725688 0.185738 0.549353
0.667506 0.215020 -0.047440 0.119686 0.453182 0.110162 1.039306 0.251539 0.800438 0.666990 0.275678 0.556337
0.664629 0.170719 -0.000110 0.183812 0.433341 0.139614 0.959653 0.320299 0.901023 0.676996 0.334661 0.657167
0.671909 0.249403 -0.067885 0.057341 0.354519 0.030319 0.988577 0.361262 0.844564 0.797752 0.280598 0.642389
0.710565 0.392685 -0.014751 0.156360 0.467855 0.090455 0.960259 0.271868 0.808918 0.708967 0.285312 0.561101
0.651308 0.214920 0.027467 0.068098 0.380820 0.065238 0.988761 0.276106 0.839594 0.675636 0.260176 0.514951
0.725146 0.224734 0.048352 0.054227 0.348776 0.090115 0.983332 0.346425 0.857947 0.712154 0.304317 0.584825
0.688887 0.277190 -0.130769 0.075224 0.366072 0.066847 0.976460 0.339447 0.817698 0.602795 0.271072 0.557300
0.684143 0.251980 0.000830 0.233123 0.339279 0.092258 0.916318 0.302653 0.767474 0.622970 0.281430 0.599163
0.671582 0.221581 0.005426 0.071728 0.355499 0.136058 0.959741 0.343319 0.867914 0.673091 0.211614 0.533922
0.739007 0.239756 0.069077 -0.011844 0.406313 0.028857 0.951213 0.364470 0.834621 0.657488 0.365590 0.577411
0.665335 0.298256 0.047736 0.042137 0.465336 0.028521 0.952215 0.242796 0.834734 0.806249 0.181371 0.533566
0.753188 0.191435 0.020564 0.016650 0.427103 0.087517 0.971775 0.302794 0.788213 0.718059 0.395681 0.571479
0.727660 0.247664 0.070244 0.120282 0.383849 0.104284 0.949030 0.376393 0.863908 0.719113 0.372513 0.498775
0.559816 0.301088 0.008139 0.048947 0.453704 0.040316 0.884169 0.343421 0.883708 0.708144 0.322814 0.511654
0.695284 0.223881 -0.064162 0.010075 0.481826 0.011363 0.871584 0.359706 0.822453 0.727413 0.277563 0.590097
0.760708 0.464674 1.057961 0.926936 0.105384 0.033788 0.235468 0.728624 0.397669 0.402286 0.601610 0.166306
0.846866 0.515952 0.953573 0.929512 0.046659 -0.121172 0.196023 0.746091 0.336157 0.483357 0.645076 0.212642
0.751527 0.380696 0.989874 0.894602 0.058821 0.005957 0.207068 0.636594 0.330876 0.363340 0.744943 0.145208
0.889441 0.361805 0.968044 0.930256 0.104354 0.072366 0.319985 0.667555 0.420916 0.441535 0.695488 0.188592
0.846379 0.417446 1.037759 0.896092 0.056162 -0.022442 0.324996 0.734876 0.411074 0.406311 0.704700 0.259732
0.853414 0.319808 0.907956 0.817270 0.042433 0.010283 0.163064 0.750738 0.449519 0.350984 0.592637 0.219779
0.745329 0.451856 0.937976 0.870136 0.057237 0.038449 0.239238 0.692111 0.429368 0.409191 0.635853 0.202581
0.726074 0.485706 0.954716 0.861887 0.133360 0.005593 0.250564 0.729130 0.443004 0.352358 0.544496 0.221257
0.820002 0.386143 1.008709 0.800793 0.045824 -0.038185 0.335896 0.702321 0.472032 0.315491 0.612622 0.269405
0.719418 0.425640 0.933923 0.980957 0.076394 0.024657 0.274082 0.629130 0.440479 0.495072 0.705604 0.173787
0.830468 0.427391 0.983030 0.942582 0.025474 0.107418 0.290207 0.821612 0.474442 0.457610 0.687047 0.170695
0.660373 0.445155 0.973426 0.883994 0.060255 0.014051 0.203221 0.711995 0.385362 0.387159 0.652688 0.272425
0.756792 0.450924 1.036011 0.900182 0.135858 0.017336 0.187081 0.778055 0.556963 0.410628 0.673406 0.209254
0.772339 0.368660 1.012564 0.891256 -0.022238 -0.095108 0.265978 0.779890 0.392209 0.396667 0.632109 0.155912
0.713539 0.404619 0.960136 0.840796 0.084460 -0.050442 0.306452 0.705026 0.417708 0.497822 0.652663 0.076441
0.629472 0.403604 0.981562 0.840846 0.064839 0.041443 0.249677 0.635530 0.423222 0.355115 0.586167 0.089478
0.797211 0.486269 0.943912 0.930052 -0.044492 -0.021434 0.261073 0.713730 0.433360 0.397089 0.646521 0.177666
0.848544 0.399801 0.899890 0.805784 0.078651 0.024586 0.143540 0.760306 0.398845 0.455736 0.570870 0.170439
0.693340 0.486918 0.982197 0.876581 0.097101 0.024367 0.268933 0.662685 0.379106 0.481824 0.698318 0.230965
0.858211 0.449237 0.912604 0.902634 0.082495 0.026220 0.249521 0.647012 0.385744 0.473602 0.641768 0.268225
0.762529 0.409803 1.008712 0.842870 0.056142 -0.007572 0.377329 0.727318 0.523958 0.457966 0.682679 0.244174
0.758256 0.427792 0.984930 0.860624 0.184761 0.022339 0.186470 0.706867 0.395181 0.434748 0.625991 0.110193
0.687688 0.366945 0.957197 0.926971 0.064055 -0.036319 0.271673 0.717297 0.465118 0.394035 0.610029 0.222546
0.802538 0.459542 0.982876 0.812040 0.121217 -0.001602 0.221173 0.641883 0.391330 0.428069 0.667735 0.036696
0.773620 0.365871 0.999828 0.888954 0.096699 0.017234 0.212195 0.769741 0.387887 0.420381 0.613403 0.226067
0.789392 0.426990 0.928871 0.904335 0.083421 0.044744 0.260874 0.677277 0.459682 0.490418 0.653382 0.216675
0.810248 0.442234 0.883190 0.916780 0.043885 0.061830 0.199049 0.694404 0.253348 0.360000 0.584821 0.222849
0.726461 0.349589 0.969223 0.923090 0.057816 0.012538 0.199928 0.727388 0.384388 0.343052 0.596036 0.175934
0.817322 0.453002 1.041988 0.975409 0.028306 -0.011795 0.264557 0.718387 0.461770 0.392905 0.667212 0.085488
0.818329 0.389391 0.902607 0.925197 -0.003438 0.081240 0.279560 0.723381 0.475058 0.429060 0.591467 0.170099
0.747615 0.413144 0.926046 0.901123 0.101243 0.023911 0.231023 0.745113 0.415028 0.411095 0.742647 0.128816
0.822337 0.410602 0.943949 0.904177 0.065565 0.013984 0.197548 0.649705 0.333389 0.240929 0.708797 0.215105
0.784589 0.446757 1.038276 0.872898 0.030749 0.036900 0.257728 0.693047 0.380522 0.391096 0.619730 0.269460
0.731830 0.351191 1.015396 0.886197 0.020308 -0.052170 0.236379 0.656654 0.436018 0.379442 0.523598 0.162149
0.752859 0.415499 0.927254 0.836732 0.152200 0.026486 0.248290 0.540117 0.509801 0.417414 0.607270 0.131060
0.717758 0.425203 0.989483 0.844861 -0.005743 0.003697 0.336853 0.726839 0.544491 0.493115 0.626061 0.237785
0.688354 0.475649 1.093857 0.906702 0.030271 -0.066565 0.191394 0.787069 0.445140 0.420751 0.621024 0.248538
0.798654 0.460917 0.990605 0.954152 0.068772 0.011594 0.360173 0.705189 0.492033 0.426655 0.602582 0.262669
0.709844 0.386329 0.976623 0.865153 -0.007366 0.003493 0.286490 0.826389 0.443556 0.364766 0.673341 0.194392
0.780390 0.388126 1.005821 0.853299 0.072484 -0.026986 0.269544 0.694527 0.407459 0.481609 0.617871 0.240270
0.785395 0.368684 0.962959 0.899622 0.044094 0.012923 0.233885 0.712726 0.355877 0.482653 0.612504 0.183677
0.709216 0.466409 0.872997 0.808396 0.029094 -0.117051 0.252619 0.691182 0.476721 0.417144 0.673725 0.223105
0.703622 0.445813 1.006631 0.951872 0.046254 0.011146 0.172280 0.715554 0.457523 0.403260 0.650132 0.096153
0.859759 0.462108 0.987256 0.819365 0.109155 0.061861 0.154622 0.692400 0.442093 0.371666 0.625343 0.196861
0.676748 0.389358 0.968287 0.901978 -0.019817 -0.027735 0.181589 0.719200 0.453103 0.279578 0.705409 0.118917
0.720411 0.491946 1.016857 0.894453 0.156717 0.039574 0.207943 0.696093 0.450211 0.479591 0.631760 0.237448
0.817247 0.432858 1.007953 0.890047 0.086261 -0.056876 0.273205 0.738361 0.413363 0.394646 0.644149 0.238113
0.666932 0.410500 1.020473 0.830683 0.049186 0.073376 0.180276 0.741098 0.460604 0.448106 0.726109 0.193663
0.904130 0.420481 1.029156 0.808965 0.105258 -0.052453 0.307686 0.719983 0.527645 0.467590 0.626101 0.161577
0.761738 0.430565 0.981441 0.874723 0.165109 -0.048401 0.260662 0.709174 0.399554 0.407499 0.656223 0.261607
0.768230 0.501322 0.895605 0.750219 0.138741 -0.010986 0.178712 0.692332 0.397226 0.397129 0.621686 0.157639
0.864701 0.475564 1.039574 0.910367 0.084523 0.072192 0.235084 0.797264 0.423122 0.525407 0.657721 0.184067
0.767244 0.451058 0.979389 0.923063 0.133887 -0.052994 0.116886 0.737516 0.439071 0.476188 0.735054 0.203323
0.815710 0.316697 0.976991 0.870920 0.045397 -0.020026 0.232088 0.741195 0.407504 0.363987 0.638945 0.161707
0.819425 0.409926 0.979167 0.918575 -0.049263 0.072398 0.164070 0.657294 0.458190 0.397227 0.662501 0.191526
0.732324 0.377101 0.996824 0.816064 0.062264 0.003626 0.305030 0.762365 0.469358 0.433520 0.620736 0.218084
0.729204 0.388130 0.998433 0.864986 0.083150 0.037027 0.303780 0.679767 0.419749 0.441963 0.618294 0.254005
0.843310 0.389442 0.991119 0.899365 0.061476 -0.067124 0.152296 0.745563 0.463631 0.416939 0.663004 0.095124
0.686994 0.373093 0.969695 0.940418 0.024954 0.039085 0.237067 0.740691 0.402638 0.469725 0.649450 0.217381
0.849223 0.450658 0.965867 0.911627 0.071196 -0.026079 0.293368 0.703563 0.253477 0.361831 0.787502 0.227798
0.824312 0.457641 1.027223 0.826363 0.074853 0.010606 0.314184 0.707183 0.366601 0.404486 0.564281 0.155890
0.836664 0.369030 0.908625 0.873332 0.046707 0.053280 0.116594 0.770552 0.350515 0.470876 0.687255 0.254639
0.728245 0.422303 0.921113 0.943925 0.084035 0.043702 0.142742 0.795466 0.437318 0.448306 0.673811 0.111349
0.667768 0.475907 0.920233 0.797493 0.096247 0.068741 0.311935 0.757510 0.478215 0.489130 0.625276 0.094654
0.762863 0.486865 1.015791 0.916297 0.007611 0.056018 0.233003 0.721975 0.439492 0.388549 0.653991 0.186433
0.845883 0.387224 0.891451 0.831937 0.081812 -0.070295 0.244891 0.712989 0.496919 0.350894 0.694863 0.165705
0.767393 0.435276 0.921108 0.939617 0.008094 -0.030065 0.197842 0.677522 0.516969 0.382080 0.623796 0.217600
0.803269 0.454869 1.030674 0.934793 0.074188 0.031238 0.179753 0.721143 0.414804 0.465043 0.734508 0.156711
0.798692 0.427726 1.002014 0.821692 0.087759 0.046082 0.253343 0.844523 0.513221 0.367522 0.653280 0.157210
0.736977 0.394729 1.105147 0.767124 0.075462 -0.059472 0.287159 0.744903 0.278235 0.442839 0.648454 0.203332
0.793385 0.419660 1.046744 0.943679 0.097839 -0.077239 0.259561 0.788314 0.426749 0.453545 0.550236 0.158599
0.805477 0.386618 0.906366 0.850553 0.044887 0.067268 0.283782 0.692876 0.473488 0.424642 0.706611 0.145442
0.675695 0.449422 0.995398 0.903274 0.116642 -0.021300 0.262162 0.624368 0.432959 0.431527 0.621207 0.138868
0.770566 0.432781 0.984437 0.903184 0.029295 -0.060851 0.179614 0.733158 0.413596 0.404411 0.649803 0.208519
0.767023 0.496272 1.006108 0.811715 0.082926 -0.029062 0.226085 0.774043 0.419612 0.394624 0.643064 0.218691
0.767072 0.454629 0.925681 0.746863 0.012752 0.007050 0.203377 0.708180 0.557116 0.323809 0.647486 0.225086
0.744315 0.385501 0.981097 0.898011 0.071227 0.044700 0.360226 0.666901 0.423382 0.377931 0.664610 0.111807
0.740660 0.448899 0.993268 0.979371 -0.021916 -0.054258 0.128863 0.684984 0.428024 0.508062 0.587630 0.126297
0.748156 0.475441 0.937277 0.925293 0.031471 0.039383 0.141658 0.708809 0.370711 0.334829 0.576391 0.145864
0.836103 0.363108 0.990155 0.937940 0.142295 0.000121 0.317202 0.680273 0.344674 0.522915 0.589394 0.186240
0.711149 0.408083 0.998142 0.908884 0.112739 0.060537 0.249221 0.691643 0.486821 0.556020 0.565296 0.221543
0.778438 0.470861 1.109652 0.895007 0.076769 0.032188 0.245584 0.682970 0.397633 0.428204 0.621565 0.186878
0.848187 0.527472 0.943045 0.853894 0.123108 0.062116 0.188199 0.732648 0.378746 0.340859 0.640878 0.154222
0.720436 0.401513 0.907235 0.932693 0.086196 0.073325 0.226794 0.708830 0.434549 0.455621 0.669548 0.158465
0.820066 0.410399 0.959375 0.901086 0.069270 0.023876 0.262295 0.761939 0.473542 0.481820 0.711466 0.256430
0.801135 0.499348 0.955554 0.878017 0.029097 0.029341 0.240849 0.707671 0.441353 0.407584 0.567644 0.196804
0.818277 0.409944 0.927520 0.927282 0.018798 -0.057380 0.237102 0.685042 0.386332 0.454424 0.533461 0.171487
0.825069 0.423505 0.994430 0.959539 0.102588 -0.051879 0.191047 0.744809 0.481158 0.342884 0.658897 0.201438
0.779290 0.486029 0.966226 0.961456 0.044863 0.029749 0.198017 0.703291 0.465509 0.483734 0.695481 0.185781
0.802092 0.361427 1.047171 0.843926 0.110541 0.006971 0.190194 0.677809 0.395986 0.515026 0.681822 0.193842
0.713193 0.404741 0.935810 0.808952 -0.006198 -0.002429 0.232501 0.705414 0.442775 0.370492 0.642616 0.227997
0.680294 0.497423 1.007228 0.884633 0.024175 -0.018509 0.245361 0.834465 0.373601 0.447631 0.586279 0.216845
0.745617 0.434361 0.859658 0.785848 0.138648 -0.078640 0.269124 0.757196 0.480159 0.454996 0.637908 0.281456
0.698195 0.451145 1.035423 0.886709 0.066012 -0.049966 0.203909 0.699161 0.442869 0.335907 0.619399 0.250644
0.790649 0.337785 0.931278 0.817725 0.006048 0.071226 0.105488 0.710116 0.491831 0.478202 0.614003 0.184769
0.719191 0.419034 1.053866 0.868014 0.060614 0.042392 0.180723 0.719156 0.410338 0.426333 0.712715 0.212943
0.725870 0.368387 0.992388 0.865596 0.049310 0.000965 0.198667 0.741558 0.342905 0.527982 0.553112 0.200587
0.815153 0.384974 0.983114 0.867083 0.052917 0.051624 0.168805 0.666956 0.463871 0.395385 0.612966 0.250473
0.820151 0.442764 0.990490 0.987179 0.093540 -0.021554 0.272291 0.699900 0.510121 0.448404 0.673672 0.212648
0.814619 0.326002 1.003930 0.936439 0.142406 0.107040 0.243998 0.854614 0.400243 0.360970 0.613507 0.207282
0.784247 0.489181 1.009776 0.876023 0.115862 -0.050713 0.234762 0.676030 0.517893 0.430718 0.677772 0.243268
0.807579 0.460505 1.038062 0.910493 0.063113 0.020688 0.229132 0.802949 0.490428 0.320559 0.662795 0.222751
0.682545 0.420901 0.996320 0.862055 0.025918 0.044916 0.201139 0.760253 0.379246 0.428427 0.541865 0.202020
0.716853 0.426993 1.000670 0.862446 -0.040422 0.081370 0.253398 0.630502 0.422356 0.422892 0.597090 0.140392
0.775023 0.486778 1.060637 0.855264 0.025582 0.056462 0.174775 0.688677 0.402565 0.403424 0.615638 0.135336
0.756129 0.345847 0.877997 0.920017 0.118288 -0.010146 0.163478 0.725773 0.427749 0.456518 0.700293 0.142812
0.764519 0.532965 0.994510 0.921913 0.145915 -0.021373 0.283953 0.687212 0.408662 0.499800 0.637585 0.207427
0.757803 0.493248 0.980585 0.990348 0.070994 -0.090366 0.329689 0.626125 0.418191 0.369934 0.632217 0.138206
0.757309 0.424884 0.966335 0.914755 0.124330 0.045589 0.247949 0.656525 0.538214 0.350825 0.731552 0.171620
0.824615 0.424385 0.994245 0.861356 0.125680 -0.005808 0.248500 0.639690 0.448245 0.355754 0.669109 0.167861
0.701895 0.448782 0.962690 0.929620 -0.014334 -0.040712 0.261010 0.742407 0.464974 0.356997 0.609432 0.181106
0.843151 0.491920 0.916386 0.989263 0.000014 0.107149 0.254482 0.762542 0.374295 0.416006 0.643043 0.261288
0.786532 0.430952 0.993477 0.925197 0.058769 0.029081 0.181087 0.756621 0.424873 0.434805 0.629117 0.123083
0.789922 0.378436 0.861857 0.888848 0.123927 -0.021823 0.182441 0.682885 0.458625 0.409366 0.610606 0.232068
0.812414 0.436320 0.943392 0.920880 0.022033 0.037690 0.304797 0.703385 0.453583 0.387434 0.626019 0.171692
0.737637 0.403772 0.950779 0.980360 0.084411 0.026852 0.200003 0.828559 0.508222 0.422897 0.673797 0.259789
0.888353 0.436855 1.022446 0.800445 0.031311 -0.027518 0.269758 0.723210 0.449614 0.467728 0.584386 0.230691
0.771015 0.442418 0.943572 0.845146 0.055252 0.023394 0.230519 0.706000 0.506703 0.404065 0.650505 0.295094
0.781368 0.359612 0.917100 0.920809 -0.017957 0.007293 0.234827 0.706270 0.477206 0.391056 0.634135 0.166648
0.757070 0.449424 0.972437 0.870781 0.078365 0.032515 0.260578 0.683081 0.460697 0.441679 0.620728 0.156133
0.790184 0.502351 0.978214 0.892465 0.059767 -0.009123 0.286182 0.735037 0.402754 0.406902 0.707684 0.171025
0.790934 0.345690 1.032232 0.802641 0.045171 0.014976 0.171504 0.723028 0.549416 0.515138 0.740792 0.151626
0.798585 0.444606 0.941405 0.897106 0.042104 0.058968 0.315616 0.734007 0.519681 0.407618 0.606136 0.298528
0.756915 0.427417 1.070481 0.940224 0.101672 0.041262 0.205577 0.763527 0.464983 0.436932 0.659321 0.184875
0.777356 0.444485 0.987266 0.837929 0.068511 -0.007132 0.223995 0.742981 0.478225 0.364622 0.632880 0.147424
0.820621 0.471487 0.944724 0.940301 0.036056 -0.050660 0.137949 0.737983 0.531430 0.402264 0.610686 0.206780
0.763037 0.434721 1.014571 0.891478 0.117951 0.009206 0.256629 0.731472 0.370245 0.401415 0.688934 0.196034
0.736524 0.416708 0.890300 0.840033 0.045304 -0.039869 0.216689 0.785881 0.502044 0.508246 0.559333 0.157030
0.746208 0.438735 0.965052 0.838075 0.099798 0.001193 0.208320 0.810293 0.437585 0.474559 0.656106 0.213175
0.734640 0.389322 0.949789 0.794668 0.229628 -0.010040 0.263586 0.801645 0.435739 0.415246 0.702120 0.183979
0.758465 0.464490 0.887747 0.928152 0.025057 0.022119 0.259313 0.737866 0.439368 0.386027 0.703822 0.168631
0.704732 0.390053 0.849942 0.898492 0.102219 0.022594 0.356370 0.690756 0.270190 0.463700 0.546013 0.152635
