24 12 24
0.389785 0.194383 0.212758 0.715083 0.049628 0.720063 0.962566 0.067002 0.782028 0.431051 0.601896 0.977813
0.696855 0.233448 0.525763 0.026352 0.663874 0.779742 0.711626 0.657853 0.071334 0.140878 0.987936 0.066592
0.739148 0.710020 0.859606 0.804513 0.340870 0.065155 0.543929 0.150658 0.706081 0.657885 0.761756 0.129742
0.940322 0.641538 0.681180 0.653506 0.483436 0.932912 0.174411 0.923351 0.974564 0.607748 0.358810 0.643289
0.410778 0.494456 0.696857 0.790497 0.804201 0.284720 0.047255 0.176293 0.330725 0.908975 0.268585 0.095501
0.479323 0.693785 0.488591 0.591403 0.504051 0.811040 0.029172 0.335769 0.416150 0.154229 0.425055 0.262434
0.546204 0.288983 0.155905 0.834396 0.693160 0.670648 0.539274 0.153025 0.390579 0.447434 0.048665 0.526946
0.455757 0.870999 0.077825 0.193860 0.019873 0.711235 0.354391 0.593247 0.441405 0.409264 0.223675 0.369448
0.128696 0.573304 0.865997 0.136493 0.466703 0.131274 0.929628 0.354386 0.573601 0.430900 0.403682 0.262700
0.680135 0.488177 0.542404 0.473315 0.238445 0.611193 0.482140 0.654531 0.197262 0.433179 0.797750 0.970850
0.661758 0.564094 0.501993 0.557129 0.750285 0.759794 0.726665 0.637416 0.161723 0.017505 0.092131 0.535729
0.093604 0.443713 0.446184 0.108137 0.861000 0.969872 0.926445 0.541830 0.273541 0.201764 0.125895 0.677398
0.480356 0.162972 0.874419 0.909165 0.109239 0.579897 0.337930 0.564027 0.462978 0.360923 0.203379 0.019823
0.778094 0.188369 0.243097 0.857354 0.544114 0.631670 0.243015 0.861235 0.340824 0.930088 0.830056 0.546230
0.786511 0.269871 0.251635 0.889411 0.668841 0.743143 0.488078 0.154260 0.462672 0.985233 0.295389 0.876129
0.185647 0.790103 0.413023 0.828673 0.579740 0.224777 0.802634 0.397634 0.632037 0.670404 0.600214 0.398775
0.881939 0.398111 0.620198 0.881092 0.999529 0.016998 0.669140 0.077465 0.418963 0.101364 0.033819 0.456308
0.387142 0.802374 0.606772 0.517196 0.780473 0.161964 0.556775 0.887086 0.392582 0.721293 0.531203 0.137187
0.742379 0.211601 0.378662 0.812596 0.373644 0.859453 0.700076 0.018141 0.778540 0.517681 0.788290 0.755970
0.179302 0.848779 0.503963 0.055940 0.608167 0.538454 0.048071 0.460078 0.411694 0.843668 0.122248 0.492798
0.719433 0.728192 0.845711 0.758114 0.546316 0.799696 0.202988 0.031052 0.482895 0.675229 0.070091 0.077470
0.659998 0.331298 0.769760 0.479600 0.796812 0.825560 0.192306 0.991475 0.676068 0.511381 0.880323 0.944510
0.486824 0.902184 0.606729 0.366450 0.209356 0.085270 0.228209 0.585531 0.907777 0.961836 0.813296 0.992451
0.469157 0.262840 0.153764 0.139306 0.986939 0.560909 0.964594 0.416656 0.662190 0.974445 0.154735 0.951446
