28 12 21
0.656316 0.954147 0.076023 0.448377 0.948742 0.042921 0.787963 0.241719 0.216288 0.003972 0.532837 0.604156
0.928700 0.466666 0.592658 0.662389 0.205494 0.774060 0.155933 0.619157 0.218177 0.898974 0.267323 0.078135
0.849131 0.317999 0.188384 0.515856 0.668962 0.896698 0.015504 0.598752 0.478842 0.067886 0.287009 0.163490
0.525423 0.304208 0.491990 0.476222 0.750204 0.905304 0.765760 0.720731 0.295111 0.825197 0.386432 0.524959
0.590727 0.638574 0.925433 0.630819 0.514932 0.058065 0.329449 0.433521 0.103327 0.951216 0.339236 0.724745
0.179807 0.236896 0.210773 0.403590 0.862632 0.290702 0.688726 0.088174 0.168163 0.272739 0.485357 0.307685
0.954400 0.188656 0.972573 0.727328 0.973498 0.901578 0.685339 0.101475 0.636525 0.386351 0.186615 0.527250
0.272457 0.118416 0.789914 0.134069 0.707044 0.400045 0.899375 0.391017 0.817940 0.348301 0.808531 0.612004
0.458333 0.604616 0.921935 0.569952 0.132044 0.477260 0.217825 0.366949 0.521042 0.741302 0.608049 0.831933
0.408200 0.548015 0.568752 0.055704 0.662398 0.948574 0.610789 0.408138 0.215728 0.398361 0.648808 0.149039
0.100079 0.387663 0.450887 0.324137 0.045308 0.595272 0.547224 0.969361 0.081638 0.933251 0.736441 0.960078
0.915963 0.720354 0.495182 0.287665 0.860778 0.529180 0.968365 0.415318 0.143346 0.159652 0.704235 0.727036
0.585732 0.916786 0.703157 0.105286 0.616507 0.258460 0.442859 0.726411 0.759763 0.152664 0.514842 0.640935
0.418548 0.833367 0.614691 0.612341 0.638594 0.622836 0.941709 0.928664 0.210162 0.747710 0.988621 0.544569
0.163721 0.465304 0.579871 0.941958 0.497650 0.306587 0.332676 0.121092 0.499179 0.284458 0.687066 0.228519
0.559637 0.671141 0.774574 0.969107 0.795585 0.743255 0.202971 0.144316 0.746866 0.443621 0.673215 0.263809
0.350750 0.346128 0.809818 0.378974 0.671381 0.157851 0.259343 0.095299 0.393419 0.250793 0.701152 0.669200
0.063509 0.523781 0.250317 0.745515 0.285946 0.080859 0.259936 0.067591 0.824335 0.204139 0.973343 0.955235
0.217358 0.450819 0.810926 0.352521 0.366046 0.087739 0.830557 0.276524 0.452874 0.754573 0.862362 0.132697
0.530779 0.096318 0.068350 0.080549 0.824596 0.576132 0.295411 0.117001 0.194012 0.930907 0.159685 0.531907
0.386779 0.846175 0.984564 0.494460 0.711952 0.258886 0.212188 0.690247 0.569575 0.235238 0.332293 0.234410
0.748112 0.939818 0.372951 0.195708 0.842650 0.505254 0.887271 0.775987 0.656873 0.166575 0.759558 0.401675
0.537692 0.944291 0.526151 0.837942 0.337136 0.291711 0.383051 0.878373 0.542990 0.398274 0.660251 0.909243
0.497760 0.981602 0.870151 0.932414 0.415562 0.704863 0.640183 0.767307 0.044985 0.164340 0.447713 0.508578
0.960067 0.794077 0.262701 0.896604 0.604589 0.733463 0.268294 0.826947 0.978130 0.774968 0.721584 0.463466
0.779234 0.283700 0.010726 0.112793 0.331337 0.947845 0.818826 0.683488 0.597859 0.355441 0.280002 0.835652
0.460386 0.694871 0.844321 0.813805 0.035592 0.172969 0.638935 0.985646 0.919860 0.312224 0.897863 0.067192
0.323632 0.028679 0.334522 0.336505 0.686925 0.478450 0.847168 0.813075 0.139024 0.415811 0.333586 0.071015
