20 12 15
0.036210 0.646005 0.810275 0.512739 0.638503 0.889573 0.569420 0.015390 0.076152 0.781684 0.212492 0.155853
0.174350 0.142470 0.917158 0.046474 0.262875 0.832034 0.606379 0.676454 0.903021 0.436681 0.404120 0.854682
0.740131 0.305916 0.654457 0.897431 0.257679 0.373834 0.244924 0.441654 0.042177 0.724717 0.041360 0.476574
0.556346 0.710600 0.515806 0.647978 0.201184 0.371910 0.249357 0.626102 0.138915 0.723198 0.652607 0.861107
0.526535 0.266122 0.441134 0.658485 0.450520 0.694310 0.619591 0.213980 0.590425 0.292918 0.084169 0.920598
0.263801 0.388621 0.090018 0.534988 0.250143 0.739501 0.096002 0.112531 0.916842 0.822297 0.578473 0.477912
0.688540 0.490609 0.879444 0.365221 0.240718 0.600793 0.507341 0.146988 0.682586 0.018467 0.887444 0.356954
0.282003 0.532228 0.352412 0.834436 0.456532 0.059882 0.562341 0.639743 0.869732 0.022014 0.603571 0.095478
0.214331 0.764594 0.141183 0.150408 0.020361 0.712266 0.679770 0.228726 0.977946 0.861114 0.608309 0.302769
0.362574 0.369458 0.998962 0.011982 0.796984 0.317106 0.559569 0.511790 0.736554 0.271799 0.621549 0.048079
0.053615 0.052401 0.303209 0.540767 0.690038 0.018577 0.152701 0.899434 0.811331 0.918102 0.524154 0.987147
0.358076 0.745381 0.595315 0.536368 0.208254 0.354158 0.292466 0.633458 0.226375 0.764935 0.083269 0.199254
0.833158 0.997159 0.000476 0.733849 0.229501 0.805277 0.382680 0.184648 0.564824 0.002218 0.291553 0.561352
0.788324 0.114130 0.832788 0.887210 0.420852 0.939717 0.543700 0.506273 0.645642 0.978927 0.334295 0.996057
0.095338 0.688283 0.055268 0.073993 0.104369 0.496055 0.435281 0.581982 0.901507 0.507201 0.519386 0.836966
0.563918 0.253195 0.609263 0.960910 0.849884 0.916177 0.418662 0.196847 0.115363 0.390303 0.854935 0.919587
0.441026 0.792801 0.267084 0.823330 0.675158 0.850404 0.416377 0.530146 0.644985 0.482290 0.142234 0.505049
0.560552 0.572518 0.579028 0.925490 0.207146 0.560119 0.558785 0.438341 0.429001 0.934814 0.813846 0.312175
0.744084 0.578254 0.778710 0.044815 0.200071 0.439831 0.106887 0.240768 0.275908 0.060662 0.356314 0.087642
0.988125 0.329564 0.153550 0.812084 0.727689 0.367530 0.605068 0.927446 0.082155 0.387807 0.955817 0.898373
