24 12 14
0.750753 0.046827 0.692102 0.124261 0.047103 0.138073 0.190385 0.979754 0.342605 0.647259 0.387544 0.266133
0.069175 0.783908 0.457937 0.963329 0.761157 0.587810 0.016386 0.556465 0.154615 0.546481 0.672260 0.119987
0.092225 0.281163 0.739055 0.376095 0.266498 0.930506 0.722925 0.334310 0.597567 0.963918 0.096150 0.365590
0.263732 0.170803 0.302354 0.870006 0.116910 0.973712 0.357393 0.696873 0.389763 0.662616 0.632557 0.494935
0.469440 0.309207 0.303059 0.143777 0.317265 0.715434 0.239665 0.522521 0.397559 0.992489 0.681742 0.626613
0.255006 0.603547 0.312364 0.374915 0.361267 0.387866 0.981216 0.795339 0.458864 0.449684 0.468709 0.382760
0.601172 0.218949 0.113565 0.076603 0.296694 0.851867 0.900985 0.617155 0.363631 0.124230 0.940318 0.117259
0.430236 0.896656 0.818262 0.378117 0.177818 0.501752 0.636263 0.134863 0.977456 0.816719 0.990860 0.235896
0.280234 0.943912 0.693526 0.433419 0.742324 0.080520 0.323981 0.819705 0.599791 0.221478 0.680673 0.922144
0.075965 0.484525 0.200996 0.689187 0.989638 0.272762 0.024676 0.337685 0.482970 0.883532 0.583625 0.002723
0.520216 0.183255 0.990689 0.651171 0.239137 0.464272 0.025977 0.272253 0.501294 0.115696 0.672523 0.051165
0.260661 0.777053 0.601824 0.655077 0.736890 0.014314 0.073993 0.108831 0.745467 0.524901 0.932174 0.225587
0.484665 0.282157 0.847219 0.288805 0.595786 0.861539 0.421770 0.228824 0.600517 0.869950 0.532369 0.997665
0.274272 0.194058 0.072671 0.509135 0.292618 0.732548 0.028539 0.810375 0.708593 0.901613 0.461282 0.422507
0.621399 0.484996 0.437521 0.409360 0.140219 0.657674 0.798795 0.661993 0.778563 0.882017 0.148680 0.999196
0.706224 0.877683 0.001135 0.392427 0.836253 0.806221 0.703916 0.794755 0.214117 0.075531 0.563832 0.664317
0.538419 0.187041 0.983965 0.667946 0.207066 0.675811 0.472228 0.657151 0.153142 0.077729 0.196857 0.354935
0.733663 0.488844 0.704752 0.657693 0.027309 0.638981 0.947732 0.746568 0.418207 0.198072 0.948710 0.191599
0.018013 0.651316 0.331673 0.071359 0.040258 0.221032 0.801837 0.293097 0.969349 0.584779 0.418163 0.791634
0.724415 0.355698 0.994028 0.525966 0.893138 0.417207 0.809433 0.038541 0.717431 0.012426 0.492401 0.980514
0.364373 0.336561 0.936385 0.821596 0.815364 0.477240 0.254171 0.345463 0.925919 0.492952 0.443309 0.515208
0.856572 0.373563 0.138002 0.080806 0.576828 0.206795 0.398106 0.403318 0.264792 0.983839 0.810367 0.595745
0.730841 0.657501 0.002134 0.583370 0.849888 0.454107 0.108193 0.289652 0.805020 0.594026 0.319624 0.377920
0.557537 0.512019 0.258349 0.083384 0.077573 0.113341 0.547644 0.094540 0.524398 0.319098 0.747107 0.297259
