12 12 10
0.145334 0.259586 0.913730 0.836178 0.946938 0.734478 0.489948 0.157849 0.775314 0.686425 0.431647 0.164837
0.204831 0.801781 0.020252 0.406341 0.974924 0.737079 0.993522 0.862870 0.136778 0.898264 0.046273 0.024170
0.775072 0.350731 0.098046 0.051317 0.148626 0.733027 0.758638 0.050168 0.484253 0.513756 0.703261 0.834318
0.108005 0.703622 0.418858 0.169778 0.298239 0.259623 0.739182 0.787371 0.515609 0.481519 0.732548 0.253735
0.969707 0.191232 0.833674 0.432282 0.960314 0.286461 0.610646 0.656697 0.532417 0.109954 0.032477 0.102351
0.727784 0.618152 0.881137 0.642700 0.977333 0.690073 0.860813 0.343706 0.966423 0.955288 0.644993 0.994399
0.335267 0.394281 0.176320 0.341127 0.093154 0.312388 0.396305 0.553983 0.461792 0.312791 0.378974 0.698681
0.595589 0.926051 0.713258 0.919016 0.845480 0.649926 0.216430 0.634278 0.029197 0.259760 0.554282 0.954548
0.124401 0.216577 0.914182 0.225893 0.036123 0.178785 0.478572 0.345371 0.413870 0.401309 0.389417 0.724317
0.063452 0.152545 0.714645 0.381981 0.539422 0.362334 0.438147 0.806519 0.481581 0.663702 0.773666 0.905237
0.648733 0.553402 0.170177 0.892640 0.625507 0.368223 0.398052 0.161370 0.354998 0.320522 0.879734 0.758293
0.381153 0.135469 0.040422 0.606953 0.788095 0.003106 0.774395 0.830116 0.754825 0.170732 0.785742 0.294218
