24 12 2
0.991107 0.149903 0.260395 0.503287 0.688380 0.210714 0.495356 0.978224 0.024740 0.582483 0.792137 0.030954
0.473568 0.506543 0.597543 0.128005 0.496079 0.936912 0.086747 0.313880 0.795779 0.302209 0.782166 0.722881
0.115059 0.968613 0.225333 0.747087 0.652390 0.435631 0.219844 0.059145 0.499477 0.052912 0.181915 0.799591
0.356490 0.473524 0.531146 0.944879 0.223713 0.833786 0.884737 0.203138 0.132589 0.678007 0.447539 0.874528
0.798004 0.075335 0.640346 0.026755 0.725183 0.006619 0.005880 0.280585 0.208557 0.461307 0.577869 0.408728
0.205471 0.882178 0.269073 0.688193 0.756440 0.316429 0.136967 0.861708 0.804547 0.031366 0.065424 0.919710
0.112409 0.445751 0.387203 0.672803 0.672154 0.079750 0.217478 0.902423 0.057520 0.324819 0.417936 0.268174
0.114894 0.589531 0.861779 0.881283 0.050737 0.529533 0.168389 0.855959 0.987287 0.798492 0.338177 0.730922
0.316783 0.070775 0.499215 0.081101 0.905672 0.063809 0.356418 0.331840 0.421202 0.007966 0.790048 0.512412
0.282308 0.545954 0.089999 0.773159 0.414742 0.907824 0.247892 0.819619 0.103313 0.590698 0.562747 0.681589
0.217618 0.816969 0.926420 0.818028 0.815551 0.883332 0.977911 0.170535 0.247241 0.660790 0.757879 0.558063
0.111303 0.612897 0.039283 0.340391 0.278369 0.577210 0.625290 0.671640 0.636555 0.441260 0.488339 0.921133
0.304769 0.775705 0.053902 0.185119 0.656449 0.073999 0.637241 0.974365 0.427963 0.905049 0.660063 0.058853
0.606141 0.878092 0.047301 0.882106 0.465673 0.410394 0.883504 0.095318 0.039194 0.260009 0.072803 0.964391
0.781653 0.712566 0.562513 0.268117 0.610818 0.798952 0.426696 0.512632 0.055341 0.137702 0.233069 0.874952
0.602102 0.364026 0.081705 0.310771 0.103767 0.498500 0.938750 0.737990 0.444940 0.382708 0.331121 0.025364
0.764932 0.577010 0.603701 0.317547 0.271937 0.321507 0.026815 0.961571 0.674054 0.693447 0.683791 0.097207
0.165385 0.049987 0.047730 0.460022 0.622738 0.859499 0.580270 0.155715 0.796217 0.552428 0.801699 0.395529
0.878432 0.705958 0.417286 0.438671 0.342338 0.877078 0.724512 0.056986 0.388447 0.346480 0.892933 0.569956
0.236609 0.364173 0.426053 0.408581 0.330327 0.699046 0.123163 0.711559 0.893542 0.078230 0.827414 0.200580
0.997126 0.583942 0.550500 0.557098 0.771462 0.898351 0.299432 0.816764 0.398907 0.241690 0.025474 0.460228
0.074960 0.840195 0.429943 0.849482 0.321312 0.795532 0.150275 0.920249 0.085712 0.531615 0.923400 0.171199
0.487761 0.682870 0.555179 0.535669 0.940097 0.924711 0.599431 0.452453 0.073563 0.400719 0.738155 0.649995
0.619188 0.259523 0.907284 0.901716 0.087977 0.819174 0.097674 0.239069 0.225975 0.747487 0.506216 0.585555
