32 12 8
0.605933 0.212428 0.506115 0.886271 0.486432 0.131546 0.197408 0.578320 0.328760 0.301880 0.480371 0.405638
0.940173 0.763565 0.504721 0.749727 0.616429 0.602268 0.633586 0.883677 0.872527 0.043750 0.417538 0.204052
0.092524 0.582691 0.376106 0.915029 0.225761 0.271294 0.522036 0.643328 0.936628 0.624281 0.152470 0.615510
0.892694 0.987859 0.228692 0.304684 0.843533 0.256438 0.985462 0.645239 0.937081 0.571390 0.201839 0.833609
0.120849 0.201942 0.498463 0.456012 0.590361 0.239985 0.497156 0.462662 0.824057 0.980131 0.579437 0.139333
0.372605 0.786121 0.856815 0.268345 0.765361 0.135885 0.554885 0.905750 0.460155 0.441638 0.420816 0.253831
0.415865 0.424424 0.029676 0.988429 0.327572 0.623702 0.114636 0.108858 0.300877 0.921466 0.428026 0.091864
0.353911 0.362416 0.004389 0.026803 0.276877 0.663456 0.357797 0.640140 0.334446 0.270067 0.060729 0.661585
0.016945 0.437837 0.017095 0.040576 0.028413 0.277804 0.225461 0.557698 0.018697 0.728171 0.341577 0.078567
0.043240 0.985823 0.734205 0.181201 0.541536 0.391821 0.182080 0.356550 0.651432 0.356408 0.152754 0.762322
0.020568 0.309885 0.239783 0.172879 0.219988 0.004607 0.080902 0.623750 0.217851 0.184207 0.311049 0.079245
0.509088 0.307729 0.868062 0.575153 0.172827 0.820486 0.899647 0.426554 0.254448 0.830405 0.330933 0.871866
0.882363 0.306290 0.467288 0.980506 0.326569 0.337978 0.463764 0.938204 0.098816 0.058728 0.235964 0.999367
0.825728 0.044026 0.614806 0.947556 0.629593 0.827945 0.923508 0.009051 0.297929 0.630661 0.366670 0.093711
0.211511 0.941110 0.556051 0.289904 0.998717 0.058753 0.138975 0.431461 0.972293 0.348764 0.361384 0.714108
0.501009 0.964794 0.639148 0.871626 0.813639 0.987646 0.790500 0.420601 0.858099 0.502003 0.652039 0.574261
0.245321 0.288528 0.593803 0.790571 0.846130 0.548150 0.762358 0.987279 0.382188 0.255164 0.522221 0.161255
0.611322 0.663316 0.939562 0.699848 0.444436 0.719846 0.100351 0.734461 0.652468 0.624058 0.158630 0.269571
0.402708 0.224412 0.306636 0.491569 0.489261 0.790800 0.062011 0.742763 0.985880 0.851635 0.929359 0.527389
0.740137 0.918445 0.526851 0.665325 0.918164 0.289149 0.304621 0.200212 0.587969 0.328951 0.396433 0.973716
0.175779 0.419939 0.193239 0.713613 0.860783 0.515241 0.103744 0.221744 0.842130 0.643218 0.158372 0.074821
0.779692 0.781083 0.975794 0.259047 0.392432 0.723451 0.206888 0.778349 0.041667 0.449436 0.792517 0.898054
0.275252 0.265074 0.683016 0.859192 0.760200 0.436776 0.800243 0.173827 0.986047 0.985420 0.512981 0.057023
0.648308 0.055738 0.874700 0.450509 0.065416 0.800629 0.313091 0.289456 0.199982 0.859513 0.455322 0.880906
0.872173 0.446871 0.924293 0.888219 0.819760 0.412048 0.989970 0.162344 0.887255 0.392932 0.864101 0.662973
0.669087 0.680111 0.512893 0.043061 0.853329 0.732343 0.751547 0.085369 0.334455 0.128061 0.659540 0.530699
0.692279 0.194995 0.809858 0.739153 0.173319 0.482533 0.530481 0.474308 0.976627 0.849394 0.288659 0.454806
0.647365 0.262227 0.490136 0.671014 0.432350 0.697619 0.507564 0.152780 0.488885 0.079129 0.667687 0.069267
0.120536 0.920948 0.036080 0.265324 0.605033 0.122184 0.314942 0.929996 0.139183 0.076721 0.145260 0.772676
0.276230 0.254447 0.810069 0.056552 0.406678 0.633151 0.285718 0.900684 0.705034 0.805474 0.376649 0.512807
0.231421 0.505678 0.203778 0.159225 0.102732 0.140007 0.685855 0.587786 0.840308 0.440587 0.762203 0.647877
0.817889 0.185818 0.947571 0.787414 0.091548 0.372543 0.004265 0.161212 0.165226 0.941907 0.042885 0.121701
