30 12 15
0.731045 0.757411 0.174324 0.824785 0.067096 0.720382 0.392216 0.226353 0.788620 0.110254 0.912651 0.207138
0.900274 0.627305 0.737578 0.821542 0.310868 0.712692 0.819361 0.553014 0.502327 0.701378 0.295409 0.463231
0.043735 0.939545 0.978662 0.413913 0.412245 0.198322 0.120114 0.566537 0.450597 0.012434 0.027428 0.037353
0.671172 0.381455 0.562532 0.238740 0.063217 0.650916 0.446550 0.146924 0.822033 0.245150 0.468805 0.751535
0.203489 0.196241 0.463729 0.617780 0.884190 0.490712 0.597669 0.827606 0.300509 0.488912 0.858368 0.806237
0.790242 0.756299 0.099907 0.325887 0.750018 0.430280 0.204374 0.350535 0.171407 0.105168 0.973380 0.760026
0.045181 0.043730 0.946238 0.850230 0.771508 0.305920 0.106325 0.142255 0.862177 0.709510 0.183343 0.034764
0.376789 0.631392 0.489408 0.043482 0.570434 0.662413 0.098853 0.861202 0.506359 0.198351 0.366053 0.276473
0.327677 0.169618 0.449467 0.136787 0.910642 0.894602 0.163208 0.217854 0.609188 0.042121 0.879061 0.653575
0.324991 0.841644 0.901274 0.432706 0.822352 0.569357 0.258475 0.048665 0.165553 0.419650 0.022789 0.217579
0.267836 0.014823 0.205860 0.704170 0.898222 0.430069 0.508394 0.153962 0.174666 0.387543 0.537025 0.691911
0.024585 0.171573 0.960537 0.872049 0.416123 0.992927 0.224367 0.738783 0.028059 0.833027 0.400485 0.341310
0.230708 0.235036 0.078814 0.228454 0.987567 0.483712 0.084493 0.239685 0.705511 0.422085 0.091059 0.957693
0.620945 0.433840 0.204895 0.017569 0.945181 0.628881 0.587339 0.547743 0.676205 0.290869 0.802827 0.384219
0.867858 0.144943 0.086798 0.496881 0.164136 0.288064 0.761730 0.552424 0.459391 0.268153 0.201756 0.406730
0.314066 0.656846 0.113232 0.023497 0.779700 0.310844 0.330277 0.640720 0.722786 0.065141 0.995387 0.458368
0.794279 0.314536 0.305611 0.984479 0.496866 0.319858 0.100450 0.205919 0.529553 0.740244 0.362335 0.091353
0.538104 0.439476 0.506855 0.244603 0.098060 0.117598 0.932722 0.723802 0.011830 0.837282 0.975628 0.220780
0.720743 0.007630 0.282193 0.211749 0.211255 0.503776 0.570671 0.156916 0.660882 0.960971 0.040384 0.606096
0.010258 0.767637 0.557282 0.663169 0.677821 0.175263 0.179830 0.043420 0.032187 0.360970 0.777341 0.767589
0.053401 0.968731 0.710592 0.176961 0.187851 0.310270 0.727142 0.995278 0.614836 0.874897 0.454937 0.679270
0.189641 0.873498 0.107698 0.237984 0.501615 0.352747 0.311441 0.943831 0.028738 0.478684 0.959177 0.881305
0.714537 0.497766 0.296318 0.135546 0.672359 0.485440 0.816875 0.056454 0.852435 0.759733 0.784326 0.208999
0.537338 0.397338 0.349900 0.765686 0.157424 0.070758 0.887027 0.525632 0.366011 0.138500 0.585708 0.675229
0.510668 0.083344 0.709933 0.273425 0.885126 0.492226 0.489521 0.303523 0.076322 0.131893 0.124808 0.110639
0.562634 0.233795 0.908264 0.696129 0.601045 0.280573 0.123054 0.669578 0.416407 0.735498 0.990822 0.161948
0.920689 0.356096 0.858157 0.725977 0.817975 0.779353 0.059707 0.486812 0.928773 0.465231 0.571517 0.376596
0.565428 0.537097 0.177357 0.146999 0.410109 0.235246 0.595366 0.070131 0.254397 0.376824 0.269143 0.030236
0.495241 0.889222 0.706839 0.375121 0.349235 0.016028 0.890213 0.642867 0.500260 0.322053 0.980119 0.404920
0.357320 0.500827 0.654604 0.417734 0.570323 0.413811 0.786491 0.937703 0.717627 0.336233 0.306857 0.605155
