12 12 12
0.985955 0.585261 0.649167 0.883056 0.492927 0.538685 0.457370 0.969376 0.808615 0.105579 0.638715 0.975718
0.849602 0.524909 0.450040 0.329069 0.575086 0.338163 0.812358 0.338112 0.890103 0.336711 0.597565 0.113128
0.316331 0.729635 0.929911 0.004315 0.842678 0.678556 0.638068 0.918331 0.889301 0.995262 0.863673 0.418718
0.679949 0.111948 0.371137 0.321246 0.912347 0.597286 0.931749 0.418155 0.398957 0.095251 0.276388 0.082037
0.270824 0.505099 0.266272 0.764416 0.871953 0.641379 0.377151 0.435888 0.238179 0.908294 0.360312 0.695136
0.838302 0.546676 0.238507 0.438662 0.956498 0.906305 0.554040 0.416660 0.241367 0.329743 0.263926 0.490406
0.050464 0.428618 0.660810 0.498245 0.944040 0.055211 0.032053 0.530809 0.574257 0.015670 0.264072 0.249518
0.103091 0.761178 0.054468 0.149928 0.263649 0.745274 0.155579 0.973125 0.565638 0.936256 0.939084 0.572438
0.449363 0.008411 0.003787 0.714476 0.439917 0.477250 0.764305 0.878419 0.196889 0.161836 0.755075 0.769055
0.099192 0.270416 0.769574 0.419284 0.088652 0.980772 0.839981 0.767746 0.986335 0.349433 0.422522 0.695494
0.557155 0.343900 0.229901 0.113099 0.401746 0.964460 0.925554 0.907916 0.140548 0.045270 0.900079 0.238590
0.998411 0.986357 0.661720 0.456579 0.454658 0.053960 0.472652 0.548916 0.660050 0.251335 0.571150 0.513789
