16 12 8
0.636359 0.999358 0.321531 0.264903 0.378707 0.738105 0.862769 0.806381 0.831133 0.827041 0.031124 0.293523
0.988749 0.637958 0.850537 0.594819 0.305841 0.110768 0.775776 0.816094 0.847762 0.926720 0.395550 0.557792
0.776019 0.348183 0.518388 0.961834 0.811152 0.462682 0.700521 0.290519 0.822120 0.045201 0.749337 0.983823
0.161899 0.829760 0.969436 0.865164 0.537078 0.777429 0.612730 0.055240 0.238322 0.861255 0.551664 0.046054
0.533057 0.194050 0.165240 0.802229 0.225476 0.385901 0.201118 0.365079 0.670031 0.648915 0.672966 0.247219
0.148519 0.133815 0.285481 0.434018 0.377691 0.146420 0.268761 0.096275 0.446488 0.760944 0.801400 0.544873
0.863370 0.172453 0.850587 0.246018 0.521964 0.761773 0.608076 0.339098 0.888217 0.604836 0.349442 0.585393
0.422294 0.470665 0.811157 0.112421 0.721463 0.799472 0.893799 0.139033 0.661305 0.725194 0.625233 0.773690
0.140782 0.143232 0.645007 0.292831 0.262781 0.227735 0.783191 0.432987 0.821548 0.088629 0.023050 0.984748
0.447879 0.179584 0.780883 0.934307 0.086952 0.065095 0.089932 0.790306 0.346018 0.962100 0.676457 0.643174
0.609674 0.934042 0.386995 0.673392 0.956144 0.810169 0.446922 0.688756 0.321833 0.478210 0.432779 0.026992
0.098357 0.728844 0.586256 0.939885 0.868328 0.084512 0.860094 0.829211 0.699757 0.886983 0.487798 0.453663
0.467069 0.965666 0.134204 0.987312 0.727767 0.314836 0.955241 0.836619 0.598827 0.533164 0.400118 0.827772
0.868934 0.606438 0.816004 0.341622 0.021381 0.230717 0.579927 0.028312 0.538209 0.366882 0.975814 0.701350
0.841743 0.899244 0.759474 0.843805 0.761126 0.416685 0.937815 0.789275 0.868205 0.460998 0.240881 0.869498
0.268617 0.253711 0.629855 0.328669 0.938908 0.042306 0.276940 0.565250 0.668871 0.635659 0.221516 0.815363
