28 12 14
0.112618 0.558463 0.482732 0.545147 0.202073 0.131232 0.730770 0.032398 0.776174 0.819438 0.484469 0.307223
0.545906 0.940609 0.018936 0.724753 0.592751 0.778820 0.112788 0.005810 0.804192 0.322904 0.507443 0.133548
0.552889 0.257513 0.727001 0.647154 0.833545 0.623348 0.868313 0.125415 0.105215 0.622513 0.726432 0.673234
0.896538 0.528748 0.425632 0.044521 0.721697 0.102991 0.158276 0.052019 0.215348 0.671783 0.809236 0.256494
0.700231 0.921841 0.926288 0.250613 0.727737 0.696355 0.447994 0.020829 0.136841 0.509231 0.529412 0.601809
0.006319 0.602076 0.440764 0.819810 0.104634 0.431468 0.204471 0.102957 0.897889 0.299725 0.562853 0.285335
0.979672 0.719848 0.067501 0.285975 0.595451 0.917458 0.430663 0.187884 0.459949 0.299308 0.829283 0.269213
0.619297 0.915393 0.221998 0.312930 0.288603 0.111146 0.194037 0.272471 0.905997 0.839362 0.037415 0.266976
0.343058 0.407618 0.945101 0.070103 0.017676 0.661673 0.104211 0.690941 0.891254 0.787198 0.668120 0.096550
0.909997 0.859921 0.928937 0.622906 0.656959 0.344113 0.221178 0.543319 0.814801 0.113676 0.753113 0.251225
0.647867 0.433190 0.628530 0.608429 0.522144 0.910421 0.526622 0.629059 0.387089 0.061013 0.647547 0.718125
0.220204 0.634230 0.905130 0.999883 0.752815 0.530767 0.083164 0.657624 0.237156 0.829992 0.098403 0.536554
0.215780 0.561912 0.139380 0.718262 0.235113 0.162142 0.501634 0.119786 0.354152 0.393948 0.190112 0.830603
0.831104 0.656668 0.441630 0.985307 0.829596 0.003159 0.548620 0.125080 0.535705 0.476761 0.248482 0.965152
0.288354 0.044334 0.913732 0.486390 0.598022 0.282992 0.493276 0.480212 0.372691 0.181045 0.502441 0.540404
0.978711 0.318112 0.298379 0.856170 0.314710 0.490277 0.985549 0.120165 0.433523 0.634206 0.153183 0.116681
0.426613 0.354060 0.448693 0.467886 0.627611 0.407595 0.779222 0.135429 0.980242 0.229789 0.290772 0.395162
0.949765 0.036102 0.120346 0.753797 0.423106 0.408080 0.677416 0.443353 0.604089 0.221146 0.322854 0.223979
0.887323 0.203907 0.455126 0.917313 0.717343 0.920417 0.999925 0.657512 0.306268 0.359956 0.077949 0.979011
0.428038 0.219029 0.177623 0.320254 0.374596 0.103241 0.929760 0.175178 0.923234 0.188099 0.687140 0.385774
0.415872 0.848792 0.811214 0.781176 0.543749 0.358310 0.185646 0.451930 0.324915 0.346053 0.473141 0.328433
0.963110 0.429709 0.559873 0.205938 0.901416 0.472176 0.010743 0.519648 0.752783 0.019297 0.628183 0.328249
0.161764 0.838221 0.254100 0.141367 0.497804 0.765797 0.614807 0.833979 0.865208 0.832912 0.115972 0.992611
0.782215 0.380461 0.827723 0.089372 0.160943 0.459289 0.711166 0.012453 0.813255 0.324438 0.731984 0.691073
0.588213 0.536708 0.406994 0.339555 0.820218 0.341239 0.034345 0.144876 0.599820 0.904530 0.496576 0.251424
0.008147 0.923577 0.390687 0.668686 0.464028 0.299674 0.234878 0.135562 0.172167 0.111344 0.606247 0.299459
0.611352 0.190603 0.598865 0.792015 0.896664 0.999112 0.476571 0.197480 0.519246 0.949069 0.967461 0.423049
0.326881 0.133894 0.749633 0.830251 0.326561 0.906215 0.498434 0.000648 0.438477 0.654477 0.157336 0.831264
