24 12 8
0.512656 0.720368 0.181551 0.443697 0.810582 0.383485 0.879939 0.608820 0.058317 0.367193 0.470571 0.657149
0.401371 0.351337 0.147040 0.214738 0.543530 0.602313 0.003674 0.405154 0.804616 0.179494 0.063844 0.603714
0.475592 0.092726 0.796480 0.837807 0.543410 0.518686 0.188978 0.868207 0.567738 0.062048 0.153010 0.400363
0.479888 0.553355 0.629319 0.863882 0.872679 0.833947 0.058291 0.717987 0.809145 0.562076 0.461400 0.160288
0.755386 0.638575 0.196976 0.410511 0.222140 0.454170 0.581780 0.247817 0.483637 0.798456 0.270712 0.595748
0.430187 0.145098 0.422718 0.492870 0.889791 0.361800 0.958723 0.613439 0.248523 0.581019 0.685024 0.807121
0.846381 0.383436 0.044236 0.040985 0.133208 0.983415 0.090930 0.143278 0.164183 0.293229 0.582955 0.666975
0.455581 0.490097 0.275790 0.713275 0.706602 0.517895 0.774687 0.883795 0.702730 0.574902 0.687749 0.826352
0.409997 0.407588 0.231958 0.848063 0.239572 0.618517 0.997842 0.486224 0.636161 0.415101 0.995018 0.738427
0.444535 0.972769 0.661340 0.276117 0.583793 0.544383 0.539150 0.852967 0.723910 0.332722 0.618352 0.821464
0.065550 0.244893 0.353619 0.829257 0.733820 0.307004 0.151793 0.590472 0.215325 0.384557 0.757379 0.774560
0.210178 0.176687 0.593401 0.842937 0.569809 0.692921 0.682557 0.026944 0.888637 0.903108 0.342879 0.500754
0.374776 0.651088 0.257946 0.234201 0.825172 0.161808 0.739318 0.532663 0.325711 0.467458 0.053296 0.188495
0.997169 0.853747 0.232763 0.515319 0.828574 0.138491 0.583520 0.850617 0.915258 0.740348 0.840323 0.836792
0.191259 0.747827 0.530752 0.041785 0.737988 0.774091 0.055915 0.680381 0.603722 0.031302 0.035066 0.703269
0.052640 0.725904 0.771814 0.607857 0.918958 0.004085 0.443300 0.899438 0.637855 0.280181 0.889224 0.487537
0.417174 0.090868 0.739577 0.379315 0.500253 0.609230 0.958096 0.886145 0.221073 0.948185 0.289164 0.321162
0.269999 0.061451 0.943737 0.603653 0.828195 0.560434 0.704612 0.952470 0.520718 0.597075 0.212766 0.355059
0.510390 0.430280 0.756828 0.241317 0.422505 0.240776 0.171393 0.107830 0.993078 0.376942 0.989527 0.276993
0.806684 0.958766 0.594884 0.334440 0.869405 0.740039 0.786456 0.510841 0.168162 0.378610 0.516776 0.738672
0.419927 0.969748 0.593327 0.413520 0.360084 0.850711 0.859165 0.043670 0.116320 0.242092 0.960186 0.248069
0.920259 0.650693 0.398173 0.045093 0.914730 0.093973 0.841732 0.926122 0.205381 0.164867 0.410296 0.745676
0.950230 0.266334 0.890998 0.739654 0.694705 0.303939 0.237634 0.493843 0.565456 0.715353 0.708878 0.957336
0.638138 0.016986 0.314066 0.138704 0.784687 0.282363 0.810542 0.593153 0.878558 0.452609 0.613960 0.708947
