12 12 8
0.879102 0.420752 0.595123 0.378432 0.689036 0.150783 0.043394 0.193015 0.133918 0.057665 0.181703 0.167495
0.634709 0.849261 0.422100 0.175627 0.302851 0.308472 0.086432 0.779769 0.974179 0.107507 0.281761 0.520709
0.068609 0.408467 0.534600 0.642052 0.523286 0.609946 0.190272 0.733771 0.194872 0.350002 0.903885 0.871394
0.987924 0.568865 0.658615 0.046688 0.165062 0.057892 0.785915 0.719981 0.945558 0.695016 0.936021 0.551206
0.420732 0.111100 0.204961 0.791364 0.777633 0.849952 0.511486 0.101574 0.435247 0.494716 0.320815 0.936493
0.017458 0.830880 0.226602 0.771997 0.703064 0.918711 0.261223 0.062599 0.048198 0.456713 0.192329 0.367599
0.622627 0.897582 0.126391 0.373474 0.783461 0.696629 0.399792 0.003122 0.420742 0.324759 0.851849 0.997965
0.883123 0.312048 0.151489 0.045037 0.608713 0.386529 0.546137 0.279171 0.461412 0.712134 0.504643 0.307207
0.522852 0.256422 0.678941 0.014079 0.970186 0.695857 0.772955 0.887024 0.758174 0.335929 0.770865 0.196222
0.738118 0.496202 0.655869 0.683015 0.275022 0.150830 0.340757 0.682952 0.419527 0.559546 0.647709 0.783261
0.858383 0.433252 0.019891 0.404819 0.652462 0.673723 0.178143 0.565726 0.639106 0.544595 0.016369 0.862321
0.692313 0.971956 0.838479 0.034903 0.572375 0.938061 0.495099 0.587676 0.112973 0.282507 0.993489 0.767823
