36 12 9
0.626926 0.448133 0.463580 0.425708 0.758984 0.570699 0.407945 0.555214 0.036186 0.468457 0.488608 0.501913
0.967434 0.675289 0.466641 0.292113 0.363560 0.569710 0.986200 0.054129 0.182980 0.144591 0.310602 0.579392
0.167877 0.619589 0.400247 0.729345 0.243589 0.145637 0.684232 0.912868 0.907570 0.277408 0.758944 0.619404
0.036797 0.356462 0.659182 0.345454 0.019055 0.099044 0.279576 0.945223 0.083243 0.391892 0.393256 0.667720
0.641172 0.899504 0.653115 0.615790 0.499142 0.727459 0.297926 0.109454 0.887971 0.949642 0.079556 0.415875
0.053202 0.541277 0.767777 0.640254 0.344365 0.572157 0.396495 0.926299 0.453307 0.630229 0.336795 0.632088
0.632884 0.712731 0.906730 0.726568 0.886521 0.298818 0.172642 0.463265 0.655013 0.214088 0.066698 0.945108
0.879890 0.645304 0.164461 0.779251 0.979255 0.941040 0.324001 0.030939 0.095062 0.419890 0.112630 0.522166
0.790488 0.670030 0.131804 0.458425 0.304155 0.679293 0.784534 0.369337 0.131937 0.834984 0.914813 0.960754
0.781378 0.707320 0.712033 0.773245 0.319599 0.250903 0.910059 0.678245 0.427823 0.621827 0.928120 0.500382
0.306455 0.717727 0.013226 0.363978 0.660695 0.936440 0.250603 0.331422 0.422788 0.459323 0.901670 0.049568
0.145577 0.684232 0.679794 0.636545 0.784383 0.746100 0.798718 0.884032 0.753420 0.443062 0.275269 0.207001
0.777300 0.214094 0.266086 0.826553 0.576660 0.481864 0.439598 0.169239 0.895815 0.167333 0.526987 0.415858
0.611785 0.757181 0.524881 0.339592 0.398464 0.306260 0.804983 0.931042 0.220455 0.420257 0.389406 0.240615
0.817283 0.504946 0.692590 0.663473 0.591458 0.140834 0.482961 0.389028 0.070666 0.716903 0.935685 0.344396
0.226273 0.854212 0.448620 0.880266 0.757349 0.965122 0.261903 0.880756 0.625599 0.239362 0.250839 0.105245
0.968174 0.964943 0.967541 0.067278 0.217064 0.055973 0.849188 0.119238 0.167313 0.311511 0.044708 0.688852
0.811267 0.782080 0.273741 0.601151 0.405208 0.519864 0.183257 0.078044 0.673030 0.772958 0.536779 0.167945
0.908939 0.675502 0.969567 0.402890 0.520289 0.805105 0.654641 0.271593 0.294962 0.705414 0.370751 0.958430
0.793837 0.618741 0.287447 0.223120 0.469225 0.027719 0.409402 0.531227 0.503300 0.761138 0.330395 0.544186
0.219950 0.701943 0.540423 0.774372 0.127414 0.651778 0.759353 0.249220 0.372896 0.422008 0.305135 0.897536
0.643249 0.379715 0.335243 0.339839 0.651184 0.587414 0.470087 0.321195 0.685290 0.098096 0.131169 0.969795
0.848608 0.841799 0.009045 0.610441 0.060556 0.558443 0.394977 0.826882 0.222086 0.025394 0.690620 0.871153
0.941023 0.086973 0.311810 0.281776 0.641467 0.062086 0.973673 0.957987 0.366363 0.823793 0.956057 0.473778
0.845345 0.262288 0.103422 0.558355 0.628481 0.084752 0.358221 0.264480 0.270913 0.795321 0.282619 0.776208
0.547156 0.683391 0.411099 0.792264 0.909440 0.882460 0.177696 0.232502 0.159215 0.525416 0.897079 0.634929
0.633549 0.783900 0.416925 0.453043 0.145695 0.092686 0.457415 0.997667 0.926854 0.838873 0.662436 0.627545
0.096691 0.462398 0.575835 0.555808 0.338614 0.618815 0.583685 0.798327 0.348044 0.219782 0.814368 0.768847
0.470655 0.537573 0.663786 0.974807 0.564141 0.854903 0.577623 0.074272 0.377423 0.996592 0.192756 0.550940
0.612793 0.770403 0.027987 0.184727 0.589840 0.417652 0.994539 0.313643 0.131720 0.117506 0.429770 0.176735
0.592035 0.644138 0.152935 0.492482 0.892949 0.316649 0.588467 0.469666 0.808337 0.875977 0.322693 0.685933
0.851221 0.116482 0.168927 0.924400 0.075905 0.249959 0.052441 0.361680 0.039962 0.412198 0.500538 0.363027
0.051950 0.312700 0.326816 0.732107 0.087016 0.879764 0.500706 0.898120 0.042611 0.396871 0.277916 0.380632
0.601240 0.108682 0.344248 0.138036 0.350750 0.388429 0.954499 0.437924 0.955341 0.452783 0.279572 0.490118
0.189874 0.900120 0.163683 0.098317 0.456998 0.961701 0.403917 0.683726 0.684420 0.387917 0.878550 0.842826
0.180772 0.143874 0.800274 0.687377 0.217133 0.985626 0.974104 0.190185 0.667567 0.355039 0.797340 0.731184
