24 12 4
0.669363 0.886716 0.076100 0.817094 0.453260 0.408355 0.990618 0.065607 0.435110 0.873114 0.614981 0.079824
0.580351 0.492961 0.307973 0.756341 0.653040 0.787877 0.712176 0.716564 0.443213 0.859734 0.145738 0.492357
0.184077 0.758818 0.038510 0.441136 0.546669 0.122942 0.112302 0.128624 0.258479 0.721553 0.287059 0.951961
0.411228 0.513294 0.189986 0.180947 0.319876 0.573410 0.414988 0.120558 0.350465 0.862074 0.950119 0.994126
0.236491 0.468361 0.482236 0.231748 0.910341 0.043913 0.401671 0.978011 0.043749 0.483281 0.610466 0.684901
0.034987 0.666479 0.452965 0.473410 0.359916 0.740430 0.127063 0.542816 0.531148 0.910668 0.290639 0.493031
0.283084 0.179108 0.928682 0.116291 0.590182 0.194017 0.839524 0.830909 0.449719 0.146868 0.473340 0.447050
0.627957 0.313200 0.349301 0.078739 0.438202 0.459654 0.366657 0.421745 0.415702 0.824572 0.796388 0.204324
0.966143 0.187865 0.641611 0.657778 0.784764 0.058833 0.266155 0.690114 0.778604 0.440083 0.291224 0.741146
0.845623 0.627392 0.181567 0.189577 0.465743 0.391204 0.755411 0.283841 0.178185 0.649250 0.800654 0.104955
0.009685 0.933053 0.581539 0.741463 0.679311 0.972102 0.719997 0.843901 0.254781 0.448365 0.615189 0.950698
0.229851 0.887097 0.872156 0.663134 0.595770 0.750542 0.198298 0.921532 0.283936 0.454449 0.854997 0.728045
0.991304 0.911874 0.832726 0.258983 0.060054 0.570060 0.928828 0.522677 0.669051 0.344947 0.581780 0.504800
0.136040 0.584145 0.190912 0.175322 0.285023 0.880104 0.890178 0.270181 0.134611 0.807934 0.915433 0.786951
0.499523 0.502023 0.231915 0.121825 0.627524 0.038053 0.603425 0.459812 0.510453 0.857769 0.299973 0.757132
0.737433 0.557958 0.785917 0.068643 0.036748 0.997797 0.070397 0.476966 0.057994 0.895891 0.549943 0.827731
0.273939 0.608568 0.603515 0.638476 0.381097 0.600095 0.864549 0.650193 0.845887 0.738913 0.880592 0.644832
0.070990 0.014717 0.167500 0.045999 0.424337 0.903286 0.399949 0.034322 0.839318 0.781933 0.931666 0.823315
0.323009 0.529322 0.115003 0.793541 0.316264 0.940011 0.354485 0.578285 0.976960 0.767611 0.456393 0.147656
0.683007 0.213333 0.141203 0.446706 0.207025 0.596564 0.980410 0.268271 0.631517 0.914846 0.580476 0.141723
0.189739 0.981509 0.242899 0.964247 0.134467 0.549724 0.078585 0.025679 0.970810 0.229576 0.362430 0.040617
0.987185 0.317482 0.342224 0.603074 0.504477 0.703629 0.266632 0.019205 0.437761 0.148267 0.279787 0.502716
0.784856 0.920910 0.218569 0.906691 0.092851 0.775047 0.999091 0.037992 0.443221 0.364325 0.504692 0.994709
0.026062 0.304363 0.560334 0.360766 0.401414 0.094242 0.081498 0.859796 0.459856 0.229592 0.197558 0.742016
