40 12 10
0.404125 0.935895 0.121812 0.192752 0.177907 0.551178 0.172391 0.395494 0.260104 0.451076 0.468697 0.871223
0.017664 0.861853 0.472366 0.262243 0.685241 0.881711 0.311357 0.537974 0.969590 0.997843 0.826599 0.668407
0.159411 0.122529 0.277053 0.209397 0.403045 0.912811 0.577353 0.905214 0.721193 0.684002 0.187376 0.638920
0.598638 0.996135 0.204919 0.230285 0.634200 0.206408 0.792368 0.269382 0.603870 0.983403 0.398670 0.350554
0.111389 0.683160 0.177175 0.090615 0.536464 0.141563 0.226021 0.293593 0.196133 0.092117 0.234888 0.195435
0.423550 0.231441 0.515072 0.089960 0.805955 0.338312 0.832226 0.361225 0.386379 0.303869 0.471003 0.530396
0.971711 0.087793 0.650486 0.664449 0.524177 0.802502 0.404541 0.052542 0.759520 0.899377 0.739558 0.641053
0.122499 0.803083 0.524579 0.128331 0.536633 0.161146 0.731308 0.614614 0.631269 0.510471 0.991281 0.418634
0.510028 0.059582 0.536300 0.952966 0.832150 0.235448 0.296050 0.208313 0.112132 0.097577 0.025786 0.197552
0.379009 0.628812 0.854831 0.596365 0.415870 0.761766 0.243744 0.294382 0.953007 0.084408 0.664005 0.067529
0.425692 0.344993 0.474125 0.361072 0.146004 0.098026 0.376895 0.185476 0.414752 0.594120 0.441492 0.461542
0.737715 0.071327 0.899043 0.021169 0.941815 0.299023 0.220561 0.820029 0.837398 0.155297 0.628979 0.848674
0.863857 0.747914 0.934477 0.156265 0.987338 0.677096 0.269341 0.755101 0.416573 0.155131 0.433898 0.445103
0.057455 0.587741 0.820164 0.937879 0.171468 0.992322 0.491817 0.836829 0.343472 0.378147 0.654977 0.808310
0.797980 0.099901 0.822066 0.308239 0.804469 0.140202 0.620399 0.934877 0.205639 0.750481 0.967371 0.345905
0.363690 0.673019 0.797276 0.487399 0.839780 0.707142 0.463393 0.749570 0.469396 0.899440 0.022085 0.830901
0.781875 0.469144 0.553296 0.397606 0.784683 0.404818 0.380659 0.088605 0.868979 0.810576 0.604994 0.732160
0.043319 0.460344 0.803485 0.805355 0.818288 0.488257 0.453139 0.956701 0.188925 0.064853 0.349760 0.034840
0.253859 0.272801 0.308167 0.703536 0.451597 0.253611 0.570130 0.462042 0.084711 0.846783 0.609644 0.788031
0.392072 0.304076 0.573774 0.621479 0.404050 0.525136 0.446963 0.550795 0.408047 0.737306 0.998200 0.242073
0.801142 0.597190 0.247937 0.591114 0.382667 0.063621 0.242448 0.126273 0.630611 0.452461 0.420541 0.732166
0.146682 0.459442 0.224060 0.416298 0.904430 0.493658 0.404433 0.847468 0.398074 0.808146 0.014221 0.738214
0.271367 0.454893 0.379216 0.562374 0.563007 0.781852 0.051650 0.206823 0.100153 0.768662 0.551327 0.891829
0.864386 0.350923 0.930760 0.367567 0.006223 0.861160 0.431308 0.543421 0.452611 0.656167 0.663741 0.687176
0.250714 0.338956 0.360285 0.744330 0.562544 0.076224 0.507457 0.065752 0.551585 0.451608 0.162445 0.917825
0.480293 0.219612 0.493526 0.466437 0.252389 0.787403 0.446847 0.749478 0.019713 0.091273 0.199566 0.970281
0.277616 0.138448 0.912564 0.157046 0.096755 0.590072 0.145047 0.283546 0.048720 0.303941 0.146067 0.561044
0.422566 0.230713 0.119105 0.450366 0.829071 0.717286 0.993023 0.379825 0.298380 0.215646 0.465539 0.621716
0.928083 0.255141 0.765445 0.685451 0.456310 0.931044 0.178284 0.174636 0.927601 0.699335 0.150155 0.156475
0.266476 0.452154 0.116302 0.457775 0.379560 0.549232 0.932034 0.327149 0.486837 0.503118 0.048893 0.296118
0.048131 0.682658 0.666682 0.021592 0.127685 0.437094 0.129919 0.885615 0.706833 0.311844 0.035250 0.196833
0.360222 0.122428 0.315609 0.884169 0.494789 0.494297 0.896001 0.725943 0.642342 0.419815 0.612568 0.550227
0.834000 0.822524 0.679589 0.400973 0.452914 0.511532 0.773959 0.797837 0.371681 0.065878 0.780543 0.988365
0.297048 0.839314 0.706943 0.783257 0.518115 0.132024 0.813635 0.256904 0.531568 0.381981 0.211813 0.871288
0.114819 0.711328 0.224390 0.997935 0.337334 0.763011 0.000296 0.923956 0.893477 0.908446 0.595163 0.086966
0.926114 0.660700 0.563757 0.890810 0.974674 0.180080 0.735260 0.202353 0.541987 0.754270 0.474008 0.318428
0.894937 0.084230 0.224115 0.955061 0.513421 0.292649 0.019427 0.662024 0.800820 0.318617 0.775398 0.017148
0.632584 0.316148 0.271253 0.039931 0.524631 0.946012 0.696328 0.094975 0.453532 0.033373 0.443220 0.437718
0.097929 0.682836 0.796937 0.052659 0.182417 0.597635 0.847652 0.169433 0.974373 0.479921 0.380212 0.043499
0.734185 0.228262 0.710933 0.340114 0.521799 0.447491 0.503567 0.907997 0.160898 0.682903 0.576171 0.428903
