10 12 5
0.315049 0.791865 0.603912 0.792993 0.535692 0.352685 0.295188 0.137979 0.376266 0.202951 0.582527 0.126632
0.929049 0.491818 0.644751 0.986743 0.045209 0.333257 0.426313 0.569255 0.400768 0.095729 0.707798 0.723373
0.497443 0.785579 0.921422 0.162071 0.116208 0.232439 0.421732 0.178955 0.507001 0.261809 0.888566 0.534370
0.385775 0.910908 0.707801 0.609740 0.192823 0.124130 0.664614 0.092764 0.139978 0.840447 0.328314 0.559584
0.421240 0.373165 0.675437 0.104914 0.923964 0.653093 0.421387 0.727177 0.391172 0.217314 0.899233 0.599765
0.347013 0.077714 0.265243 0.791966 0.373527 0.314965 0.420074 0.817186 0.826151 0.399147 0.109355 0.170282
0.184250 0.154113 0.532820 0.177536 0.527505 0.239538 0.472377 0.480680 0.643116 0.009828 0.179621 0.991563
0.818241 0.146085 0.365363 0.609927 0.429279 0.888958 0.802979 0.844752 0.667607 0.003330 0.014814 0.034843
0.858740 0.116145 0.444554 0.500802 0.641137 0.378795 0.120918 0.797077 0.881921 0.064886 0.783926 0.862269
0.056600 0.466598 0.890354 0.547597 0.269377 0.421707 0.546364 0.967744 0.080902 0.555406 0.301789 0.451818
