32 12 24
0.557692 0.886048 0.358298 0.621609 0.731285 0.962087 0.548591 0.806561 0.971404 0.371490 0.834239 0.812871
0.472533 0.819515 0.677930 0.570978 0.618040 0.496480 0.965267 0.126975 0.991312 0.709962 0.779159 0.362398
0.306266 0.756998 0.263258 0.499284 0.795113 0.868144 0.515175 0.127874 0.320820 0.903699 0.798997 0.112425
0.759967 0.832571 0.149034 0.348278 0.023837 0.965284 0.167180 0.444307 0.863283 0.379874 0.313623 0.579762
0.379701 0.517007 0.356181 0.230268 0.755529 0.974529 0.321247 0.071309 0.562567 0.297718 0.253970 0.199862
0.127387 0.886163 0.053821 0.505144 0.179537 0.279050 0.479580 0.474303 0.920169 0.631046 0.644946 0.158817
0.337830 0.130417 0.447669 0.915239 0.837905 0.929336 0.265704 0.812939 0.142568 0.788133 0.459869 0.348854
0.776723 0.232857 0.252884 0.100975 0.148316 0.679032 0.234690 0.275566 0.590916 0.931546 0.367508 0.770029
0.788598 0.922959 0.821599 0.587711 0.616894 0.109442 0.101631 0.962666 0.574616 0.857753 0.197938 0.865778
0.117794 0.001576 0.482126 0.160572 0.358150 0.683539 0.716895 0.136129 0.266750 0.979312 0.520616 0.324926
0.593767 0.725407 0.384094 0.005094 0.400640 0.246332 0.800870 0.223462 0.366144 0.931416 0.868765 0.202950
0.195620 0.349959 0.550270 0.434909 0.681321 0.417965 0.106591 0.421725 0.969358 0.959774 0.614922 0.447584
0.914374 0.446976 0.547552 0.453804 0.577497 0.484654 0.712766 0.013788 0.813453 0.790421 0.044808 0.786877
0.025209 0.407514 0.335363 0.186966 0.639340 0.377172 0.716206 0.256760 0.941363 0.225396 0.556807 0.970389
0.738531 0.643382 0.000851 0.001760 0.244057 0.390803 0.204908 0.795987 0.839550 0.635137 0.374091 0.742265
0.190222 0.914436 0.865384 0.839030 0.151205 0.958506 0.619780 0.048428 0.006062 0.213422 0.718759 0.229234
0.176015 0.127660 0.240441 0.411464 0.126430 0.660486 0.603848 0.279902 0.426404 0.399000 0.972628 0.290560
0.041118 0.555082 0.117517 0.645648 0.917197 0.055158 0.621422 0.064034 0.794120 0.456062 0.626376 0.447124
0.570570 0.693075 0.888592 0.811926 0.591512 0.986051 0.693523 0.134621 0.928748 0.746188 0.277501 0.706146
0.988260 0.124013 0.508449 0.019297 0.391954 0.327902 0.751120 0.719368 0.007096 0.234797 0.867107 0.389226
0.752169 0.437631 0.000298 0.085155 0.220190 0.636625 0.714315 0.188101 0.443395 0.108980 0.643677 0.340645
0.337076 0.609504 0.788111 0.629426 0.112640 0.635624 0.291788 0.200632 0.208840 0.357354 0.110357 0.276322
0.012295 0.392523 0.335208 0.851088 0.556012 0.579141 0.443650 0.004943 0.607154 0.417064 0.866275 0.665954
0.789027 0.854309 0.771064 0.380889 0.479967 0.966471 0.716796 0.352167 0.373887 0.599954 0.865417 0.949262
0.431813 0.062123 0.493349 0.638787 0.012503 0.840172 0.197614 0.398126 0.305705 0.072910 0.509619 0.134086
0.248195 0.361610 0.997575 0.072457 0.643744 0.692073 0.214926 0.915821 0.159232 0.579291 0.572249 0.721523
0.829256 0.719149 0.192147 0.770734 0.922475 0.127300 0.583924 0.841797 0.441426 0.745977 0.090049 0.657669
0.592610 0.170441 0.837380 0.367329 0.854330 0.678287 0.471767 0.622712 0.671916 0.429929 0.519888 0.975412
0.572216 0.978340 0.688086 0.326869 0.488009 0.706241 0.011297 0.078229 0.378967 0.079471 0.780232 0.890282
0.150365 0.611087 0.700364 0.650608 0.247060 0.883931 0.797999 0.581264 0.699259 0.467156 0.821464 0.961373
0.838111 0.450765 0.321456 0.490891 0.465862 0.332418 0.077387 0.212935 0.739689 0.483335 0.593060 0.968026
0.655170 0.712935 0.964933 0.855282 0.432052 0.185102 0.051169 0.214798 0.449053 0.884779 0.749356 0.653130
