36 12 27
0.133087 0.597251 0.078411 0.028884 0.569394 0.937314 0.860267 0.185551 0.259979 0.684258 0.326235 0.395550
0.486427 0.584586 0.606365 0.159570 0.403705 0.279561 0.215218 0.034575 0.016971 0.220877 0.973728 0.242043
0.466397 0.584928 0.121455 0.627264 0.284556 0.975283 0.384709 0.473163 0.579521 0.354378 0.538717 0.215211
0.108701 0.490346 0.285904 0.080587 0.397678 0.453852 0.728482 0.788593 0.708241 0.137689 0.511914 0.668026
0.905891 0.246083 0.024685 0.106648 0.309172 0.780759 0.097821 0.712406 0.853416 0.874983 0.884647 0.088574
0.394436 0.712719 0.470915 0.652626 0.759405 0.629619 0.433664 0.924404 0.495460 0.574386 0.238512 0.649186
0.156735 0.159314 0.070187 0.517917 0.786798 0.520114 0.271919 0.056179 0.860042 0.106759 0.353663 0.036277
0.901087 0.921193 0.605370 0.357824 0.467801 0.674796 0.545535 0.652242 0.105445 0.755993 0.487432 0.663758
0.063701 0.035340 0.420167 0.881885 0.743034 0.886253 0.045673 0.689877 0.137114 0.120296 0.161234 0.278782
0.939817 0.903275 0.034576 0.517030 0.023820 0.953632 0.119161 0.874566 0.522714 0.274201 0.733073 0.173677
0.501277 0.372082 0.256532 0.441731 0.752336 0.495757 0.388329 0.072259 0.668672 0.319548 0.963110 0.051161
0.851260 0.037879 0.600562 0.392341 0.707337 0.027618 0.060144 0.332222 0.548328 0.103327 0.771395 0.067968
0.742246 0.474930 0.971584 0.215368 0.878580 0.419387 0.760738 0.325615 0.347318 0.451258 0.667896 0.455571
0.610477 0.832526 0.415940 0.702549 0.019123 0.605112 0.665628 0.158751 0.356346 0.494622 0.870651 0.482155
0.612029 0.668165 0.373189 0.099072 0.634405 0.615980 0.957531 0.920703 0.337062 0.109606 0.388460 0.444101
0.074417 0.643083 0.221189 0.091414 0.004949 0.698219 0.699778 0.624940 0.861963 0.138964 0.003892 0.057335
0.396977 0.353281 0.129866 0.017215 0.305617 0.540204 0.796169 0.936799 0.113853 0.278165 0.593505 0.031561
0.405086 0.620123 0.035351 0.633180 0.153764 0.293142 0.527591 0.605373 0.846450 0.962304 0.975995 0.009577
0.859947 0.404833 0.275453 0.647159 0.347721 0.734398 0.417745 0.240023 0.067704 0.416664 0.398768 0.225194
0.243232 0.458288 0.926339 0.371971 0.316413 0.187675 0.391357 0.062309 0.246431 0.596483 0.200109 0.463874
0.627594 0.251487 0.490672 0.048485 0.621352 0.775529 0.073023 0.983829 0.955251 0.574092 0.378565 0.448854
0.910052 0.484304 0.910891 0.744669 0.597096 0.015062 0.458163 0.196989 0.921022 0.301591 0.785146 0.600333
0.483012 0.763768 0.090321 0.846875 0.777346 0.966634 0.725707 0.856003 0.731262 0.741632 0.924872 0.452927
0.416003 0.167313 0.761909 0.244335 0.457158 0.126040 0.179388 0.742393 0.882439 0.453594 0.959762 0.717800
0.983793 0.391262 0.556360 0.913707 0.970206 0.048840 0.383745 0.717067 0.873421 0.401175 0.093371 0.714754
0.407962 0.722282 0.361730 0.603297 0.502448 0.229447 0.083498 0.432813 0.827104 0.530035 0.908131 0.968017
0.241678 0.893725 0.634886 0.509465 0.094948 0.781769 0.116320 0.442183 0.428084 0.083775 0.085362 0.659391
0.556061 0.675036 0.655889 0.274405 0.713192 0.601455 0.183708 0.737788 0.609109 0.378781 0.405282 0.631689
0.076349 0.029358 0.840915 0.349928 0.048101 0.047477 0.133434 0.493889 0.659658 0.052377 0.037738 0.608850
0.608260 0.625574 0.322380 0.726888 0.291966 0.751697 0.119207 0.151349 0.853163 0.912268 0.036587 0.341984
0.148939 0.975767 0.963480 0.574251 0.444372 0.211334 0.977491 0.356841 0.593846 0.182007 0.117506 0.339642
0.828679 0.326137 0.519923 0.424645 0.759409 0.273355 0.253618 0.244467 0.904137 0.430908 0.138299 0.941026
0.917872 0.789148 0.988427 0.692441 0.536319 0.770571 0.873556 0.053472 0.115252 0.683829 0.761266 0.398897
0.048325 0.595160 0.793242 0.509540 0.087683 0.916855 0.244171 0.486347 0.536334 0.132248 0.974088 0.868074
0.144141 0.159574 0.928431 0.059268 0.602561 0.395895 0.364751 0.190539 0.782880 0.364579 0.953673 0.870084
0.112205 0.710994 0.603331 0.820539 0.383886 0.430672 0.955120 0.169221 0.010647 0.435532 0.925973 0.846593
