26 12 13
0.690485 0.368488 0.938917 0.884262 0.470899 0.103377 0.910986 0.013699 0.976701 0.380104 0.490547 0.310016
0.911279 0.139753 0.139621 0.582358 0.969848 0.207961 0.911692 0.397265 0.486836 0.261905 0.545335 0.323221
0.014206 0.222619 0.364597 0.961281 0.923662 0.800078 0.522824 0.677561 0.509784 0.286886 0.698492 0.209962
0.731189 0.524046 0.929777 0.026684 0.129411 0.228878 0.568182 0.160195 0.475410 0.500706 0.374121 0.065660
0.895186 0.427033 0.863097 0.029823 0.119389 0.742238 0.825965 0.977432 0.494157 0.993520 0.945898 0.776178
0.105705 0.253035 0.440565 0.863951 0.819927 0.021526 0.459418 0.485421 0.355536 0.739617 0.048696 0.174159
0.329829 0.642698 0.655427 0.095240 0.086214 0.082371 0.451388 0.965408 0.736455 0.566620 0.391189 0.623278
0.683047 0.345428 0.666371 0.806777 0.417122 0.514500 0.218555 0.503337 0.690595 0.061778 0.085445 0.691090
0.232574 0.849446 0.894343 0.903399 0.957714 0.256755 0.803644 0.326033 0.506020 0.505677 0.182784 0.580842
0.921374 0.773220 0.921680 0.944198 0.901737 0.984412 0.449625 0.829768 0.797449 0.506560 0.834563 0.196608
0.577098 0.804521 0.145096 0.327697 0.721946 0.130194 0.425929 0.208461 0.805203 0.858970 0.930466 0.963497
0.301483 0.665912 0.766696 0.071118 0.973701 0.443838 0.998596 0.168027 0.508478 0.438873 0.063655 0.344638
0.149160 0.943442 0.773815 0.055508 0.596409 0.860121 0.937900 0.763163 0.735204 0.790214 0.767693 0.643186
0.631883 0.090341 0.075125 0.528733 0.525250 0.330585 0.292283 0.363301 0.659392 0.226314 0.029814 0.337128
0.570191 0.744587 0.517621 0.822037 0.114191 0.300258 0.265765 0.049144 0.784419 0.334205 0.539255 0.975269
0.815988 0.340692 0.406961 0.708899 0.840223 0.087134 0.459075 0.113064 0.464353 0.659638 0.713925 0.028038
0.722533 0.746718 0.877799 0.396732 0.977202 0.565591 0.134189 0.916948 0.855670 0.270644 0.615531 0.316487
0.685957 0.836655 0.390648 0.086977 0.104329 0.482699 0.911130 0.311575 0.675442 0.913637 0.056373 0.940748
0.334131 0.128090 0.599637 0.228734 0.059569 0.830008 0.993009 0.914480 0.417068 0.161500 0.642624 0.417189
0.567422 0.791071 0.108439 0.037561 0.091401 0.043620 0.107855 0.577139 0.243664 0.874357 0.748262 0.565803
0.264310 0.434462 0.260638 0.000113 0.487445 0.854672 0.479548 0.954969 0.091889 0.200388 0.696961 0.163753
0.141613 0.374622 0.161510 0.882364 0.407304 0.882464 0.368445 0.087553 0.439755 0.207131 0.790828 0.265279
0.644136 0.719875 0.626201 0.818733 0.200655 0.246495 0.663789 0.724590 0.695380 0.561149 0.465322 0.909673
0.386720 0.339390 0.349029 0.293775 0.512907 0.095239 0.108068 0.166221 0.397003 0.683155 0.040903 0.115901
0.865840 0.613192 0.732202 0.889409 0.112306 0.787860 0.898960 0.148737 0.390015 0.951354 0.665990 0.557368
0.128594 0.490949 0.006536 0.137370 0.165805 0.680164 0.856195 0.698095 0.414326 0.857902 0.340276 0.727093
