22 12 11
0.982555 0.019706 0.070713 0.019061 0.030110 0.470893 0.160380 0.891560 0.454946 0.700710 0.456899 0.822158
0.705194 0.673680 0.470949 0.745741 0.904917 0.370080 0.011285 0.020199 0.397508 0.181297 0.036776 0.443262
0.321597 0.236439 0.807191 0.490499 0.751612 0.598086 0.175771 0.999122 0.601950 0.778634 0.023343 0.751846
0.576284 0.024332 0.765183 0.542467 0.527624 0.170046 0.808877 0.106892 0.670590 0.274485 0.431353 0.723577
0.535097 0.855195 0.872189 0.341705 0.061955 0.986374 0.517915 0.810806 0.570568 0.642514 0.058716 0.598193
0.322490 0.764995 0.537969 0.023464 0.924413 0.424889 0.812337 0.520237 0.058253 0.108561 0.169706 0.776751
0.212791 0.433308 0.367448 0.075328 0.458949 0.211308 0.730911 0.517278 0.868711 0.864173 0.495535 0.850924
0.647795 0.848173 0.495782 0.985563 0.120440 0.227544 0.448459 0.493195 0.805819 0.121743 0.411577 0.322478
0.076066 0.006070 0.984065 0.479251 0.920339 0.813858 0.876250 0.571262 0.309315 0.517626 0.088867 0.519187
0.777239 0.228408 0.720550 0.023955 0.121861 0.778218 0.408350 0.758098 0.495621 0.950043 0.036359 0.380806
0.670883 0.128279 0.719241 0.102958 0.032207 0.536768 0.842999 0.268586 0.376760 0.422815 0.683209 0.509310
0.741413 0.621866 0.406362 0.212160 0.997710 0.587831 0.015672 0.768445 0.563852 0.383319 0.623813 0.523864
0.865920 0.936267 0.543489 0.409450 0.581426 0.437324 0.369811 0.994915 0.970088 0.506614 0.899040 0.677975
0.379385 0.704694 0.595649 0.729929 0.272290 0.972414 0.592098 0.351896 0.448929 0.857534 0.008368 0.154048
0.333771 0.189884 0.185791 0.652392 0.314742 0.980674 0.549135 0.538892 0.688833 0.395439 0.399253 0.865683
0.871996 0.206447 0.960402 0.197621 0.457202 0.518887 0.328640 0.377927 0.169019 0.062553 0.381929 0.318730
0.668713 0.678361 0.302542 0.454830 0.654877 0.633454 0.937660 0.398043 0.547910 0.799319 0.538001 0.656912
0.677762 0.484453 0.136220 0.721216 0.687626 0.777510 0.095213 0.678680 0.786361 0.899079 0.768301 0.561461
0.573922 0.662184 0.860335 0.739992 0.054433 0.041561 0.450400 0.723625 0.295747 0.716189 0.861649 0.013778
0.554235 0.517151 0.885847 0.220476 0.527830 0.332469 0.976047 0.141317 0.182881 0.269887 0.107297 0.821276
0.823007 0.632028 0.100854 0.040541 0.978177 0.419841 0.094839 0.386944 0.066397 0.328435 0.170116 0.782729
0.021222 0.071576 0.645019 0.411229 0.601512 0.955051 0.269957 0.590952 0.334243 0.876886 0.926842 0.551993
