24 12 22
0.613504 0.450213 0.008260 0.598060 0.947349 0.054208 0.579368 0.568709 0.580902 0.178797 0.166154 0.207736
0.297549 0.355091 0.334684 0.276151 0.507771 0.511995 0.207150 0.180151 0.149366 0.665146 0.992426 0.420296
0.402915 0.431520 0.127330 0.311549 0.097934 0.889082 0.936848 0.692446 0.897413 0.635779 0.743224 0.632969
0.035560 0.129567 0.860662 0.985977 0.477811 0.039327 0.086992 0.308816 0.164174 0.752375 0.498015 0.639339
0.357703 0.690410 0.224418 0.222408 0.048014 0.282766 0.389057 0.939897 0.433420 0.166629 0.913704 0.253154
0.083194 0.511263 0.382805 0.005479 0.643536 0.530248 0.873281 0.883908 0.114203 0.326051 0.202800 0.011025
0.827281 0.213415 0.238682 0.178812 0.575865 0.295110 0.729111 0.766367 0.077168 0.654694 0.449903 0.797421
0.782568 0.548114 0.607982 0.594439 0.785019 0.839588 0.709409 0.796728 0.997978 0.854656 0.620479 0.621272
0.387983 0.929623 0.739319 0.629608 0.160684 0.916056 0.616003 0.737012 0.439885 0.487203 0.736980 0.925543
0.428258 0.858963 0.377877 0.781169 0.455187 0.601440 0.087360 0.470950 0.659787 0.476744 0.385344 0.863906
0.357298 0.715396 0.908584 0.418872 0.295354 0.323167 0.691949 0.067239 0.206694 0.332459 0.018702 0.131348
0.013056 0.140085 0.522266 0.889883 0.159322 0.666992 0.415467 0.450270 0.686821 0.416772 0.108933 0.630423
0.704153 0.987770 0.874304 0.700916 0.430896 0.383382 0.087356 0.092314 0.503817 0.204667 0.589691 0.618059
0.042517 0.388961 0.591746 0.393674 0.836578 0.077596 0.967899 0.418882 0.322838 0.300030 0.072424 0.417780
0.400405 0.494380 0.490718 0.623153 0.321525 0.955832 0.552574 0.833236 0.023973 0.566554 0.854371 0.176524
0.718400 0.328762 0.204883 0.756986 0.157422 0.743296 0.668861 0.552322 0.053879 0.825450 0.562146 0.695488
0.511973 0.516017 0.739302 0.095290 0.954325 0.118190 0.558208 0.519942 0.119275 0.784226 0.364475 0.617780
0.395394 0.241922 0.305458 0.077838 0.185227 0.743979 0.772826 0.312038 0.142788 0.869221 0.185682 0.898866
0.016782 0.073536 0.596319 0.045719 0.533706 0.355100 0.683778 0.531319 0.375368 0.461261 0.803193 0.909945
0.308388 0.494765 0.215045 0.543374 0.284600 0.776119 0.856924 0.691226 0.341602 0.767649 0.108182 0.389642
0.756570 0.366205 0.811589 0.823069 0.811063 0.115031 0.818406 0.312476 0.395321 0.893109 0.922488 0.367813
0.034309 0.290818 0.353345 0.294831 0.633964 0.170803 0.671931 0.694609 0.704799 0.253453 0.373363 0.275830
0.473532 0.313659 0.196450 0.607452 0.333299 0.134613 0.509031 0.961915 0.101558 0.263940 0.728917 0.094941
0.212032 0.522518 0.439772 0.975766 0.375505 0.346351 0.260510 0.376657 0.775999 0.287045 0.403967 0.008257
