12 12 2
0.312724 0.360162 0.640262 0.225249 0.713248 0.815285 0.109189 0.799401 0.089778 0.914273 0.925175 0.154171
0.159578 0.951195 0.366158 0.455303 0.439364 0.303300 0.652971 0.881407 0.394780 0.606976 0.281768 0.457427
0.318548 0.389993 0.087805 0.373679 0.329141 0.148901 0.493975 0.567736 0.218744 0.800761 0.579139 0.336272
0.255768 0.222121 0.906189 0.313830 0.604163 0.067561 0.469580 0.576110 0.521907 0.427698 0.753402 0.705267
0.541805 0.848923 0.145594 0.771462 0.644596 0.122421 0.094110 0.021537 0.300370 0.603705 0.121313 0.989796
0.465377 0.749718 0.860692 0.519740 0.678993 0.758511 0.353977 0.980603 0.876558 0.753260 0.137742 0.438416
0.345036 0.569993 0.444554 0.427520 0.330719 0.272358 0.688262 0.188756 0.362168 0.831481 0.620067 0.552489
0.579262 0.842443 0.313538 0.504726 0.261206 0.521677 0.396754 0.159154 0.161960 0.694438 0.436059 0.850271
0.799382 0.419427 0.693307 0.179528 0.356835 0.296702 0.748431 0.198996 0.197226 0.545220 0.447109 0.253939
0.222210 0.775410 0.779644 0.432477 0.035957 0.366167 0.353609 0.499234 0.965106 0.610465 0.516384 0.360317
0.241016 0.844056 0.339326 0.612521 0.716581 0.836106 0.243878 0.109639 0.521721 0.849339 0.915389 0.862131
0.439078 0.171284 0.099157 0.533693 0.897915 0.799346 0.467165 0.260075 0.596056 0.408656 0.297888 0.960461
