24 12 18
0.039492 0.896734 0.317255 0.094850 0.836280 0.480575 0.285567 0.214899 0.176474 0.421651 0.648440 0.993571
0.437024 0.707238 0.082331 0.006530 0.924600 0.342989 0.426773 0.074116 0.168384 0.629572 0.263198 0.102744
0.833191 0.979121 0.378583 0.737386 0.877993 0.938051 0.525747 0.089553 0.244284 0.978998 0.251357 0.274207
0.517180 0.923680 0.378441 0.686358 0.713364 0.707726 0.980269 0.424188 0.997476 0.743680 0.520887 0.925081
0.202845 0.005708 0.701092 0.496685 0.920443 0.366807 0.681180 0.317426 0.366621 0.089838 0.394548 0.640124
0.660712 0.785400 0.979463 0.135224 0.239868 0.790893 0.770347 0.297364 0.590782 0.937489 0.716323 0.974432
0.798324 0.900706 0.535367 0.431899 0.397121 0.009775 0.061557 0.597668 0.027651 0.894075 0.168995 0.249665
0.112269 0.844857 0.366970 0.265250 0.380789 0.046199 0.521317 0.914309 0.984261 0.069717 0.232400 0.822809
0.442921 0.012699 0.086360 0.419094 0.232116 0.094164 0.799987 0.859687 0.653612 0.004853 0.184848 0.677014
0.427599 0.123534 0.490700 0.901158 0.399438 0.771041 0.758522 0.952574 0.593047 0.133602 0.308212 0.801197
0.700101 0.772397 0.347063 0.231172 0.278001 0.081823 0.180820 0.310814 0.582752 0.775741 0.164226 0.170458
0.198978 0.002932 0.759969 0.159903 0.178418 0.859956 0.385990 0.676592 0.464932 0.091166 0.098465 0.617972
0.273957 0.061306 0.575479 0.786565 0.853596 0.248422 0.066596 0.972575 0.581711 0.663058 0.651940 0.385966
0.553892 0.924773 0.944400 0.327728 0.578437 0.120891 0.002752 0.066511 0.593591 0.716629 0.544836 0.953359
0.872197 0.034663 0.478817 0.416081 0.519656 0.987360 0.063789 0.422012 0.055468 0.734970 0.508282 0.990723
0.685441 0.023147 0.099903 0.378513 0.162815 0.326696 0.588779 0.863587 0.534199 0.425397 0.502223 0.854523
0.987121 0.654210 0.836039 0.784894 0.100267 0.404225 0.794464 0.534425 0.018848 0.987818 0.032946 0.459920
0.410606 0.228603 0.716480 0.548714 0.754231 0.704592 0.052363 0.153554 0.120519 0.530077 0.120379 0.524662
0.297898 0.786777 0.255008 0.311657 0.276133 0.378148 0.489677 0.884491 0.995038 0.464786 0.565673 0.436974
0.134038 0.204518 0.912581 0.458705 0.274223 0.252635 0.819194 0.192448 0.729505 0.115309 0.140281 0.016715
0.734715 0.132899 0.150740 0.822026 0.009545 0.065457 0.016713 0.498749 0.716732 0.058499 0.885568 0.096932
0.767278 0.146033 0.328990 0.126239 0.919193 0.990931 0.609101 0.067796 0.880721 0.647546 0.730543 0.454800
0.200714 0.310205 0.087033 0.369249 0.697336 0.654247 0.702614 0.379679 0.863272 0.051233 0.137115 0.082256
0.524973 0.417564 0.341451 0.840006 0.684718 0.985053 0.779167 0.194675 0.049838 0.817680 0.955688 0.439417
