18 12 9
0.927408 0.430874 0.925777 0.199673 0.982086 0.873854 0.580965 0.894811 0.664017 0.752196 0.771843 0.498615
0.693794 0.740460 0.976226 0.139015 0.789345 0.474391 0.561554 0.376211 0.893815 0.523836 0.227412 0.517320
0.672324 0.433389 0.291493 0.361066 0.008705 0.994616 0.550492 0.805393 0.751042 0.851009 0.070794 0.519939
0.157595 0.886034 0.492996 0.522115 0.826517 0.176975 0.516839 0.650417 0.963616 0.116562 0.035063 0.171799
0.620099 0.846923 0.540223 0.728463 0.852018 0.550951 0.640096 0.014497 0.324272 0.784003 0.420390 0.820056
0.074635 0.352727 0.347806 0.799433 0.183000 0.870084 0.132331 0.348486 0.279919 0.391782 0.463793 0.197457
0.999201 0.079572 0.109165 0.477418 0.252003 0.676704 0.281921 0.117633 0.383509 0.622904 0.202623 0.483401
0.206099 0.406041 0.210839 0.456031 0.592515 0.401014 0.733761 0.349302 0.530540 0.640942 0.334980 0.859346
0.855786 0.455263 0.200748 0.601289 0.907902 0.750590 0.610517 0.192085 0.946756 0.520931 0.740153 0.527787
0.727341 0.792295 0.761148 0.909463 0.854729 0.121079 0.549150 0.924225 0.626788 0.796713 0.796484 0.410638
0.713881 0.208593 0.430950 0.463561 0.443493 0.946575 0.954176 0.088295 0.285558 0.316333 0.193026 0.334590
0.507963 0.452867 0.144327 0.400072 0.287925 0.828128 0.533235 0.144974 0.052428 0.142611 0.879822 0.537954
0.702765 0.945612 0.093062 0.691645 0.399729 0.233163 0.828929 0.862274 0.405816 0.531683 0.716345 0.706731
0.376100 0.313747 0.665846 0.077013 0.140356 0.581504 0.896488 0.132359 0.304155 0.780963 0.152962 0.032142
0.402639 0.929091 0.315052 0.988004 0.499287 0.468401 0.016276 0.450362 0.230198 0.820967 0.295152 0.521695
0.625695 0.705670 0.459507 0.581087 0.169611 0.492418 0.810363 0.643628 0.192161 0.906625 0.248184 0.288907
0.127086 0.617709 0.100490 0.677465 0.351079 0.004213 0.376954 0.241894 0.452097 0.703840 0.426347 0.527851
0.332741 0.771781 0.131064 0.587612 0.373775 0.723629 0.801301 0.352011 0.184088 0.972803 0.337880 0.005930
