12 12 9
0.819643 0.771800 0.365890 0.012667 0.695525 0.204567 0.613629 0.082703 0.795364 0.295780 0.692409 0.281329
0.131713 0.834858 0.711239 0.100788 0.434562 0.205541 0.558807 0.490865 0.081481 0.172392 0.781734 0.213024
0.562755 0.679339 0.867519 0.597834 0.640514 0.265293 0.160162 0.719150 0.260598 0.790526 0.574757 0.993625
0.045579 0.296710 0.805544 0.113116 0.531800 0.389429 0.919578 0.095172 0.763210 0.396922 0.452936 0.299580
0.359529 0.656509 0.805305 0.415778 0.604611 0.445393 0.790943 0.337705 0.542014 0.382242 0.395432 0.369483
0.328053 0.614918 0.988392 0.589523 0.946056 0.127966 0.694086 0.176476 0.851039 0.391071 0.772907 0.901515
0.224389 0.916099 0.070094 0.785265 0.486452 0.224773 0.743443 0.051871 0.786099 0.802421 0.343732 0.435500
0.594190 0.072402 0.931434 0.057748 0.875705 0.895745 0.310148 0.902215 0.363904 0.599791 0.212418 0.829287
0.132315 0.623060 0.856532 0.823460 0.516940 0.870635 0.957163 0.028738 0.196741 0.583531 0.520006 0.407424
0.226972 0.603822 0.847919 0.857345 0.905442 0.912256 0.773654 0.496845 0.338324 0.956499 0.092568 0.703698
0.230106 0.297617 0.802008 0.930604 0.650048 0.404347 0.349561 0.764961 0.426571 0.412555 0.189726 0.853141
0.838489 0.393396 0.128697 0.384250 0.243140 0.368349 0.820637 0.160583 0.725076 0.914692 0.784432 0.951283
