12 12 4
0.904759 0.564949 0.821054 0.727636 0.296336 0.845091 0.331595 0.367690 0.377997 0.601545 0.552921 0.632242
0.586590 0.380749 0.431900 0.891235 0.082895 0.545353 0.597815 0.896904 0.853856 0.737074 0.693378 0.663554
0.524921 0.854837 0.000680 0.647375 0.729082 0.360835 0.981706 0.234517 0.174996 0.832575 0.577771 0.977614
0.962962 0.558059 0.602291 0.000383 0.121970 0.804977 0.076157 0.030470 0.170441 0.404920 0.009676 0.316068
0.267111 0.004525 0.461252 0.454884 0.369328 0.606364 0.608468 0.080923 0.391553 0.483039 0.918960 0.052701
0.257340 0.210700 0.213935 0.253032 0.270671 0.252472 0.450216 0.267431 0.010268 0.342248 0.654098 0.938049
0.214331 0.363828 0.969205 0.748291 0.889262 0.851294 0.578194 0.729823 0.916652 0.495061 0.860708 0.208349
0.275089 0.173933 0.466090 0.663940 0.629416 0.700226 0.594308 0.850753 0.021693 0.134251 0.823472 0.971564
0.831134 0.499201 0.049939 0.630099 0.962662 0.723450 0.591961 0.813294 0.691030 0.524075 0.098734 0.728838
0.389210 0.422704 0.221712 0.367808 0.389408 0.692203 0.388261 0.042290 0.851935 0.666469 0.143127 0.698246
0.431828 0.047038 0.465580 0.506030 0.355845 0.177100 0.860089 0.993618 0.636717 0.832605 0.154199 0.743060
0.480829 0.612684 0.767757 0.239594 0.546231 0.084452 0.306361 0.892661 0.058958 0.203671 0.568989 0.328609
