12 12 6
0.483723 0.981458 0.126540 0.999518 0.688503 0.916562 0.251025 0.387002 0.542315 0.816525 0.523174 0.190636
0.726571 0.376379 0.619774 0.756466 0.047857 0.516513 0.979800 0.669312 0.763259 0.110867 0.474797 0.521848
0.299602 0.100939 0.388863 0.041981 0.837438 0.030482 0.645098 0.417601 0.691401 0.963159 0.477848 0.027413
0.979231 0.366561 0.090683 0.153367 0.790677 0.503599 0.977883 0.669501 0.906398 0.632440 0.759286 0.439223
0.190395 0.821615 0.666874 0.431829 0.591007 0.656581 0.314702 0.415071 0.353711 0.821822 0.590937 0.302800
0.148067 0.375589 0.632068 0.509576 0.969380 0.960634 0.401722 0.311643 0.393069 0.091005 0.730269 0.050121
0.169119 0.335378 0.324534 0.724877 0.715357 0.608077 0.254997 0.226825 0.912367 0.332110 0.623434 0.986376
0.054780 0.775136 0.349280 0.765021 0.447558 0.860584 0.151298 0.387544 0.043072 0.454334 0.208898 0.193154
0.219012 0.486780 0.393712 0.700178 0.883469 0.061451 0.695288 0.903742 0.466310 0.233618 0.997094 0.395179
0.966181 0.729672 0.565784 0.607836 0.412689 0.586810 0.293689 0.025282 0.854947 0.202992 0.010932 0.059474
0.841706 0.028059 0.784218 0.649356 0.851890 0.790238 0.037601 0.462208 0.339520 0.516048 0.992141 0.818241
0.098582 0.287135 0.441889 0.841796 0.533741 0.225768 0.119905 0.054639 0.476581 0.798947 0.855633 0.760085
