24 12 10
0.465794 0.311131 0.354744 0.319310 0.858073 0.114404 0.597415 0.272628 0.645945 0.439606 0.816196 0.214843
0.965682 0.834394 0.391944 0.017801 0.538018 0.599157 0.319578 0.092301 0.481389 0.650471 0.039254 0.216351
0.492622 0.889682 0.267335 0.033252 0.647570 0.940290 0.091319 0.611941 0.512628 0.693760 0.073759 0.244308
0.626028 0.623450 0.489530 0.941893 0.872861 0.793906 0.270953 0.418222 0.302419 0.842505 0.980132 0.620918
0.065335 0.377829 0.099238 0.596119 0.741534 0.337240 0.056372 0.760712 0.569683 0.332884 0.953546 0.929864
0.213606 0.454618 0.989576 0.148565 0.574046 0.774282 0.261206 0.465036 0.271454 0.328194 0.692443 0.651268
0.059343 0.090322 0.581482 0.562890 0.062238 0.286043 0.964153 0.271785 0.505186 0.684294 0.728267 0.039655
0.759674 0.280498 0.737150 0.900585 0.463233 0.042114 0.194073 0.803829 0.052763 0.645024 0.843365 0.999385
0.545800 0.840270 0.180711 0.089941 0.748503 0.918148 0.273748 0.065334 0.743747 0.626323 0.913981 0.455534
0.419724 0.901053 0.593874 0.871973 0.565640 0.618225 0.099539 0.095600 0.353258 0.485947 0.086188 0.319132
0.572908 0.141702 0.529204 0.569940 0.336622 0.696789 0.209886 0.298524 0.946285 0.239642 0.196956 0.344536
0.387370 0.287921 0.177616 0.062873 0.265488 0.125199 0.113549 0.971609 0.463365 0.800326 0.928367 0.385058
0.354393 0.252473 0.178138 0.012000 0.369375 0.192173 0.243021 0.337677 0.582172 0.980696 0.259459 0.343285
0.694251 0.725646 0.973173 0.170294 0.197192 0.817845 0.177913 0.429059 0.153637 0.838659 0.155112 0.150155
0.578285 0.326729 0.424620 0.425691 0.987623 0.129740 0.635988 0.945893 0.622708 0.512797 0.981423 0.021919
0.966831 0.093290 0.316598 0.204792 0.636071 0.946968 0.309844 0.860346 0.527216 0.694189 0.322585 0.345081
0.128362 0.098407 0.762243 0.027391 0.647176 0.576111 0.704485 0.372866 0.378028 0.785993 0.905657 0.556755
0.590411 0.248705 0.418973 0.797924 0.516169 0.852591 0.076599 0.540647 0.814737 0.854089 0.379235 0.758774
0.141558 0.942691 0.624811 0.671757 0.817439 0.978313 0.004334 0.322000 0.191855 0.418311 0.857013 0.980397
0.358758 0.041230 0.687228 0.104212 0.567801 0.669889 0.624479 0.768132 0.916358 0.086411 0.196080 0.382646
0.499913 0.060264 0.918056 0.178862 0.053768 0.507267 0.794029 0.770214 0.064946 0.442865 0.650958 0.483799
0.580515 0.652829 0.573138 0.849578 0.894006 0.372259 0.880534 0.630718 0.377633 0.589205 0.698586 0.272706
0.890479 0.879953 0.456173 0.429268 0.760593 0.918440 0.263326 0.552785 0.214754 0.635030 0.764652 0.570625
0.746246 0.367098 0.041729 0.785513 0.997812 0.821232 0.705413 0.883985 0.597032 0.072951 0.497415 0.075701
