24 12 20
0.699734 0.044010 0.668323 0.935309 0.199787 0.074326 0.032574 0.526402 0.868896 0.567954 0.909684 0.078233
0.803431 0.259516 0.328291 0.615449 0.373985 0.439407 0.830959 0.925303 0.022313 0.044889 0.554781 0.086435
0.808246 0.283617 0.844709 0.570516 0.112749 0.826699 0.314663 0.781869 0.618361 0.133722 0.384710 0.174291
0.172502 0.342442 0.643590 0.456792 0.495699 0.446032 0.834153 0.434612 0.003008 0.986866 0.268536 0.150988
0.203776 0.134738 0.043844 0.789690 0.782950 0.712971 0.036976 0.175622 0.784373 0.479955 0.981250 0.616403
0.432291 0.313109 0.982512 0.856900 0.288288 0.041773 0.678583 0.147441 0.571447 0.646658 0.976298 0.743716
0.928947 0.999733 0.740880 0.097677 0.299186 0.416749 0.487478 0.271149 0.860750 0.502236 0.399100 0.383966
0.933954 0.972595 0.153562 0.794264 0.460442 0.485687 0.283716 0.852083 0.020852 0.194468 0.142384 0.250826
0.473183 0.789365 0.656791 0.474621 0.731129 0.156756 0.424647 0.261978 0.559315 0.779524 0.887319 0.919336
0.488785 0.624700 0.312084 0.457676 0.791393 0.394363 0.379889 0.760027 0.556383 0.210872 0.861799 0.298645
0.889609 0.333917 0.731526 0.313662 0.164754 0.277800 0.747750 0.301042 0.949961 0.230424 0.251308 0.984700
0.423079 0.720203 0.418706 0.137001 0.315143 0.536652 0.274759 0.271956 0.007973 0.349639 0.132452 0.977505
0.655866 0.733380 0.471656 0.243119 0.620977 0.972485 0.149540 0.000846 0.283143 0.617642 0.548738 0.112064
0.315519 0.905934 0.601690 0.370241 0.737563 0.498929 0.498619 0.814126 0.587441 0.842676 0.222486 0.338295
0.880871 0.475066 0.987119 0.859435 0.614749 0.444987 0.476068 0.905458 0.407277 0.767859 0.550120 0.605602
0.762981 0.481624 0.651661 0.692402 0.886062 0.799576 0.228212 0.523673 0.347170 0.682032 0.659187 0.247611
0.945003 0.645775 0.967537 0.515195 0.809279 0.985493 0.051166 0.790439 0.167194 0.835394 0.669804 0.022702
0.549098 0.404337 0.480433 0.962381 0.062386 0.478383 0.974692 0.825762 0.290593 0.602665 0.835349 0.223410
0.307023 0.556754 0.455868 0.995967 0.568429 0.869653 0.264151 0.237760 0.659204 0.530521 0.478830 0.344204
0.205049 0.052712 0.518949 0.309703 0.975966 0.899285 0.909609 0.136263 0.394418 0.675694 0.325590 0.394242
0.325270 0.496526 0.074084 0.489385 0.542199 0.887213 0.228591 0.518182 0.861686 0.544578 0.008710 0.980174
0.631103 0.686416 0.419141 0.135211 0.304974 0.805954 0.738583 0.061739 0.302451 0.227217 0.409957 0.031713
0.480929 0.771602 0.607773 0.248789 0.579567 0.466095 0.253817 0.512951 0.567554 0.401963 0.563643 0.489317
0.160089 0.483307 0.564625 0.604946 0.559800 0.341297 0.103408 0.033073 0.208247 0.496703 0.273135 0.199954
