32 12 16
0.888830 0.939855 0.474782 0.679191 0.209827 0.648622 0.968922 0.878248 0.850273 0.073720 0.359364 0.650000
0.852267 0.417658 0.682745 0.160778 0.011841 0.152449 0.550399 0.614188 0.077595 0.067062 0.683068 0.840360
0.629372 0.872449 0.978470 0.609669 0.584913 0.111282 0.386315 0.910910 0.616327 0.846166 0.567398 0.762220
0.714221 0.238097 0.049044 0.166240 0.916815 0.384339 0.255949 0.075409 0.996176 0.338295 0.763734 0.148125
0.914212 0.036114 0.625753 0.690398 0.777560 0.507356 0.046751 0.274163 0.811037 0.753289 0.203706 0.063854
0.547252 0.034769 0.060165 0.295832 0.137861 0.427007 0.802572 0.903256 0.373016 0.988209 0.378194 0.460170
0.910434 0.649815 0.295315 0.766368 0.550695 0.414183 0.827285 0.811237 0.174314 0.346650 0.193878 0.975874
0.607653 0.906623 0.086097 0.022648 0.722679 0.238348 0.221618 0.768377 0.429344 0.218361 0.158845 0.777494
0.524832 0.647066 0.004398 0.127464 0.132304 0.598832 0.073817 0.840443 0.289467 0.816016 0.322694 0.501948
0.744810 0.338570 0.439545 0.313800 0.954693 0.594591 0.918147 0.008916 0.711460 0.056256 0.695540 0.046432
0.572960 0.519044 0.116668 0.117960 0.061892 0.028089 0.638784 0.265637 0.346222 0.737129 0.900852 0.042860
0.224685 0.202237 0.286352 0.513423 0.732217 0.186694 0.056613 0.985529 0.142816 0.391111 0.054942 0.692641
0.502798 0.274675 0.116352 0.447722 0.172289 0.689975 0.651633 0.382875 0.822441 0.277098 0.666224 0.226015
0.371495 0.672316 0.211263 0.838054 0.490503 0.578309 0.123439 0.933873 0.420732 0.896571 0.238195 0.212496
0.750277 0.397494 0.586112 0.768792 0.617652 0.556218 0.646824 0.740564 0.495449 0.182924 0.147290 0.356529
0.439515 0.168125 0.090682 0.271755 0.698454 0.307569 0.738549 0.148853 0.015643 0.786830 0.455288 0.149418
0.010168 0.482474 0.094316 0.453592 0.674147 0.359723 0.769176 0.908552 0.401946 0.376581 0.026126 0.120669
0.542179 0.306581 0.256735 0.722647 0.274689 0.571923 0.494821 0.892978 0.577124 0.461829 0.863838 0.752445
0.383261 0.836264 0.503812 0.482438 0.944120 0.919680 0.029194 0.476695 0.005479 0.047220 0.036870 0.894700
0.961389 0.580947 0.055594 0.183393 0.806199 0.195933 0.714849 0.810441 0.591246 0.195069 0.261663 0.329026
0.723961 0.782897 0.718833 0.134172 0.100798 0.508919 0.650370 0.244355 0.590184 0.268709 0.366327 0.099443
0.796462 0.299721 0.242861 0.954564 0.742849 0.266514 0.017746 0.436275 0.842784 0.907549 0.680437 0.730630
0.931906 0.304730 0.865666 0.014480 0.008948 0.589302 0.275937 0.599475 0.453421 0.804072 0.759594 0.094059
0.681976 0.953223 0.102564 0.812994 0.933518 0.379904 0.897117 0.043594 0.623373 0.650087 0.070828 0.618581
0.660606 0.473671 0.558894 0.268467 0.083975 0.769477 0.174176 0.643336 0.563759 0.751720 0.867138 0.396564
0.777939 0.262843 0.220639 0.464423 0.866264 0.976342 0.123324 0.014089 0.483303 0.312083 0.318404 0.828317
0.680370 0.877094 0.395176 0.121223 0.114084 0.029363 0.644550 0.887818 0.208681 0.058592 0.355315 0.079400
0.880232 0.444118 0.734913 0.666260 0.629218 0.435196 0.599975 0.138735 0.116735 0.276621 0.697051 0.683884
0.029427 0.501283 0.287625 0.296574 0.518255 0.904475 0.083500 0.768673 0.777520 0.532668 0.913391 0.006501
0.603042 0.976303 0.236408 0.717864 0.573778 0.808160 0.361164 0.341741 0.930122 0.906512 0.039922 0.620629
0.557642 0.267418 0.661335 0.754264 0.182316 0.409558 0.472338 0.802185 0.780385 0.804344 0.454099 0.634202
0.810142 0.018009 0.340421 0.176276 0.286181 0.969238 0.216426 0.828070 0.702405 0.359154 0.714850 0.300053
