28 12 7
0.460101 0.031177 0.295420 0.577285 0.159536 0.515732 0.467678 0.799879 0.736318 0.849410 0.012563 0.671979
0.607255 0.471417 0.104014 0.846712 0.120662 0.675852 0.329677 0.209707 0.159876 0.333335 0.117536 0.333192
0.453496 0.164571 0.342399 0.649453 0.427694 0.567811 0.674134 0.959592 0.431129 0.390854 0.443514 0.216131
0.161405 0.686003 0.646982 0.608443 0.572650 0.109106 0.352642 0.429258 0.876520 0.170310 0.070234 0.086305
0.593685 0.424318 0.308360 0.178084 0.272551 0.859854 0.058948 0.463575 0.085468 0.654749 0.750209 0.137851
0.051091 0.610601 0.576180 0.421824 0.026348 0.364804 0.320840 0.968763 0.695672 0.216092 0.448955 0.077740
0.123419 0.377434 0.194511 0.633258 0.724544 0.139995 0.470768 0.050408 0.974865 0.059758 0.471879 0.714890
0.760993 0.899697 0.860762 0.715452 0.414186 0.203553 0.192425 0.812593 0.471975 0.599181 0.787925 0.763040
0.933818 0.006018 0.115369 0.184583 0.819170 0.168362 0.683594 0.139108 0.197083 0.899880 0.553288 0.881040
0.677932 0.294666 0.976764 0.985661 0.534396 0.527454 0.593308 0.914692 0.802024 0.818526 0.596836 0.913610
0.011710 0.595573 0.337872 0.394105 0.622445 0.297293 0.382082 0.032019 0.634638 0.262090 0.156310 0.922559
0.119278 0.770732 0.521915 0.510854 0.502265 0.774317 0.073495 0.675308 0.544639 0.489262 0.084815 0.820683
0.479686 0.251558 0.927133 0.605290 0.240763 0.111796 0.707694 0.318734 0.930144 0.668529 0.845424 0.673477
0.374495 0.348876 0.494715 0.095075 0.904551 0.263943 0.781895 0.104184 0.028766 0.616127 0.922750 0.974211
0.704402 0.731315 0.615049 0.629839 0.725182 0.146815 0.597425 0.617996 0.970687 0.758274 0.253141 0.821665
0.493309 0.437900 0.142004 0.537535 0.869724 0.472830 0.935234 0.705958 0.119072 0.659982 0.768275 0.965726
0.962483 0.304612 0.322706 0.363088 0.737692 0.003630 0.830605 0.427951 0.222823 0.098530 0.056987 0.609807
0.297908 0.811439 0.024438 0.213408 0.297869 0.134946 0.320780 0.680591 0.247795 0.403162 0.133990 0.913304
0.248737 0.583360 0.775512 0.332886 0.357291 0.111086 0.316798 0.123878 0.428767 0.370910 0.001387 0.440008
0.973476 0.341649 0.434923 0.723744 0.122692 0.372139 0.324415 0.403259 0.605353 0.513227 0.068620 0.815002
0.686627 0.541777 0.930678 0.192051 0.835543 0.337384 0.295800 0.231114 0.885450 0.504321 0.757005 0.166347
0.083133 0.476595 0.004700 0.298601 0.145221 0.423361 0.492823 0.726088 0.245599 0.834795 0.613097 0.927209
0.048686 0.503578 0.598527 0.247742 0.816819 0.631049 0.951619 0.474720 0.381430 0.786117 0.935461 0.859470
0.926545 0.081039 0.037852 0.456093 0.420555 0.694557 0.776419 0.314787 0.590201 0.779903 0.157966 0.021035
0.401362 0.921446 0.589554 0.015857 0.307348 0.336154 0.702418 0.606372 0.286795 0.379964 0.374484 0.706729
0.717949 0.871656 0.707904 0.448561 0.669697 0.670248 0.059322 0.333949 0.840702 0.635023 0.542133 0.863408
0.052490 0.537447 0.957801 0.608282 0.412376 0.558611 0.004415 0.015574 0.771140 0.125848 0.436708 0.477044
0.665742 0.931510 0.727950 0.115756 0.275494 0.961405 0.428389 0.297848 0.168625 0.016300 0.109508 0.793197
