12 12 3
0.937335 0.364372 0.689321 0.015595 0.535028 0.909353 0.260600 0.409108 0.463172 0.153123 0.688061 0.344611
0.773880 0.810526 0.256783 0.486069 0.675163 0.673266 0.334244 0.792043 0.426244 0.525187 0.721646 0.272576
0.982336 0.630213 0.380854 0.720481 0.363563 0.976531 0.965182 0.643618 0.757742 0.853583 0.617174 0.170183
0.495508 0.148022 0.520077 0.751595 0.697556 0.130261 0.405718 0.499199 0.929830 0.293656 0.482992 0.686411
0.017388 0.557535 0.368629 0.538920 0.778580 0.405196 0.977152 0.761304 0.579644 0.873861 0.931681 0.097175
0.863512 0.034628 0.083702 0.572226 0.561710 0.068098 0.575067 0.393570 0.578063 0.797381 0.552177 0.978321
0.860992 0.234106 0.317359 0.378177 0.247733 0.652990 0.844494 0.232479 0.935553 0.919371 0.045945 0.112516
0.800413 0.476357 0.945942 0.702956 0.044877 0.597619 0.460254 0.304146 0.784785 0.138544 0.903121 0.815676
0.567111 0.794298 0.551683 0.938823 0.363616 0.391272 0.411101 0.248644 0.954163 0.566701 0.403029 0.138867
0.457420 0.560059 0.269632 0.696223 0.814655 0.642515 0.970251 0.662845 0.616740 0.031907 0.860553 0.067220
0.045859 0.700968 0.094392 0.367463 0.277864 0.323484 0.302866 0.731450 0.386439 0.573705 0.419886 0.192859
0.848418 0.397785 0.864643 0.217997 0.658314 0.871592 0.832080 0.155812 0.407066 0.170742 0.918372 0.895672
