20 12 10
0.146460 0.144235 0.641967 0.900461 0.219895 0.632477 0.529837 0.881408 0.980110 0.044360 0.773571 0.679892
0.308172 0.757360 0.454639 0.017984 0.041231 0.716592 0.855465 0.786973 0.002934 0.480454 0.224174 0.954008
0.547324 0.900156 0.321783 0.402718 0.407748 0.866020 0.179501 0.044141 0.471851 0.996700 0.498119 0.877689
0.612998 0.822674 0.446875 0.962147 0.449176 0.473777 0.648925 0.165426 0.900555 0.245803 0.456583 0.751619
0.690215 0.735712 0.347568 0.241242 0.365979 0.490914 0.996826 0.205850 0.072258 0.429198 0.684137 0.037954
0.268941 0.936690 0.905011 0.235251 0.537380 0.164464 0.760170 0.679181 0.697423 0.693664 0.631874 0.363048
0.066605 0.207429 0.990112 0.924365 0.034812 0.294583 0.434013 0.511757 0.745333 0.679978 0.046450 0.856416
0.571077 0.096722 0.980157 0.144493 0.021154 0.839477 0.395887 0.025136 0.100353 0.742631 0.829446 0.483943
0.871048 0.284349 0.014454 0.457685 0.317328 0.831365 0.817585 0.972402 0.309405 0.348628 0.234193 0.118346
0.845404 0.186278 0.016734 0.072767 0.893805 0.235956 0.641576 0.799307 0.664383 0.962549 0.282105 0.163342
0.496335 0.279898 0.966091 0.810477 0.511207 0.457642 0.620396 0.310184 0.813867 0.416086 0.521917 0.727654
0.052560 0.992469 0.960784 0.879939 0.916035 0.202329 0.219798 0.173147 0.354580 0.515124 0.449238 0.824313
0.029641 0.240894 0.708998 0.119615 0.651003 0.184489 0.932082 0.399783 0.026103 0.043059 0.854048 0.563572
0.850795 0.110297 0.179355 0.692030 0.346775 0.219883 0.385894 0.266657 0.701401 0.747590 0.313476 0.629946
0.772226 0.865080 0.745469 0.910831 0.820911 0.931204 0.490915 0.553570 0.629229 0.928240 0.776848 0.858705
0.504581 0.243278 0.869516 0.466258 0.892853 0.951741 0.923492 0.821852 0.164957 0.673473 0.598178 0.875071
0.759822 0.600113 0.157196 0.524543 0.053181 0.746871 0.930129 0.736354 0.629020 0.562817 0.009719 0.419411
0.064623 0.697307 0.998275 0.857229 0.151603 0.691848 0.114806 0.486840 0.434546 0.011068 0.278967 0.617717
0.739607 0.603002 0.707260 0.278482 0.834940 0.359534 0.113260 0.732806 0.444983 0.273599 0.882977 0.520872
0.288391 0.427210 0.734867 0.460002 0.231682 0.849352 0.476321 0.902279 0.180182 0.125993 0.358613 0.365182
