24 12 12
0.212192 0.088011 0.498082 0.355938 0.569780 0.899209 0.370773 0.776589 0.553379 0.399236 0.253789 0.155947
0.538594 0.247135 0.877873 0.468311 0.062396 0.855813 0.930264 0.675060 0.934399 0.499662 0.566975 0.280253
0.379493 0.216065 0.881301 0.968194 0.889500 0.737784 0.555850 0.756175 0.207327 0.260613 0.712796 0.843506
0.797957 0.190934 0.597461 0.395260 0.157835 0.191673 0.119741 0.347826 0.700157 0.291128 0.853778 0.735762
0.553008 0.182351 0.332142 0.932003 0.685969 0.627310 0.659554 0.111181 0.285192 0.013705 0.951385 0.517589
0.953538 0.730782 0.638657 0.832196 0.263381 0.701454 0.186005 0.666994 0.455417 0.043220 0.483258 0.286719
0.490586 0.995717 0.333958 0.458748 0.789758 0.915313 0.289544 0.489667 0.660891 0.460239 0.501580 0.857922
0.859947 0.037044 0.148197 0.361097 0.253877 0.560227 0.556322 0.505162 0.676838 0.465771 0.369725 0.989753
0.949047 0.223427 0.583823 0.685717 0.820849 0.098124 0.012889 0.781984 0.467367 0.223679 0.484162 0.790740
0.537076 0.804820 0.970601 0.431253 0.504816 0.953890 0.588493 0.205550 0.385435 0.453977 0.736905 0.911009
0.993324 0.876194 0.771793 0.449001 0.812574 0.218357 0.036585 0.466290 0.465633 0.579307 0.040385 0.361709
0.381260 0.336693 0.802165 0.393185 0.510663 0.129630 0.106914 0.507967 0.637322 0.216294 0.409096 0.768268
0.491072 0.635030 0.031089 0.055550 0.700977 0.560507 0.681324 0.253905 0.372051 0.946108 0.570090 0.976591
0.149018 0.715596 0.964509 0.698991 0.363168 0.721711 0.229195 0.935434 0.231743 0.909989 0.432202 0.456919
0.628274 0.017219 0.479426 0.950294 0.560336 0.010761 0.008654 0.894383 0.715006 0.857159 0.363530 0.386818
0.924379 0.421088 0.419012 0.674367 0.152423 0.294166 0.176098 0.861329 0.895260 0.064930 0.624624 0.091450
0.766034 0.877271 0.117270 0.020966 0.089607 0.239510 0.144753 0.245005 0.852447 0.190450 0.002981 0.604961
0.783253 0.593281 0.726288 0.068231 0.518963 0.819054 0.926715 0.095028 0.737546 0.073319 0.628683 0.405037
0.024120 0.953717 0.810019 0.359517 0.192968 0.583402 0.365525 0.805565 0.096210 0.874334 0.387288 0.197207
0.161045 0.250812 0.229330 0.347111 0.380001 0.982558 0.794511 0.106350 0.599558 0.220893 0.574918 0.494944
0.381930 0.935252 0.937237 0.557544 0.340883 0.481384 0.886265 0.779548 0.261862 0.596099 0.876134 0.245490
0.588941 0.253083 0.975010 0.560971 0.582727 0.805422 0.857767 0.937068 0.295087 0.104147 0.144742 0.726772
0.261598 0.813614 0.992053 0.982437 0.532304 0.032702 0.322072 0.127747 0.113149 0.405496 0.001873 0.589835
0.744945 0.973825 0.717167 0.218164 0.759284 0.438424 0.619182 0.597264 0.720303 0.153493 0.924337 0.715272
