14 12 7
0.521008 0.168009 0.906390 0.259742 0.953031 0.017987 0.865961 0.788268 0.530290 0.515240 0.725823 0.026130
0.438128 0.311155 0.748984 0.837433 0.018708 0.420401 0.738238 0.941536 0.603856 0.029574 0.395940 0.377901
0.041607 0.181548 0.041029 0.520600 0.547836 0.127792 0.502887 0.128323 0.418229 0.868038 0.815125 0.573996
0.396533 0.588655 0.324314 0.915701 0.573941 0.861517 0.300627 0.519654 0.895309 0.537769 0.191870 0.105597
0.517771 0.704652 0.750405 0.305303 0.672055 0.000992 0.522028 0.255564 0.669765 0.703181 0.642664 0.378441
0.713222 0.419708 0.827148 0.282255 0.905597 0.392565 0.349851 0.150964 0.945962 0.866557 0.991038 0.091792
0.186734 0.189768 0.935134 0.203098 0.746220 0.322778 0.040523 0.125298 0.600509 0.659526 0.679965 0.132435
0.557955 0.797648 0.919818 0.727948 0.161703 0.463892 0.976885 0.779793 0.793879 0.150239 0.661688 0.920002
0.877597 0.501237 0.088719 0.887875 0.972933 0.829067 0.077726 0.705350 0.405410 0.319921 0.339432 0.628624
0.706232 0.150921 0.123896 0.036723 0.992664 0.242424 0.578280 0.266251 0.337241 0.709202 0.890837 0.251850
0.663388 0.913389 0.777982 0.758129 0.328903 0.979571 0.343097 0.183997 0.580458 0.325408 0.651073 0.851972
0.609538 0.985800 0.754553 0.634499 0.078744 0.361384 0.865600 0.164685 0.988969 0.301307 0.459917 0.134057
0.886645 0.101821 0.362288 0.739489 0.171650 0.146849 0.703545 0.046559 0.921369 0.009649 0.616635 0.940062
0.582856 0.143756 0.199803 0.466254 0.301084 0.094366 0.032861 0.299261 0.483449 0.884428 0.802802 0.209966
