16 12 12
0.734730 0.573177 0.690203 0.747376 0.983423 0.710921 0.925680 0.911017 0.234868 0.786583 0.534219 0.901594
0.241781 0.396831 0.564778 0.742329 0.030482 0.961346 0.340245 0.942356 0.569968 0.596226 0.607512 0.097632
0.819232 0.382852 0.075400 0.528754 0.941444 0.392965 0.165566 0.257894 0.285160 0.352959 0.850730 0.345037
0.958334 0.486433 0.926811 0.246988 0.958582 0.686585 0.997497 0.696587 0.675405 0.232845 0.150842 0.459659
0.476393 0.998767 0.448085 0.038340 0.858259 0.114106 0.586553 0.567244 0.462340 0.965636 0.200135 0.857590
0.619272 0.411313 0.882627 0.847739 0.425851 0.050271 0.254277 0.873235 0.115749 0.160876 0.944239 0.109239
0.507967 0.189632 0.501992 0.040955 0.262032 0.639334 0.168457 0.603538 0.794295 0.846716 0.950299 0.808919
0.567300 0.192803 0.706633 0.930490 0.369129 0.049945 0.952016 0.190229 0.852301 0.426516 0.585881 0.886668
0.882433 0.650722 0.827234 0.170336 0.774408 0.587427 0.242744 0.565219 0.657443 0.255010 0.593662 0.177991
0.402785 0.905338 0.985467 0.264592 0.692761 0.357049 0.298375 0.485020 0.734823 0.100611 0.510961 0.928122
0.345577 0.656418 0.705215 0.739128 0.643941 0.488559 0.655242 0.104131 0.577881 0.976197 0.357394 0.257266
0.841057 0.013587 0.475468 0.622733 0.796464 0.436914 0.578233 0.028192 0.315926 0.821673 0.344249 0.287484
0.104402 0.587402 0.658811 0.837006 0.226861 0.691946 0.538253 0.950034 0.551332 0.996458 0.884052 0.472147
0.822277 0.302534 0.563294 0.053849 0.708173 0.169040 0.623645 0.750209 0.284320 0.562585 0.585785 0.444211
0.761927 0.225794 0.987692 0.086390 0.914312 0.748715 0.709631 0.882371 0.168369 0.487839 0.242170 0.436177
0.255747 0.664988 0.440775 0.898442 0.608968 0.168975 0.132882 0.885794 0.906524 0.989486 0.821245 0.858020
