16 12 4
0.040274 0.968647 0.500641 0.610529 0.743529 0.214034 0.550613 0.143593 0.675405 0.465287 0.448394 0.797473
0.090113 0.260521 0.656521 0.287684 0.377700 0.004571 0.983387 0.459553 0.301089 0.831039 0.632352 0.822071
0.346168 0.370008 0.983967 0.508008 0.366971 0.411328 0.456992 0.239227 0.524061 0.233707 0.912574 0.897133
0.384742 0.687817 0.986695 0.017328 0.678448 0.310365 0.436461 0.778174 0.176418 0.899903 0.910175 0.869271
0.490315 0.624997 0.454163 0.547705 0.481862 0.632128 0.947453 0.457719 0.866027 0.726779 0.201092 0.234784
0.189705 0.163331 0.065546 0.660229 0.030739 0.000026 0.309814 0.247591 0.684678 0.218952 0.328891 0.506544
0.874996 0.552128 0.450390 0.853423 0.116243 0.219717 0.866748 0.165751 0.529367 0.921709 0.872476 0.027265
0.878829 0.016850 0.744390 0.521175 0.941929 0.682217 0.938829 0.712978 0.095976 0.367438 0.101661 0.334705
0.275505 0.888963 0.034381 0.014143 0.605790 0.447938 0.635156 0.186490 0.730936 0.084910 0.650391 0.149525
0.849865 0.240892 0.555615 0.752100 0.284225 0.054593 0.947933 0.559119 0.540348 0.342813 0.359780 0.219176
0.095887 0.427838 0.015736 0.359237 0.372405 0.161145 0.358949 0.188090 0.641877 0.486758 0.699110 0.604753
0.573702 0.081882 0.695462 0.421923 0.414410 0.624166 0.338519 0.255369 0.934432 0.066553 0.835111 0.182275
0.384938 0.366433 0.787365 0.930730 0.211556 0.892894 0.368551 0.975432 0.095080 0.791789 0.411414 0.278814
0.642581 0.307659 0.161040 0.664878 0.240354 0.213522 0.292943 0.939868 0.549425 0.214278 0.347044 0.130649
0.047481 0.401187 0.753031 0.558058 0.541292 0.042124 0.330736 0.899205 0.980838 0.703955 0.469357 0.115053
0.308292 0.308838 0.577418 0.180740 0.827745 0.503941 0.474116 0.959941 0.241511 0.719831 0.781463 0.076672
