24 12 6
0.700551 0.803338 0.516730 0.818832 0.043841 0.487646 0.149222 0.216084 0.682317 0.760858 0.349202 0.794505
0.896530 0.732861 0.778279 0.486216 0.433888 0.729174 0.789043 0.114711 0.898171 0.279325 0.876592 0.221514
0.541451 0.614712 0.277905 0.999386 0.398375 0.591197 0.938121 0.228088 0.220862 0.746298 0.436010 0.205416
0.933132 0.484213 0.365101 0.659172 0.057572 0.315470 0.003107 0.961989 0.357712 0.034158 0.086321 0.350933
0.521137 0.722605 0.037270 0.044471 0.865290 0.479133 0.603806 0.480083 0.710459 0.100765 0.143544 0.963391
0.810705 0.664072 0.983564 0.644711 0.091960 0.517597 0.686953 0.412241 0.005926 0.606907 0.023285 0.453798
0.148256 0.485003 0.209585 0.127708 0.589559 0.104847 0.024424 0.470515 0.666021 0.268547 0.747887 0.854370
0.348518 0.693698 0.786975 0.232392 0.447988 0.679609 0.766514 0.271879 0.975214 0.557854 0.065400 0.682605
0.078973 0.738630 0.890036 0.045866 0.317245 0.722737 0.147147 0.909110 0.344434 0.577337 0.745684 0.333905
0.307078 0.857696 0.980674 0.881829 0.671190 0.311790 0.151509 0.710479 0.921199 0.715383 0.371014 0.920843
0.372130 0.219283 0.093016 0.151470 0.710968 0.721338 0.238516 0.961398 0.989454 0.315445 0.869225 0.512543
0.758471 0.938920 0.138065 0.810688 0.632705 0.088275 0.219059 0.445746 0.357864 0.067959 0.827381 0.829100
0.037274 0.269673 0.836611 0.668642 0.380873 0.859678 0.262685 0.809287 0.231925 0.272577 0.760803 0.738760
0.044956 0.082120 0.969473 0.517974 0.930875 0.229646 0.831443 0.716225 0.436208 0.460360 0.324276 0.479152
0.228225 0.732445 0.739149 0.026423 0.440825 0.804210 0.738909 0.246152 0.171790 0.737780 0.581470 0.519318
0.226590 0.323435 0.810728 0.941980 0.014403 0.039173 0.222759 0.119483 0.520169 0.574717 0.800585 0.393217
0.930322 0.499983 0.376223 0.679023 0.139438 0.275546 0.045237 0.543060 0.860624 0.628981 0.986939 0.500852
0.414351 0.733146 0.001561 0.291610 0.939321 0.435795 0.567835 0.967984 0.265548 0.044337 0.188309 0.993817
0.403725 0.402524 0.380181 0.069353 0.325271 0.741670 0.064369 0.951227 0.366775 0.024350 0.027767 0.958618
0.464828 0.740249 0.622164 0.590567 0.813681 0.516324 0.537057 0.727664 0.165505 0.316390 0.313453 0.639067
0.036203 0.731699 0.936507 0.271918 0.903984 0.241448 0.398580 0.320325 0.073085 0.229168 0.823943 0.433672
0.900456 0.316647 0.452899 0.672526 0.495803 0.971853 0.455397 0.384994 0.537189 0.261337 0.810941 0.655399
0.643940 0.968078 0.258854 0.940899 0.735224 0.617133 0.661369 0.012640 0.024353 0.021331 0.503396 0.203557
0.248973 0.780373 0.277366 0.623214 0.826040 0.104655 0.913990 0.371856 0.662156 0.302391 0.064253 0.859018
