20 12 5
0.168337 0.295302 0.621052 0.375899 0.322471 0.117183 0.806940 0.267449 0.758639 0.699703 0.142830 0.368844
0.131508 0.319375 0.719472 0.236549 0.472720 0.721956 0.416805 0.339578 0.178998 0.136053 0.834046 0.741411
0.931794 0.013942 0.651213 0.614022 0.777778 0.273317 0.110216 0.182664 0.420437 0.358661 0.583852 0.151974
0.748411 0.616024 0.875722 0.899339 0.695751 0.634223 0.986168 0.220165 0.312108 0.923875 0.238852 0.849062
0.176477 0.676938 0.830236 0.751423 0.120984 0.970225 0.897998 0.906911 0.993527 0.917874 0.883463 0.340469
0.902279 0.973218 0.390828 0.050972 0.045999 0.030039 0.428693 0.382479 0.618507 0.867306 0.759991 0.916368
0.672431 0.401886 0.255490 0.452136 0.351688 0.804000 0.907577 0.088970 0.732150 0.134105 0.697004 0.770145
0.044969 0.360624 0.554910 0.481165 0.011784 0.054350 0.953317 0.501267 0.501916 0.011712 0.393909 0.290929
0.814606 0.161280 0.537274 0.365864 0.587848 0.203385 0.306935 0.934610 0.149922 0.024304 0.936830 0.436893
0.652340 0.650003 0.472081 0.328187 0.013642 0.484098 0.857228 0.506613 0.035968 0.045508 0.519067 0.958929
0.733092 0.494587 0.243344 0.401806 0.485303 0.047412 0.727785 0.319326 0.604679 0.670457 0.281349 0.572330
0.751520 0.460628 0.377376 0.924110 0.539472 0.980638 0.098715 0.047974 0.347369 0.590674 0.762780 0.102369
0.774046 0.686770 0.568373 0.494757 0.301129 0.538520 0.335268 0.683509 0.294466 0.543779 0.367386 0.086504
0.879610 0.417247 0.559438 0.739661 0.413477 0.646287 0.287450 0.039192 0.713344 0.469061 0.557840 0.292901
0.576864 0.334216 0.653383 0.535489 0.026892 0.704092 0.938744 0.242395 0.592854 0.626696 0.215102 0.012446
0.595660 0.710774 0.011898 0.450761 0.157282 0.510047 0.443166 0.895505 0.190078 0.735007 0.469311 0.782432
0.357306 0.890203 0.768980 0.823332 0.993144 0.461216 0.024600 0.232018 0.200377 0.106600 0.580100 0.661570
0.451345 0.366740 0.235257 0.288122 0.719353 0.006299 0.479850 0.254352 0.481268 0.744220 0.539169 0.265176
0.824764 0.654634 0.427158 0.993237 0.312849 0.299621 0.989925 0.858596 0.321123 0.332430 0.611328 0.404206
0.485945 0.487881 0.606654 0.618045 0.884514 0.226846 0.160676 0.951359 0.332279 0.602264 0.662092 0.274609
