24 12 16
0.351197 0.954019 0.273425 0.336637 0.600904 0.803288 0.615793 0.593596 0.832218 0.603044 0.751688 0.840309
0.452060 0.743376 0.171927 0.827817 0.549446 0.235527 0.520438 0.789165 0.546792 0.251106 0.384543 0.812103
0.517621 0.210657 0.270737 0.744998 0.916907 0.277071 0.774144 0.145900 0.440373 0.921522 0.255243 0.928992
0.039710 0.758095 0.430954 0.492434 0.061593 0.569424 0.593572 0.094613 0.796355 0.591307 0.151991 0.169664
0.181041 0.848927 0.432402 0.892611 0.023233 0.790746 0.695487 0.208269 0.070250 0.985129 0.846217 0.100932
0.890549 0.601349 0.996365 0.566641 0.535525 0.720717 0.493900 0.958108 0.573073 0.574699 0.520935 0.617684
0.757917 0.443799 0.382573 0.016588 0.663148 0.382376 0.070767 0.627435 0.465968 0.991603 0.956702 0.191246
0.071333 0.533852 0.464264 0.807646 0.434413 0.327684 0.030765 0.646357 0.526734 0.433691 0.045478 0.270080
0.969177 0.048991 0.005920 0.271829 0.917724 0.868610 0.247579 0.863140 0.339880 0.013352 0.163931 0.596646
0.845428 0.780486 0.420215 0.087302 0.805346 0.041796 0.148913 0.028908 0.964449 0.640983 0.252979 0.731566
0.507013 0.899137 0.399701 0.611537 0.143630 0.585233 0.990744 0.460679 0.695830 0.256678 0.044547 0.116874
0.342692 0.165185 0.209902 0.554187 0.585685 0.896387 0.385958 0.860099 0.418685 0.110632 0.091470 0.549700
0.414687 0.500814 0.210780 0.749145 0.014138 0.885675 0.322188 0.646429 0.177143 0.517534 0.267361 0.838146
0.742033 0.977319 0.378591 0.904273 0.771288 0.847768 0.263499 0.846212 0.050873 0.227996 0.434081 0.674939
0.670027 0.808365 0.482315 0.454558 0.243876 0.268639 0.888260 0.891296 0.390011 0.894474 0.221816 0.602024
0.441332 0.880465 0.070638 0.277651 0.652756 0.756978 0.273521 0.256117 0.189202 0.203315 0.555144 0.340749
0.845812 0.652480 0.790896 0.957355 0.142747 0.532973 0.515910 0.460256 0.515327 0.774220 0.330929 0.943639
0.907386 0.116060 0.062961 0.498776 0.432012 0.457248 0.526199 0.358543 0.217714 0.614313 0.171713 0.549070
0.796886 0.865747 0.263076 0.510943 0.130551 0.395548 0.841014 0.414751 0.223524 0.387474 0.597668 0.525113
0.845681 0.022142 0.360205 0.832280 0.597416 0.904829 0.588139 0.461392 0.876024 0.744449 0.736855 0.909490
0.494416 0.699616 0.936200 0.554808 0.080856 0.985111 0.662769 0.286491 0.151841 0.117804 0.032466 0.070633
0.111182 0.329237 0.269663 0.444814 0.793718 0.187036 0.362516 0.179572 0.738902 0.191141 0.889041 0.026492
0.075169 0.848977 0.603755 0.101312 0.228564 0.030447 0.768616 0.306279 0.383793 0.148181 0.080026 0.049888
0.745364 0.625934 0.734225 0.204308 0.992297 0.628971 0.372182 0.978140 0.068392 0.786487 0.112692 0.592622
