347 12 243
0.3538 0.3684 0.3737 0.4312 0.4105 0.4030 0.4146 0.3694 0.3783 0.4404 0.4948 0.5679
0.5161 0.4414 0.9706 0.7313 0.3849 0.3709 0.3405 0.3667 0.2266 0.5932 0.4705 0.2496
0.4414 0.3603 1.0000 0.6654 0.4059 0.3491 0.3071 0.3037 0.1882 0.5183 0.3765 0.2256
0.4862 0.3646 0.7980 0.7481 0.5515 0.8209 0.5864 0.4530 0.3226 0.4534 0.2620 0.2737
0.6376 0.4840 0.5742 0.6965 0.4555 0.9605 0.4528 0.4004 0.2935 0.3780 0.2799 0.2507
0.6394 0.4562 0.9808 0.8014 0.4480 0.6541 0.3781 0.4022 0.2559 0.6279 0.5246 0.2925
0.4275 0.3291 1.0000 0.5225 0.3286 0.3204 0.2310 0.2869 0.1630 0.5366 0.2792 0.1921
0.3061 0.2548 1.0000 0.4410 0.3783 0.3820 0.2846 0.2917 0.1798 0.6057 0.2381 0.2140
0.4218 0.3937 1.0000 0.4693 0.5441 0.4733 0.3126 0.2518 0.2199 0.7563 0.2519 0.3191
0.3584 0.3814 0.8778 0.8806 0.7341 0.3763 0.3555 0.2975 0.2508 0.6708 0.4544 0.4612
0.3783 0.4113 0.9928 0.5662 0.4520 0.2571 0.2297 0.2250 0.1596 0.6765 0.2880 0.2351
0.3733 0.3145 1.0000 0.5071 0.4367 0.3674 0.3294 0.2654 0.1870 0.6402 0.2899 0.2240
0.4807 0.4144 0.5370 0.6184 0.4616 0.9751 0.4262 0.3577 0.2216 0.5079 0.1645 0.1779
0.4906 0.3665 0.8454 0.6735 0.4537 0.7721 0.3734 0.3112 0.2124 0.5995 0.3544 0.2408
0.4208 0.4319 0.9955 0.5762 0.4743 0.3483 0.2452 0.2594 0.1770 0.6512 0.3098 0.2106
0.3709 0.2828 1.0000 0.5135 0.3834 0.3934 0.3188 0.2871 0.1923 0.6054 0.3387 0.2343
0.3891 0.4370 0.8307 0.7759 0.8286 0.7870 0.4596 0.3992 0.3425 0.5749 0.2523 0.3849
0.5484 0.4262 0.8969 0.9545 0.5082 0.4103 0.4026 0.3593 0.2331 0.6064 0.5735 0.3708
0.4845 0.4530 0.9564 0.8784 0.4750 0.3261 0.3127 0.4129 0.2268 0.5090 0.4451 0.2596
0.4275 0.3103 0.9960 0.6811 0.4159 0.5243 0.4598 0.3893 0.2527 0.4681 0.3752 0.2798
0.5340 0.4352 0.4703 0.6800 0.4282 0.9733 0.4565 0.4202 0.2514 0.3268 0.1954 0.2181
0.5628 0.3991 0.8719 0.7479 0.4093 0.8183 0.4199 0.3749 0.2438 0.4420 0.4040 0.2526
0.5624 0.5076 0.9900 0.7485 0.4365 0.4141 0.3095 0.3625 0.2235 0.5383 0.4068 0.2550
0.4142 0.3566 0.9999 0.7727 0.4711 0.4278 0.4456 0.4401 0.2614 0.4369 0.3830 0.2516
0.4653 0.4965 0.7662 0.7891 0.5897 0.8788 0.5991 0.4650 0.3479 0.4545 0.2755 0.3170
0.4671 0.4721 0.6747 0.9731 0.6357 0.5752 0.4160 0.3787 0.2765 0.4020 0.5760 0.4554
0.4492 0.3804 0.8752 0.9321 0.3486 0.3498 0.2556 0.2937 0.1991 0.4891 0.4446 0.2883
0.4745 0.3292 0.9960 0.6466 0.4296 0.5328 0.4876 0.3761 0.2979 0.5801 0.3376 0.3180
0.5423 0.4490 0.5028 0.7037 0.4577 0.9642 0.4878 0.4590 0.2682 0.3889 0.2161 0.2385
0.5491 0.4168 0.8623 0.7588 0.4497 0.8214 0.4740 0.3996 0.2836 0.4838 0.4192 0.3058
0.4552 0.3900 0.9966 0.5445 0.3804 0.3592 0.2593 0.2768 0.1875 0.6166 0.3401 0.2092
0.4296 0.3067 1.0000 0.6225 0.4350 0.5015 0.4346 0.3389 0.2442 0.5634 0.3529 0.2685
0.5241 0.4639 0.6131 0.7220 0.5432 0.9622 0.5009 0.4181 0.2959 0.4626 0.2300 0.2914
0.4193 0.4855 0.7532 0.8400 0.8532 0.7013 0.4972 0.4197 0.2995 0.2791 0.4381 0.5159
0.3886 0.3804 0.8390 0.7446 0.8757 0.5747 0.4683 0.3725 0.2580 0.2371 0.3517 0.6942
0.3999 0.3717 0.7630 0.5411 0.9733 0.5359 0.4736 0.4080 0.3248 0.3230 0.2316 0.5695
0.2796 0.2406 0.5181 0.4987 0.6630 0.7271 0.4453 0.9985 0.6409 0.4763 0.3060 0.4938
0.3992 0.4226 0.8007 0.6430 0.7799 0.5865 0.6011 0.6629 0.3490 0.3278 0.3162 0.8061
0.3373 0.3134 0.7133 0.6027 0.9526 0.6022 0.4922 0.4167 0.3306 0.3082 0.2425 0.8345
0.2293 0.2151 0.5711 0.5942 0.9811 0.6300 0.6321 0.6533 0.4742 0.4505 0.2362 0.8372
0.2471 0.2695 0.4458 0.6277 0.9300 0.6182 0.8476 0.6945 0.5544 0.4420 0.2457 0.7261
0.5072 0.4268 0.7013 0.6075 0.9571 0.6239 0.5005 0.6043 0.3324 0.2372 0.2576 0.6436
0.3310 0.3633 0.7280 0.5807 0.9365 0.5494 0.5336 0.3322 0.2083 0.1919 0.1935 0.8885
0.3860 0.3401 0.6954 0.5388 0.9661 0.6358 0.5431 0.4577 0.3972 0.3679 0.2525 0.6900
0.3009 0.2614 0.4890 0.5791 0.6415 0.7788 0.5888 0.9613 0.6521 0.5435 0.2841 0.6055
0.3943 0.4341 0.8031 0.6656 0.7777 0.5952 0.6489 0.6680 0.3896 0.3995 0.3455 0.7886
0.3789 0.3819 0.8241 0.6600 0.9171 0.5687 0.6277 0.3744 0.2593 0.2308 0.2350 0.6873
0.3334 0.2896 0.6068 0.5248 0.9841 0.5557 0.5267 0.4343 0.3796 0.3605 0.2258 0.6294
0.2822 0.2937 0.4675 0.5962 0.8762 0.6344 0.8578 0.6736 0.5905 0.4514 0.2228 0.6751
0.5884 0.4356 0.4354 0.5945 0.7599 0.9854 0.7621 0.8381 0.5374 0.2971 0.2706 0.7581
0.2004 0.1890 0.3419 0.3658 0.9619 0.5138 0.6538 0.4651 0.3029 0.1727 0.1414 0.8864
0.1642 0.1853 0.4224 0.4661 0.9507 0.5069 0.7132 0.5416 0.4554 0.3039 0.1575 0.7828
0.3090 0.3317 0.6509 0.8559 0.7563 0.8833 0.6651 0.9234 0.6768 0.5432 0.2964 0.4161
0.6707 0.4860 0.4446 0.6174 0.5357 0.9999 0.6443 0.7991 0.4519 0.2812 0.2874 0.4444
0.2992 0.2660 0.5523 0.5025 0.9333 0.7331 0.6806 0.6639 0.4846 0.2839 0.2096 0.8362
0.1979 0.2055 0.3890 0.4424 0.9570 0.4439 0.6589 0.5186 0.4207 0.2467 0.1550 0.8770
0.2519 0.3841 0.7476 0.8034 0.8112 0.8311 0.6287 0.9157 0.8618 0.5980 0.2897 0.2965
0.5324 0.6939 0.6821 0.7029 0.6696 0.6739 0.7998 0.8496 0.6863 0.4553 0.4424 0.4395
0.6094 0.6378 0.9890 0.8677 0.4754 0.5085 0.5372 0.4932 0.3200 0.5059 0.4774 0.3489
0.4636 0.3541 1.0000 0.6177 0.3271 0.3828 0.3555 0.3368 0.2155 0.4807 0.3534 0.2903
0.5055 0.3733 0.7570 0.7438 0.5078 0.8485 0.5884 0.4614 0.3235 0.4096 0.2601 0.2652
0.5954 0.4757 0.4529 0.6670 0.4021 0.9711 0.4375 0.4055 0.3131 0.3714 0.2973 0.2820
0.5636 0.4957 0.9638 0.7879 0.4174 0.5631 0.3756 0.3854 0.2944 0.5867 0.4205 0.3350
0.4255 0.3341 1.0000 0.6790 0.4267 0.4111 0.3663 0.3310 0.2409 0.5045 0.3610 0.2404
0.6115 0.4979 0.9829 0.7708 0.5988 0.8087 0.5113 0.3818 0.3241 0.5951 0.3451 0.3860
0.3819 0.4241 0.6736 0.9507 0.6610 0.4405 0.4003 0.3451 0.3277 0.4232 0.4990 0.4653
0.4156 0.3866 0.9278 0.8504 0.4456 0.3284 0.2664 0.2641 0.1928 0.5721 0.3821 0.2704
0.3944 0.3334 1.0000 0.5439 0.4374 0.4392 0.3548 0.3131 0.2279 0.6448 0.3582 0.2772
0.6460 0.4977 0.9743 0.7544 0.4658 0.6830 0.4750 0.3109 0.2694 0.6631 0.3343 0.3447
0.5889 0.4102 0.8775 0.8306 0.5618 0.6538 0.4351 0.4196 0.3934 0.7066 0.5249 0.4168
0.4395 0.4182 0.9712 0.5918 0.3748 0.3211 0.2527 0.2844 0.2073 0.7486 0.3458 0.2136
0.4503 0.3259 0.9990 0.6382 0.4734 0.4870 0.4253 0.3299 0.2485 0.5560 0.3031 0.2526
0.5597 0.4732 0.5407 0.7126 0.6258 0.9790 0.5282 0.4079 0.3119 0.3370 0.2174 0.3137
0.4481 0.4082 0.6098 0.9605 0.6303 0.6528 0.4381 0.3529 0.2920 0.3431 0.4799 0.3827
0.5334 0.4351 0.9120 0.8985 0.3773 0.4450 0.2616 0.2948 0.1846 0.5818 0.4650 0.2630
0.4304 0.3399 0.9968 0.6177 0.5026 0.4412 0.3908 0.3330 0.2489 0.5791 0.3096 0.2563
0.5767 0.4103 0.6007 0.7623 0.5147 0.9725 0.6117 0.4886 0.3317 0.3707 0.2307 0.2643
0.5968 0.4621 0.4658 0.6812 0.4296 0.9603 0.4490 0.4219 0.3254 0.3779 0.2991 0.2800
0.5207 0.4220 0.9484 0.7535 0.4015 0.5493 0.3814 0.4099 0.2993 0.6094 0.4657 0.2972
0.5067 0.4251 0.9970 0.7758 0.4193 0.4232 0.3364 0.3458 0.2174 0.5470 0.4171 0.2181
0.4948 0.3579 0.7959 0.7254 0.5457 0.8365 0.5698 0.4415 0.3142 0.4424 0.2786 0.2777
0.5946 0.5427 0.5814 0.7630 0.7215 0.9222 0.4923 0.3597 0.3069 0.3981 0.3269 0.3960
0.5449 0.4855 0.9767 0.9154 0.5037 0.6399 0.3768 0.3368 0.2580 0.6731 0.5080 0.3352
0.5158 0.4128 0.9932 0.7432 0.4247 0.4062 0.3454 0.3570 0.2216 0.5612 0.4304 0.2695
0.4263 0.3212 0.9228 0.6805 0.5716 0.7418 0.5518 0.4149 0.2887 0.4668 0.2716 0.2594
0.6322 0.4739 0.5226 0.7555 0.5353 0.9426 0.5045 0.4061 0.3773 0.4031 0.3381 0.3179
0.5406 0.4016 0.9632 0.7213 0.4009 0.5199 0.3153 0.3666 0.2556 0.6385 0.4670 0.2673
0.3993 0.3241 1.0000 0.6065 0.3804 0.3445 0.3095 0.3048 0.1821 0.6034 0.3382 0.1979
0.4136 0.3197 0.8540 0.8918 0.5308 0.7127 0.5588 0.4140 0.3082 0.3914 0.4081 0.2602
0.4103 0.5036 0.6092 0.8798 0.5965 0.8403 0.4530 0.3720 0.2959 0.2417 0.4399 0.3458
0.4049 0.4388 0.8571 0.6868 0.9263 0.5736 0.4291 0.3445 0.2581 0.2402 0.2910 0.6296
0.3987 0.3522 0.6725 0.5687 0.9205 0.4810 0.4632 0.3031 0.1967 0.2034 0.2232 0.7865
0.3249 0.3001 0.5972 0.5814 0.8400 0.7968 0.6139 0.7762 0.6233 0.4798 0.2749 0.4407
0.2703 0.2916 0.6435 0.5802 0.4722 0.7010 0.4321 0.9391 0.5759 0.4625 0.2838 0.4597
0.3689 0.4013 0.9023 0.6218 0.9220 0.5134 0.5049 0.6236 0.3299 0.3117 0.2275 0.7956
0.4061 0.4050 0.7198 0.5599 0.8572 0.4711 0.5083 0.3379 0.2076 0.1986 0.2024 0.8539
0.2699 0.2723 0.5286 0.5230 0.9701 0.6918 0.7486 0.6438 0.5506 0.4738 0.2265 0.7372
0.4117 0.6234 0.7372 0.7735 0.7310 0.7778 0.8629 0.8106 0.5968 0.4147 0.2858 0.5906
0.4647 0.4561 0.7772 0.5311 0.9735 0.6613 0.7347 0.4124 0.2991 0.2687 0.2262 0.7896
0.4707 0.4501 0.7729 0.6057 0.9149 0.6259 0.5328 0.3588 0.2535 0.2157 0.2525 0.7766
0.3480 0.2580 0.5765 0.5808 0.9363 0.6887 0.5464 0.5771 0.4651 0.4189 0.2833 0.8239
0.2834 0.2912 0.6016 0.6264 0.5352 0.6465 0.5767 0.9247 0.5535 0.4557 0.2896 0.6789
0.3687 0.4060 0.8810 0.6792 0.9051 0.5482 0.5630 0.5501 0.3130 0.2849 0.2456 0.9189
0.4008 0.3557 0.6169 0.5611 0.8712 0.5388 0.5743 0.3794 0.2807 0.2331 0.1924 0.9374
0.2297 0.2801 0.4756 0.5240 0.9555 0.5934 0.7351 0.8654 0.5891 0.4732 0.2517 0.6483
0.3041 0.5419 0.6076 0.6663 0.8836 0.7078 0.7501 0.7755 0.6047 0.3940 0.2613 0.4866
0.6868 0.4199 0.4569 0.7415 0.4936 0.9815 0.5012 0.4679 0.3459 0.2739 0.2263 0.2768
0.6775 0.4004 0.4079 0.6681 0.4602 0.9894 0.5204 0.4787 0.3995 0.3123 0.2219 0.2436
0.3341 0.2897 0.3590 0.8740 0.3136 0.9124 0.5768 0.6727 0.8797 0.4974 0.3052 0.2453
0.5637 0.2280 0.3741 0.9670 0.3139 0.6237 0.3840 0.6095 0.8391 0.4280 0.2597 0.2069
0.7209 0.3377 0.4144 0.8184 0.4861 0.9411 0.4876 0.6168 0.3646 0.2699 0.2107 0.2528
0.6616 0.3287 0.3031 0.5529 0.3234 1.0000 0.4356 0.5184 0.3418 0.2906 0.1926 0.1789
0.4425 0.2524 0.3176 0.9060 0.2637 0.8367 0.4862 0.6038 0.8007 0.4086 0.2775 0.1895
0.6509 0.2189 0.3311 0.9547 0.3574 0.5101 0.3580 0.5835 0.8076 0.4753 0.4334 0.2389
0.7743 0.3414 0.4036 0.8074 0.4685 0.9703 0.4848 0.5312 0.3535 0.2638 0.2335 0.2488
0.7458 0.3276 0.3021 0.5243 0.3194 0.9999 0.4396 0.4857 0.3408 0.2924 0.1948 0.1766
0.4105 0.2504 0.3291 0.9140 0.2621 0.8184 0.4699 0.6125 0.7793 0.4291 0.2709 0.1884
0.6496 0.2704 0.3590 0.9058 0.4256 0.6243 0.4170 0.5785 0.7300 0.4155 0.3059 0.2814
0.8046 0.3505 0.4302 0.8121 0.4857 0.9616 0.5127 0.5570 0.3446 0.2717 0.2238 0.2703
0.6945 0.3515 0.3234 0.5488 0.3291 1.0000 0.4594 0.4791 0.3592 0.3005 0.2009 0.1799
0.3498 0.2537 0.3272 0.9073 0.2693 0.8675 0.4960 0.6087 0.7912 0.4173 0.2799 0.1912
0.6213 0.2101 0.3901 1.0000 0.3394 0.6462 0.3441 0.6202 0.5288 0.4333 0.3130 0.1938
0.7752 0.3001 0.3629 0.7621 0.4139 0.9902 0.4272 0.5601 0.2970 0.2199 0.1884 0.2169
0.4866 0.3005 0.3955 0.7639 0.3276 0.9344 0.5626 0.6885 0.7384 0.4166 0.2937 0.2537
0.5895 0.3860 0.5152 0.9292 0.5781 0.8347 0.6223 0.5478 0.6232 0.3346 0.2089 0.2860
0.7976 0.4130 0.4769 0.7662 0.4960 0.9721 0.4909 0.6258 0.5435 0.2922 0.2427 0.2746
0.8297 0.3513 0.3768 0.6043 0.4408 0.9977 0.4548 0.5186 0.2847 0.2527 0.1805 0.2183
0.7407 0.3174 0.3736 0.6465 0.3890 0.9994 0.5073 0.4897 0.3933 0.2814 0.2219 0.2281
0.6373 0.3258 0.4299 0.7722 0.3969 0.9493 0.5615 0.5366 0.7066 0.3729 0.2242 0.2441
0.8971 0.4088 0.3477 0.7031 0.3948 0.9814 0.4282 0.5378 0.2863 0.2112 0.2759 0.1997
0.7745 0.3461 0.4098 0.6894 0.4669 0.9798 0.5672 0.6151 0.4305 0.3243 0.2660 0.2711
0.4611 0.3368 0.3823 0.8382 0.3972 0.9677 0.5470 0.5383 0.7776 0.3841 0.2358 0.2418
0.6425 0.3988 0.4490 0.7300 0.4319 0.9687 0.4772 0.5209 0.3628 0.2496 0.1836 0.2238
0.6399 0.3711 0.4867 0.7167 0.4143 0.9278 0.6260 0.6616 0.7750 0.5353 0.3533 0.3253
0.4672 0.2463 0.2500 0.6786 0.5458 0.5464 0.6135 0.6006 0.7595 0.9808 0.4546 0.2999
0.5346 0.4314 0.4344 0.5482 0.6393 0.4811 0.5188 0.4900 0.4802 0.9956 0.5275 0.3441
0.6527 0.5506 0.9970 0.6992 0.5151 0.4471 0.4677 0.4409 0.3601 0.7469 0.4484 0.3490
0.4612 0.3795 0.9956 0.6975 0.3600 0.4030 0.3547 0.3453 0.2319 0.5313 0.4143 0.2628
0.4423 0.3295 0.8852 0.7135 0.5011 0.7755 0.5403 0.4182 0.3127 0.4534 0.2900 0.2578
0.5817 0.4357 0.5465 0.7032 0.4334 0.9717 0.4551 0.3837 0.3101 0.3936 0.2878 0.2599
0.5799 0.4517 0.9828 0.7931 0.4153 0.5916 0.3227 0.3454 0.2409 0.5696 0.4612 0.2600
0.4460 0.3367 1.0000 0.5639 0.3773 0.3212 0.2640 0.2666 0.1701 0.5022 0.2927 0.2412
0.4652 0.4089 0.9567 0.6877 0.5216 0.6687 0.4983 0.3472 0.2922 0.6385 0.2962 0.3334
0.5676 0.6103 0.7714 0.8840 0.8090 0.7353 0.5172 0.3839 0.3657 0.4491 0.4946 0.5247
0.6000 0.4411 0.8999 0.9715 0.4498 0.4306 0.3121 0.3585 0.2379 0.6570 0.5068 0.2913
0.3998 0.3348 1.0000 0.6936 0.3479 0.3370 0.2995 0.2921 0.1835 0.4969 0.3576 0.2335
0.4927 0.3464 0.8750 0.7552 0.5913 0.8410 0.5956 0.4231 0.3180 0.5002 0.2719 0.2762
0.6498 0.4669 0.5105 0.6911 0.4679 0.9880 0.4692 0.3700 0.3146 0.3890 0.2924 0.2855
0.5712 0.4441 0.9531 0.7777 0.4522 0.6441 0.3980 0.3696 0.2914 0.6446 0.4399 0.3302
0.4539 0.4420 1.0000 0.6089 0.3694 0.3347 0.2740 0.2987 0.2075 0.5042 0.3358 0.2603
0.4041 0.2515 0.9988 0.5465 0.3744 0.4934 0.4227 0.3171 0.2612 0.6002 0.2754 0.2609
0.5477 0.5167 0.7236 0.7433 0.6254 0.9690 0.5195 0.4065 0.2854 0.5096 0.2031 0.3269
0.4908 0.3751 0.8916 0.8447 0.8022 0.7973 0.4903 0.3201 0.2467 0.5418 0.4353 0.4058
0.4052 0.3974 0.9672 0.5603 0.4362 0.3266 0.2189 0.2264 0.1629 0.6295 0.3034 0.2492
0.3943 0.2992 1.0000 0.5707 0.4724 0.4693 0.3996 0.2935 0.2316 0.6262 0.2895 0.2189
0.4986 0.3953 0.4906 0.5924 0.4087 0.9982 0.4164 0.3414 0.2375 0.4760 0.1592 0.1709
0.4670 0.3493 0.7534 0.6570 0.4439 0.8197 0.3753 0.3699 0.3047 0.5378 0.3776 0.3130
0.4215 0.4217 0.9970 0.5434 0.4643 0.3526 0.2024 0.2363 0.1615 0.7486 0.3012 0.1851
0.3559 0.3366 1.0000 0.4668 0.4860 0.2516 0.2257 0.2200 0.1572 0.6120 0.2750 0.1886
0.3692 0.3414 0.8870 0.6159 0.5475 0.6985 0.4945 0.3551 0.2491 0.6560 0.2018 0.2005
0.5547 0.5331 0.7253 0.7144 0.8097 0.8616 0.4434 0.3309 0.2484 0.5572 0.2614 0.3742
0.5492 0.4574 0.9848 0.8010 0.4590 0.4692 0.3249 0.3297 0.1987 0.6945 0.4803 0.2854
0.4005 0.3505 1.0000 0.5921 0.4339 0.3468 0.3177 0.3243 0.1829 0.5884 0.3035 0.2086
0.4156 0.4285 0.8809 0.8449 0.6551 0.7372 0.5974 0.4624 0.3061 0.5013 0.2455 0.2486
0.6122 0.4654 0.5488 0.7442 0.5087 0.9637 0.5167 0.4132 0.3556 0.3903 0.2979 0.2948
0.6054 0.4729 0.9752 0.8152 0.4556 0.5665 0.3589 0.3644 0.2713 0.6074 0.4801 0.3038
0.5197 0.4090 0.9794 0.7861 0.4234 0.4359 0.3613 0.3659 0.2289 0.4807 0.4542 0.2567
0.4012 0.2467 0.9457 0.5506 0.4037 0.5511 0.4000 0.3294 0.2139 0.4818 0.2704 0.1954
0.4396 0.4901 0.7031 0.8057 0.7751 0.8452 0.4836 0.4002 0.3324 0.2698 0.2893 0.4679
0.4049 0.4186 0.8048 0.8324 0.9309 0.6001 0.3971 0.3437 0.2544 0.2594 0.3385 0.6639
0.4823 0.4558 0.7890 0.6695 0.8510 0.5481 0.4487 0.3613 0.2409 0.2269 0.2690 0.7091
0.3634 0.3062 0.6708 0.6215 0.9644 0.7955 0.5960 0.6434 0.5566 0.5301 0.2785 0.6930
0.2767 0.3282 0.6356 0.5875 0.5750 0.6292 0.6319 0.8551 0.5269 0.4293 0.2856 0.7712
0.4404 0.4382 0.8788 0.6579 0.9032 0.5716 0.4982 0.4591 0.2976 0.2677 0.2728 0.8460
0.4109 0.3923 0.7201 0.5643 0.8572 0.5351 0.5062 0.3704 0.2715 0.2844 0.2345 0.7213
0.3591 0.3651 0.5767 0.6927 0.9521 0.8105 0.7812 0.8026 0.6221 0.5556 0.2901 0.7073
0.4974 0.5925 0.7961 0.8006 0.7292 0.7936 0.8121 0.6355 0.4988 0.3719 0.3161 0.5516
0.4603 0.4196 0.8216 0.5738 0.9282 0.6362 0.5985 0.3855 0.2945 0.2690 0.2633 0.7993
0.3682 0.3761 0.7134 0.4998 0.9375 0.5387 0.5341 0.3321 0.2175 0.2371 0.2100 0.8122
0.3356 0.3260 0.5921 0.6019 0.7775 0.8512 0.6470 0.8273 0.6946 0.5523 0.2996 0.5887
0.2735 0.3299 0.6468 0.5731 0.4886 0.6976 0.5043 0.9137 0.5890 0.4640 0.3050 0.4932
0.4230 0.4274 0.8788 0.6364 0.9327 0.5428 0.5042 0.5429 0.3195 0.3222 0.2658 0.8932
0.4397 0.4225 0.7060 0.5765 0.7983 0.5293 0.5261 0.3664 0.2606 0.2433 0.2143 0.8368
0.3174 0.3389 0.6099 0.6365 0.9906 0.7432 0.7462 0.7986 0.6548 0.5753 0.2997 0.7108
0.3122 0.5098 0.5791 0.6035 0.7997 0.7126 0.7672 0.8450 0.6501 0.4239 0.2604 0.5502
0.6691 0.4061 0.4378 0.7335 0.5013 0.9828 0.5090 0.5309 0.3414 0.2838 0.2200 0.2807
0.6781 0.3613 0.3450 0.5832 0.3971 1.0000 0.4159 0.4364 0.2706 0.2697 0.1848 0.2260
0.4785 0.3002 0.3521 0.6687 0.3099 0.9307 0.6243 0.6424 0.7978 0.4754 0.2896 0.2422
0.3989 0.2635 0.4134 0.8562 0.3393 0.6576 0.4919 0.5829 0.8631 0.5267 0.3001 0.2509
0.7464 0.3329 0.3866 0.7310 0.4209 0.9649 0.4280 0.4932 0.3460 0.2518 0.2076 0.2290
0.7811 0.3268 0.3447 0.6051 0.4010 0.9987 0.3882 0.4509 0.2666 0.2407 0.1680 0.1945
0.6424 0.2496 0.2915 0.5914 0.2865 0.9964 0.4722 0.6639 0.6122 0.3703 0.2406 0.1599
0.5026 0.3508 0.5075 0.9341 0.4851 0.7521 0.4829 0.7293 0.6427 0.4663 0.3836 0.2763
0.5904 0.3915 0.4041 0.7724 0.4838 0.9670 0.4933 0.4918 0.3656 0.2912 0.2308 0.2485
0.6322 0.3594 0.3792 0.6729 0.3997 1.0000 0.5240 0.4770 0.3837 0.3192 0.2412 0.2467
0.5341 0.3253 0.3815 0.7987 0.3136 0.9177 0.5611 0.6751 0.7868 0.5221 0.3275 0.2980
0.4338 0.2679 0.4059 0.7184 0.3172 0.6700 0.5162 0.5562 0.8891 0.5033 0.3000 0.2684
0.6436 0.3608 0.4064 0.7445 0.4539 0.9748 0.4557 0.4878 0.3904 0.2797 0.2176 0.2480
0.6596 0.3317 0.3584 0.6433 0.3955 0.9929 0.3980 0.4898 0.2710 0.2488 0.1767 0.2038
0.6953 0.2786 0.3252 0.4395 0.2825 0.9881 0.5734 0.5932 0.5659 0.4109 0.2716 0.1842
0.4376 0.5296 0.6164 0.8758 0.5679 0.7815 0.7637 0.7887 0.8679 0.5700 0.3470 0.3310
0.2349 0.3447 0.5960 0.5053 0.4375 0.5938 0.4291 0.9896 0.6177 0.5020 0.2384 0.2002
0.1364 0.1807 0.6426 0.3720 0.2774 0.3834 0.2898 1.0000 0.3538 0.4534 0.1654 0.1713
0.4131 0.2111 0.5082 0.2694 0.2540 0.3500 0.4566 0.7882 0.5467 0.5447 0.7090 0.9348
0.3206 0.2487 0.4722 0.3094 0.3411 0.4669 0.4775 0.6120 0.5934 0.5365 0.7463 0.9360
0.2452 0.2338 0.6115 0.5097 0.4484 0.7155 0.4011 0.9597 0.6073 0.5588 0.3446 0.3423
0.2047 0.2195 0.6737 0.4459 0.3761 0.5827 0.3667 0.9764 0.5174 0.5378 0.2446 0.2589
0.3877 0.2016 0.6791 0.2947 0.2669 0.4395 0.4520 0.8870 0.5462 0.6182 0.6434 0.8938
0.3370 0.2502 0.4288 0.4011 0.4555 0.4382 0.5350 0.7018 0.6632 0.6325 0.6190 0.9205
0.2210 0.2152 0.5958 0.4578 0.4400 0.6549 0.4606 0.9529 0.5801 0.7846 0.3336 0.3051
0.2122 0.2242 0.6762 0.4548 0.3774 0.6066 0.3807 0.9777 0.5270 0.5856 0.2570 0.2587
0.4067 0.2202 0.5103 0.2796 0.2693 0.4220 0.4506 0.8048 0.5424 0.5653 0.6870 0.9510
0.3526 0.2025 0.4163 0.3063 0.3299 0.3990 0.4153 0.5490 0.4619 0.4598 0.6329 0.9898
0.2485 0.2148 0.6484 0.5544 0.4587 0.6873 0.4597 0.9199 0.5820 0.5972 0.3228 0.3778
0.2044 0.2315 0.6449 0.4572 0.3814 0.6042 0.3755 0.9806 0.5103 0.5510 0.2216 0.2426
0.3463 0.1867 0.5424 0.3162 0.2739 0.4158 0.4021 0.8288 0.5620 0.4994 0.5837 0.7303
0.2976 0.1874 0.5455 0.2503 0.2763 0.3606 0.4486 0.8793 0.6122 0.6004 0.6766 0.9103
0.2260 0.2419 0.6065 0.4240 0.5458 0.4426 0.7125 0.7267 0.7129 0.9582 0.5241 0.5149
0.1593 0.1691 0.8032 0.3616 0.4119 0.4083 0.4579 0.6430 0.8825 0.9143 0.6081 0.2200
0.2680 0.1795 0.8933 0.5605 0.3320 0.5531 0.3417 0.5607 0.8763 0.6250 0.8354 0.3383
0.2184 0.1129 0.8718 0.3532 0.1546 0.2850 0.3174 0.4627 0.6846 0.5986 0.9880 0.6684
0.1780 0.1434 0.9355 0.4468 0.3058 0.4800 0.3797 0.4900 0.8185 0.6294 0.8391 0.3924
0.1911 0.1980 0.9547 0.4863 0.4345 0.6667 0.4077 0.7351 0.8948 0.6341 0.6606 0.2190
0.2020 0.1424 0.9376 0.5278 0.2969 0.5700 0.2737 0.6181 0.6602 0.5835 0.9480 0.3048
0.2222 0.1227 0.6687 0.2686 0.2530 0.3193 0.3721 0.4688 0.6596 0.6450 0.9892 0.6762
0.1856 0.1816 0.4886 0.3891 0.5305 0.4564 0.5793 0.4337 0.6276 0.9987 0.4649 0.3313
0.1612 0.1613 0.7182 0.4435 0.3951 0.4998 0.4019 0.5585 0.5113 0.9974 0.2694 0.1868
0.1900 0.1617 0.7073 0.3749 0.3393 0.4982 0.3319 0.5818 0.5980 1.0000 0.3293 0.2709
0.3113 0.1293 0.4639 0.1809 0.1683 0.2770 0.3640 0.4810 0.5563 0.9748 0.5774 0.8532
0.2643 0.1448 0.5252 0.3154 0.3137 0.3851 0.4001 0.4261 0.5138 0.9665 0.4314 0.8556
0.2228 0.2234 0.6297 0.5609 0.4879 0.7414 0.3784 0.8484 0.6219 0.9151 0.3021 0.2925
0.3070 0.2569 0.5373 0.4987 0.4357 0.6454 0.4604 0.8781 0.7798 0.8721 0.4911 0.5184
0.5193 0.3834 0.5215 0.2607 0.2227 0.3345 0.2828 0.5781 0.4881 0.5880 0.5069 0.9643
0.4756 0.6523 0.8501 0.3955 0.3483 0.3103 0.2456 0.2266 0.2638 0.4597 0.4401 0.8995
0.5352 0.5218 1.0000 0.5650 0.7286 0.5064 0.4162 0.3680 0.2973 0.6061 0.4075 0.5645
0.4360 0.3818 0.9575 0.6660 0.4718 0.4557 0.4148 0.3738 0.2692 0.5557 0.3176 0.4004
0.5996 0.4558 0.6302 0.8097 0.5604 0.9574 0.5817 0.4433 0.3631 0.3443 0.2336 0.2950
0.5369 0.4007 0.3950 0.5177 0.5059 0.9783 0.3748 0.3622 0.2794 0.4655 0.2898 0.3356
0.5072 0.4727 0.9786 0.6564 0.4948 0.5775 0.4252 0.3906 0.2931 0.7182 0.4287 0.3455
0.3509 0.3666 1.0000 0.5245 0.3589 0.2933 0.3164 0.2939 0.1892 0.6123 0.2853 0.2247
0.5106 0.2694 0.9885 0.5684 0.4021 0.5091 0.4560 0.4819 0.2287 0.5164 0.3086 0.2760
0.8094 0.5283 0.6641 0.7048 0.6804 0.9871 0.5398 0.5438 0.3076 0.4150 0.2344 0.3939
0.6010 0.4380 0.7601 0.8547 0.6025 0.7840 0.3844 0.4283 0.2274 0.5120 0.4845 0.3264
0.4619 0.4223 1.0000 0.6441 0.3893 0.3923 0.2925 0.3295 0.2069 0.6681 0.3710 0.2542
0.4114 0.2957 1.0000 0.5541 0.4786 0.4871 0.4495 0.3345 0.2530 0.5825 0.2639 0.2456
0.5036 0.4092 0.5957 0.6953 0.5105 0.9410 0.5008 0.4116 0.2793 0.4940 0.1905 0.2372
0.5122 0.3284 0.7316 0.6669 0.4007 0.8944 0.3745 0.3582 0.2950 0.6139 0.4025 0.2666
0.4137 0.3750 0.9974 0.5063 0.3983 0.3729 0.2151 0.2395 0.1690 0.6615 0.2836 0.1582
0.3657 0.3731 0.9994 0.6668 0.4870 0.4476 0.4503 0.3717 0.1985 0.5539 0.2896 0.1929
0.5760 0.4781 0.7806 0.6321 0.6922 0.9313 0.5452 0.4089 0.2450 0.4790 0.2176 0.3022
0.6534 0.4273 0.7004 0.9235 0.6802 0.5109 0.3800 0.4667 0.2572 0.4651 0.4577 0.4299
0.4548 0.4082 0.9936 0.7054 0.3561 0.3176 0.2459 0.3008 0.1898 0.7092 0.3671 0.2570
0.3780 0.2901 1.0000 0.5119 0.4634 0.4040 0.3580 0.2847 0.2109 0.5689 0.2708 0.2042
0.5535 0.3413 0.4118 0.4592 0.3933 0.9954 0.3560 0.3050 0.1949 0.4734 0.1314 0.1509
0.5638 0.3881 0.6487 0.6674 0.6593 0.7945 0.3376 0.3323 0.2409 0.6227 0.3499 0.3940
0.4182 0.3538 0.9992 0.4856 0.4171 0.2933 0.2528 0.2513 0.1482 0.8262 0.2975 0.2239
0.4260 0.2211 1.0000 0.3925 0.3297 0.2554 0.3199 0.3962 0.1447 0.6360 0.2209 0.2007
0.9511 0.2741 0.7121 0.4193 0.4165 0.6209 0.3507 0.6915 0.1663 0.3034 0.1848 0.3165
0.9255 0.3236 0.5123 0.4514 0.5888 0.6982 0.2898 0.5492 0.1683 0.4223 0.2817 0.3265
0.5591 0.4645 0.9972 0.6484 0.5034 0.3759 0.3325 0.3368 0.1712 0.8486 0.3700 0.2404
0.3559 0.2736 1.0000 0.4440 0.3392 0.2771 0.2846 0.2646 0.1451 0.7294 0.2616 0.1635
0.4737 0.3660 0.8890 0.7386 0.5532 0.8533 0.6203 0.4335 0.2952 0.6359 0.2200 0.2449
0.4992 0.3998 0.5019 0.6210 0.4110 0.9810 0.4397 0.3994 0.2470 0.5054 0.2115 0.2129
0.4786 0.3652 0.9932 0.6200 0.3494 0.5082 0.3150 0.3107 0.1903 0.7020 0.3753 0.2251
0.3778 0.3053 1.0000 0.5082 0.3911 0.2905 0.2697 0.2376 0.1389 0.6001 0.2736 0.1761
0.4609 0.3455 0.8495 0.6734 0.5002 0.8184 0.5519 0.3870 0.2659 0.5973 0.2259 0.2264
0.5035 0.4857 0.7319 0.6246 0.6946 0.9865 0.4750 0.3426 0.2004 0.5107 0.2724 0.3739
0.4548 0.4023 0.9971 0.6991 0.4798 0.4713 0.3399 0.2875 0.1798 0.7279 0.3961 0.2804
0.3761 0.3221 1.0000 0.5455 0.4225 0.2594 0.2546 0.2378 0.1349 0.6181 0.2930 0.1790
0.3460 0.3039 0.8861 0.5550 0.4407 0.6012 0.4111 0.3487 0.2691 0.6599 0.2524 0.2352
0.4479 0.4044 0.5122 0.6846 0.4616 0.8995 0.3710 0.2996 0.2892 0.5379 0.2476 0.1920
0.4514 0.3721 0.9935 0.5902 0.4020 0.3109 0.2500 0.2485 0.1761 0.6588 0.3739 0.2054
0.3844 0.3252 1.0000 0.5462 0.4443 0.2686 0.2352 0.2289 0.1397 0.5566 0.3086 0.1710
0.3183 0.2807 0.9441 0.5104 0.4600 0.5502 0.3806 0.2991 0.1955 0.6131 0.2015 0.1746
0.5052 0.5394 0.6640 0.7490 0.8202 0.8115 0.4399 0.3560 0.2871 0.3755 0.3045 0.4309
0.4764 0.4259 0.9915 0.7329 0.4837 0.4238 0.3190 0.2769 0.1958 0.6302 0.3851 0.2923
0.4113 0.3543 1.0000 0.5590 0.4776 0.3308 0.2409 0.2455 0.1494 0.5968 0.3198 0.1900
0.3727 0.3106 0.9294 0.5885 0.4616 0.6603 0.4122 0.3335 0.2736 0.6626 0.2470 0.2286
0.4946 0.3975 0.5128 0.7481 0.4682 0.9171 0.4059 0.3481 0.2954 0.4562 0.2502 0.2086
0.4862 0.3742 0.9732 0.6837 0.3744 0.3751 0.2717 0.2911 0.2061 0.5784 0.4121 0.2160
0.4618 0.3812 1.0000 0.6998 0.4620 0.3318 0.2778 0.2823 0.1747 0.5166 0.3806 0.2008
0.4199 0.3241 0.8643 0.6662 0.5111 0.7563 0.5084 0.3816 0.2606 0.4803 0.2344 0.2334
0.4901 0.5252 0.5668 0.7537 0.6280 0.9371 0.4591 0.3438 0.2321 0.2472 0.2686 0.3992
0.3997 0.4419 0.8595 0.6026 0.8970 0.5648 0.4065 0.3494 0.2539 0.2438 0.2603 0.6213
0.3681 0.4134 0.7924 0.5760 0.9511 0.4800 0.4519 0.3365 0.2615 0.2273 0.2366 0.5004
0.2946 0.2907 0.5653 0.5354 0.9630 0.7454 0.5143 0.7455 0.6109 0.5116 0.2712 0.5519
0.2883 0.2985 0.6074 0.5671 0.5394 0.6625 0.4659 0.9007 0.5713 0.4641 0.2794 0.6474
0.3849 0.3881 0.8076 0.5755 0.9457 0.4746 0.4983 0.4649 0.2772 0.2996 0.2271 0.8996
0.4119 0.4082 0.7076 0.5824 0.8655 0.4858 0.4709 0.3343 0.2283 0.2076 0.2208 0.8025
0.2846 0.2633 0.5560 0.4714 0.9844 0.6120 0.6663 0.5154 0.4626 0.4112 0.2274 0.6969
0.4609 0.5396 0.7124 0.7743 0.6969 0.8220 0.7457 0.8104 0.5479 0.4612 0.3700 0.5307
0.4564 0.4110 0.8765 0.6131 0.9640 0.6237 0.5001 0.4413 0.2985 0.3122 0.2721 0.8288
0.4007 0.3880 0.6951 0.5547 0.9149 0.5290 0.5279 0.3430 0.2218 0.1949 0.2181 0.8246
0.3276 0.2707 0.5560 0.5651 0.9783 0.6989 0.6726 0.5766 0.5042 0.4755 0.2429 0.6819
0.3282 0.3680 0.6317 0.6584 0.5960 0.7456 0.5986 0.8489 0.5848 0.5078 0.3625 0.7667
0.3987 0.4303 0.8803 0.6128 0.9458 0.5186 0.5415 0.4157 0.2784 0.2753 0.2517 0.8199
0.3245 0.2935 0.5400 0.4925 0.9106 0.4420 0.6214 0.3252 0.2517 0.2367 0.1656 0.9927
0.1954 0.2522 0.4148 0.4681 0.9679 0.5718 0.8470 0.8156 0.5972 0.4410 0.2315 0.6945
0.4057 0.6215 0.7002 0.7241 0.7614 0.7254 0.9066 0.7893 0.6498 0.4408 0.3258 0.4118
0.6367 0.4641 0.4979 0.7420 0.5236 0.9778 0.5877 0.5448 0.3798 0.3011 0.2171 0.2718
0.6678 0.3934 0.3979 0.6961 0.4782 0.9949 0.5155 0.4612 0.3148 0.2920 0.2073 0.2740
0.4187 0.3064 0.3491 0.7457 0.3164 0.9371 0.5537 0.6556 0.7941 0.4636 0.3069 0.2202
0.4642 0.2849 0.4751 0.8971 0.3819 0.7075 0.6848 0.5834 0.8345 0.6747 0.3787 0.2989
0.6251 0.3746 0.4161 0.8223 0.4859 0.9572 0.4972 0.4247 0.3745 0.2597 0.2203 0.2606
0.7141 0.3518 0.3346 0.5871 0.3673 1.0000 0.4291 0.3896 0.3005 0.2734 0.1879 0.2144
0.4035 0.2815 0.3464 0.7860 0.3059 0.9403 0.5903 0.6384 0.7828 0.4713 0.2927 0.2202
0.4107 0.4904 0.6029 0.9680 0.5780 0.7510 0.5602 0.7020 0.6536 0.5181 0.3288 0.2646
0.6093 0.4478 0.4279 0.7715 0.4676 0.9780 0.5049 0.4726 0.3812 0.2856 0.2323 0.2595
0.6677 0.3585 0.3501 0.6288 0.4145 0.9955 0.4439 0.4360 0.3116 0.2731 0.1943 0.2403
0.6026 0.2744 0.3159 0.5383 0.2692 1.0000 0.4659 0.6074 0.6107 0.3839 0.2578 0.2148
0.4585 0.2367 0.3863 0.8341 0.3825 0.7534 0.5252 0.6256 0.7647 0.4909 0.2946 0.2438
0.7964 0.3190 0.3749 0.7423 0.4408 0.9628 0.4423 0.5459 0.3549 0.2138 0.1888 0.2174
0.7845 0.3356 0.3425 0.6159 0.4271 1.0000 0.4649 0.4331 0.2822 0.2551 0.1867 0.2367
0.6482 0.2801 0.3028 0.5838 0.3048 0.9853 0.5213 0.6593 0.6276 0.3931 0.2682 0.1955
0.4061 0.4318 0.5481 0.9231 0.5054 0.8123 0.6022 0.7368 0.8738 0.5332 0.3004 0.2685
0.2029 0.3183 0.5564 0.4952 0.3907 0.5519 0.3636 0.9646 0.6104 0.4829 0.2221 0.1769
0.2021 0.1964 0.7311 0.5289 0.3652 0.5559 0.3115 0.9503 0.5096 0.5438 0.2360 0.2241
0.4220 0.2016 0.3737 0.2656 0.2386 0.3634 0.4297 0.6635 0.5814 0.5048 0.7022 0.9839
0.3424 0.1989 0.3863 0.3208 0.3618 0.4556 0.4536 0.6095 0.4615 0.3917 0.5197 0.9613
0.3100 0.2804 0.6493 0.6069 0.5460 0.8489 0.4541 0.9162 0.6554 0.5864 0.3780 0.3827
0.3063 0.3013 0.6503 0.6102 0.4937 0.7836 0.4565 0.9572 0.7465 0.6050 0.3912 0.3931
0.4084 0.2494 0.2941 0.2973 0.2678 0.4674 0.5797 0.7677 0.7270 0.6427 0.7691 0.8995
0.3574 0.2544 0.3456 0.3056 0.3016 0.4420 0.5327 0.6585 0.5572 0.4703 0.7728 0.9941
0.3310 0.2776 0.6719 0.5908 0.5023 0.7551 0.3553 0.9521 0.7015 0.5703 0.4210 0.6434
0.2595 0.2783 0.8181 0.5851 0.4823 0.6843 0.3973 0.9620 0.6461 0.5227 0.2931 0.2688
0.4285 0.2877 0.4937 0.3451 0.2779 0.5617 0.6391 0.8061 0.8217 0.6891 0.8474 0.6731
0.3835 0.2770 0.4311 0.4080 0.4132 0.5256 0.4935 0.6745 0.5906 0.4257 0.6341 0.9081
0.2636 0.2648 0.6501 0.5614 0.4849 0.7699 0.4116 0.9567 0.6964 0.5589 0.3100 0.3272
0.2341 0.2594 0.7738 0.5659 0.4730 0.6574 0.3437 0.9556 0.6477 0.5118 0.2594 0.2417
0.4300 0.2648 0.4987 0.3472 0.3116 0.5518 0.6039 0.8190 0.7680 0.6605 0.8474 0.7060
0.4039 0.2753 0.4672 0.4152 0.4105 0.5130 0.4502 0.7074 0.5979 0.4318 0.6704 0.9142
0.2793 0.2610 0.6408 0.5994 0.5165 0.8188 0.4244 0.8977 0.7103 0.5608 0.3331 0.3320
0.3083 0.2596 0.7408 0.6781 0.5209 0.7594 0.4213 0.9334 0.6520 0.6139 0.3689 0.3520
0.4478 0.2331 0.3925 0.3304 0.3179 0.4344 0.4246 0.7320 0.5736 0.4805 0.7842 0.9463
0.4290 0.3272 0.3813 0.2780 0.2576 0.3280 0.3277 0.5366 0.4685 0.3450 0.6420 1.0000
0.3764 0.3505 0.9160 0.4697 0.2898 0.2237 0.2349 0.3014 0.2249 0.5077 0.4220 0.8448
0.2886 0.3020 0.9849 0.4148 0.1888 0.1662 0.2196 0.5227 0.1841 0.3544 0.2722 0.5706
0.4452 0.3951 0.9675 0.3409 0.2013 0.1998 0.2118 0.4556 0.1722 0.3722 0.3458 0.8473
0.4811 0.4541 0.6919 0.4780 0.3162 0.3021 0.2986 0.4472 0.2377 0.4487 0.4349 0.9575
0.4880 0.4570 0.9725 0.7531 0.4084 0.4246 0.4276 0.4755 0.2964 0.5764 0.4838 0.3645
0.4441 0.4172 1.0000 0.6278 0.4001 0.4161 0.4274 0.4177 0.2624 0.5258 0.3735 0.3191
0.5704 0.4615 0.8314 0.9371 0.6546 0.7683 0.6465 0.5878 0.3952 0.4757 0.3055 0.3280
0.5621 0.3862 0.4216 0.5091 0.3180 0.9871 0.4195 0.3947 0.2470 0.2825 0.2124 0.2292
0.5101 0.3323 0.7314 0.2909 0.2898 0.9871 0.2646 0.3374 0.1993 0.4287 0.1752 0.1549
0.3888 0.2808 0.9530 0.1874 0.2868 0.4846 0.2374 0.4781 0.1637 0.6856 0.1270 0.1443
0.4890 0.3167 0.8141 0.4233 0.4859 0.6508 0.3498 0.3848 0.2661 0.5296 0.2070 0.2800
0.5871 0.4855 0.6677 0.7332 0.6524 0.9686 0.5015 0.5805 0.5100 0.4551 0.4597 0.5232
