5.015510
5.549569
6.083628
6.594467
7.105306
7.546485
7.987664
8.452063
8.939683
9.450522
9.961361
10.472200
11.006259
11.517098
12.027937
12.538776
13.049615
13.583673
14.094512
14.628571
15.139410
15.650249
16.161088
16.625488
17.066667
17.647166
18.227664
18.761723
19.272562
19.783401
20.294240
20.828299
21.315918
21.849977
22.360816
22.871655
23.405714
23.939773
24.450612
24.961451
25.495510
26.006349
26.517188
27.028027
27.538866
28.072925
28.583764
29.117823
29.628662
30.139501
30.650340
31.161179
31.672018
32.159637
32.647256
33.134875
33.599274
34.017234
34.528073
35.038912
35.549751
36.060590
36.664308
37.244807
37.871746
38.405805
38.916644
39.450703
39.938322
40.472381
41.006440
41.517279
42.028118
42.515737
42.980136
43.444535
43.839274
44.326893
44.837732
45.371791
45.905850
46.416689
46.927528
47.438367
47.949206
48.483265
49.017324
49.528163
50.039002
50.549841
51.060680
51.594739
52.105578
52.616417
53.150476
53.661315
54.172154
54.706213
55.217052
55.727891
56.238730
56.749569
57.283628
57.794467
58.305306
58.816145
59.396644
59.977143
60.395102
60.882721
61.463220
62.043719
62.508118
62.972517
63.553016
64.110295
64.644354
65.155193
65.666032
66.176871
66.664490
67.152109
67.662948
68.173787
68.661406
69.172245
69.706304
70.217143
70.727982
71.238821
71.749660
72.260499
72.794558
73.305397
73.839456
74.350295
74.861134
75.395193
75.906032
76.416871
76.927710
77.461769
77.972608
78.483447
79.017506
79.528345
80.039184
80.526803
80.967982
81.409161
81.873560
82.384399
82.895238
83.406077
83.916916
84.427755
84.892154
85.356553
85.820952
86.262132
86.772971
87.283810
87.794649
88.305488
88.816327
89.327166
89.861224
90.372063
90.906122
91.440181
91.951020
92.461859
92.949478
93.529977
94.110476
94.644535
95.132154
95.619773
96.107392
96.595011
97.105850
97.639909
98.150748
98.661587
99.172426
99.683265
100.194104
100.704943
101.239002
101.773061
102.283900
102.794739
103.305578
103.839637
104.350476
104.861315
105.372154
105.882993
106.417052
106.927891
107.438730
107.949569
108.460408
108.994467
109.505306
110.016145
110.526984
111.061043
111.595102
112.105941
112.616780
113.127619
113.638458
114.056417
114.544036
115.008435
115.472834
115.983673
116.494512
117.005351
117.516190
118.050249
118.584308
119.095147
119.605986
120.070385
120.534785
120.999184
121.463583
121.927982
122.438821
122.949660
123.460499
123.994558
124.505397
125.039456
125.550295
126.061134
126.525533
126.989932
127.454331
127.941950
128.429569
128.940408
129.451247
129.962086
130.496145
131.006984
131.517823
132.028662
132.562721
133.073560
133.584399
134.072018
134.559637
135.047256
135.534875
136.022494
136.510113
136.997732
137.485351
137.972971
138.483810
139.017868
139.528707
140.039546
140.550385
141.061224
141.572063
142.082902
142.616961
143.127800
143.661859
144.195918
144.706757
145.217596
145.728435
146.239274
146.750113
147.284172
147.795011
148.305850
148.816689
149.350748
149.861587
150.372426
150.883265
151.417324
151.928163
152.439002
152.973061
153.483900
153.994739
154.505578
155.016417
155.550476
156.084535
156.595374
157.106213
157.617052
158.127891
158.638730
159.149569
159.660408
160.194467
160.728526
161.239365
161.750204
162.261043
162.771882
163.305941
163.816780
164.327619
164.861678
165.372517
165.883356
166.417415
166.928254
167.439093
167.949932
168.483991
168.994830
169.505669
170.016508
170.550567
171.061406
171.572245
172.083084
172.617143
173.127982
173.638821
174.149660
174.683719
175.194558
175.705397
176.216236
176.750295
177.261134
177.771973
178.306032
178.840091
179.350930
179.861769
180.395828
180.906667
181.417506
181.928345
195.213061
