0.069660
0.696599
1.323537
1.950476
2.600635
3.227574
3.854512
4.481451
5.108390
5.758549
6.362268
6.989206
7.639365
8.266304
8.893243
9.566621
10.170340
10.797279
11.424218
12.074376
12.701315
13.328254
13.955193
14.582132
15.209070
15.836009
16.462948
17.089887
17.740045
18.366984
18.993923
19.644082
20.271020
20.921179
21.524898
22.151837
22.778776
23.428934
24.032653
24.706032
25.332971
25.959909
26.610068
27.237007
27.840726
28.490884
29.117823
29.744762
30.394921
30.998639
31.625578
32.275737
32.902676
33.529615
34.156553
34.806712
35.410431
36.060590
36.687528
37.314467
37.941406
38.591565
39.218503
39.868662
40.472381
41.122540
41.749478
42.376417
43.003356
43.630295
44.257234
44.860952
45.534331
46.161270
46.764989
47.415147
48.042086
48.715465
49.365624
49.969342
50.596281
51.223220
51.850159
52.500317
53.127256
53.754195
54.381134
55.008073
55.635011
56.285170
56.888889
57.539048
58.165986
58.792925
59.419864
60.093243
60.696961
61.300680
61.950839
62.600998
63.227937
63.854875
64.481814
65.108753
65.735692
66.362630
66.989569
67.639728
68.289887
68.916825
69.520544
70.147483
70.797642
71.447800
72.074739
72.701678
73.305397
73.955556
74.582494
75.232653
75.859592
76.486531
77.136689
77.763628
78.390567
79.017506
79.621224
80.271383
80.898322
81.525261
82.175420
82.802358
83.429297
84.056236
84.683175
85.333333
85.937052
86.587211
87.214150
87.841088
88.468027
89.118186
89.745125
90.372063
90.999002
91.649161
92.276100
92.903039
93.529977
94.156916
94.783855
95.434014
96.060952
96.687891
97.314830
97.964989
98.591927
99.242086
99.892245
100.495964
101.099683
101.726621
102.376780
103.003719
103.607438
104.257596
104.884535
105.534694
106.161633
106.788571
107.415510
108.065669
108.715828
109.342766
109.969705
110.596644
111.223583
111.850522
112.454240
113.104399
113.754558
114.381497
115.008435
115.635374
116.239093
116.889252
117.516190
118.166349
118.816508
119.443447
120.070385
120.697324
121.324263
121.951202
122.578141
123.205079
123.832018
124.482177
125.109116
125.759274
126.386213
127.036372
127.663311
128.290249
128.893968
129.520907
130.171066
130.798005
131.448163
132.051882
132.678821
133.305760
133.955918
134.606077
135.233016
135.836735
136.440454
137.067392
137.717551
138.344490
138.994649
139.598367
140.225306
140.875465
141.525624
142.175782
142.802721
143.452880
144.079819
144.683537
145.333696
145.960635
146.564354
147.237732
147.841451
148.491610
149.118549
149.745488
150.349206
151.045805
151.649524
152.253243
152.903401
153.530340
154.180499
154.807438
155.434376
156.061315
156.688254
157.315193
157.942132
158.592290
159.219229
159.846168
160.473107
161.100045
161.750204
162.400363
163.004082
163.631020
164.257959
164.908118
165.511837
166.161995
166.788934
167.439093
168.089252
168.716190
169.343129
169.970068
170.573787
171.223946
171.850884
172.477823
173.104762
173.754921
174.381859
175.008798
175.635737
176.285896
176.889615
177.539773
178.143492
178.770431
179.420590
180.070748
180.697687
181.324626
181.951565
182.578503
183.205442
183.832381
184.482540
185.109478
185.736417
186.363356
187.013515
187.617234
188.267392
188.917551
189.521270
190.194649
190.844807
191.448526
192.075465
192.702404
193.329342
193.956281
194.606440
195.210159
195.837098
196.487256
197.090975
197.741134
198.368073
198.995011
199.621950
200.272109
200.875828
201.549206
202.152925
202.779864
203.430023
204.080181
204.683900
205.334059
205.960998
206.564717
207.191655
207.841814
208.468753
209.095692
209.722630
210.349569
210.999728
211.626667
212.253605
212.926984
213.530703
214.157642
214.784580
215.411519
216.038458
216.688617
217.315556
217.965714
218.615873
219.242812
219.846531
220.473469
221.100408
221.750567
222.377506
223.004444
223.631383
224.281542
224.908481
225.535420
226.162358
226.812517
227.393016
228.043175
228.670113
229.297052
229.947211
230.597370
231.201088
231.851247
232.478186
233.105125
233.732063
234.382222
235.009161
235.636100
236.263039
236.866757
237.516916
238.143855
238.794014
239.420952
240.047891
240.721270
241.371429
241.975147
247.640816
