497 12 348
1.0000 0.4485 0.2410 0.1329 0.1540 0.1103 0.1768 0.3322 0.1942 0.1716 0.1820 0.4165
0.8746 0.4338 0.4035 0.2759 0.4072 0.1470 0.2418 0.4816 0.2034 0.1647 0.1590 0.2252
0.5942 0.3062 0.4082 0.2643 0.7165 0.3974 0.4066 0.7997 0.2363 0.1901 0.3080 0.5147
0.2749 0.2158 0.4097 0.2752 0.2223 0.2357 0.6936 0.7039 0.3514 0.2036 0.3614 0.8292
0.4686 0.3330 0.5676 0.2425 0.1655 0.1892 0.3588 0.8983 0.6002 0.4375 0.3427 0.6082
0.8339 0.3793 0.3161 0.2219 0.2808 0.1743 0.2779 0.6857 0.2640 0.3165 0.7214 0.4447
0.5484 0.3463 0.4062 0.2524 0.3693 0.2312 0.3384 0.7539 0.2103 0.4202 0.8078 0.4744
0.2565 0.3158 0.4981 0.2742 0.1895 0.1655 0.4705 0.5844 0.3376 0.5566 0.7441 0.6119
0.5221 0.3442 0.5280 0.1886 0.1527 0.1792 0.3277 0.8467 0.3904 0.2144 0.2502 0.4683
0.9824 0.2802 0.2557 0.1576 0.2615 0.1218 0.1826 0.5774 0.1623 0.1365 0.1496 0.2365
0.6789 0.3203 0.4008 0.2787 0.6338 0.5833 0.4613 0.6964 0.2652 0.2338 0.3402 0.5545
0.2149 0.2476 0.3796 0.2295 0.1709 0.1997 0.4919 0.6219 0.2466 0.1611 0.2857 0.8220
0.1486 0.2219 0.4727 0.2050 0.1725 0.2381 0.3279 0.8628 0.4433 0.4801 0.4865 0.3824
0.1052 0.1478 0.3367 0.1210 0.1219 0.7429 0.2191 0.3259 0.1595 0.2427 0.8596 0.1415
0.1088 0.1450 0.4391 0.1453 0.1565 0.7468 0.2190 0.8873 0.1490 0.1880 0.4737 0.1539
0.2261 0.2671 0.8737 0.2445 0.2710 0.5567 0.3018 0.9086 0.2838 0.4679 0.5718 0.5007
0.3095 0.2158 0.3258 0.1573 0.2996 0.1435 0.2495 0.4327 0.1973 0.5547 0.2449 0.8829
0.9168 0.3013 0.3052 0.2173 0.3138 0.1506 0.2588 0.7267 0.1786 0.1885 0.1521 0.4447
0.5830 0.3129 0.3489 0.2902 0.5456 0.4910 0.4557 0.8433 0.2097 0.1880 0.3061 0.4943
0.2844 0.3089 0.4134 0.2470 0.2131 0.2540 0.6003 0.7058 0.2558 0.1865 0.3119 0.7631
0.3726 0.2555 0.5931 0.1313 0.1124 0.1386 0.2951 0.9480 0.3311 0.2166 0.1861 0.4197
0.9725 0.2222 0.2105 0.1412 0.1953 0.1088 0.1876 0.6136 0.1379 0.2172 0.3982 0.3339
0.5891 0.3142 0.4831 0.2688 0.3508 0.1911 0.3846 0.8357 0.1996 0.3548 0.8171 0.5503
0.1378 0.1512 0.4046 0.2241 0.1187 0.1203 0.4104 0.4314 0.1916 0.3167 0.5614 0.9020
0.3187 0.1950 0.4717 0.1424 0.1071 0.1305 0.2518 0.9566 0.2637 0.1272 0.1309 0.3487
0.9215 0.3696 0.3193 0.1703 0.2216 0.1145 0.2156 0.6291 0.1882 0.1283 0.1257 0.2543
0.4317 0.2465 0.4448 0.1952 0.5151 0.3090 0.4435 0.9476 0.2339 0.1643 0.1979 0.4266
0.1657 0.1416 0.4726 0.2070 0.1429 0.1341 0.4720 0.6503 0.1953 0.1340 0.1920 0.8739
0.1229 0.1544 0.3680 0.1420 0.1346 0.1542 0.2654 0.9128 0.2679 0.3165 0.3244 0.3111
0.0669 0.1253 0.3395 0.1003 0.0852 0.3527 0.1772 0.5179 0.1559 0.2442 0.9342 0.1337
0.0755 0.1459 0.4248 0.1051 0.0965 0.1519 0.1915 1.0000 0.1258 0.1629 0.4725 0.1940
0.2042 0.2878 0.8960 0.2277 0.2339 0.2151 0.2730 0.8562 0.2616 0.3652 0.3737 0.7337
0.4507 0.2645 0.3762 0.1968 0.2499 0.1591 0.2846 0.4743 0.2136 0.6038 0.3195 0.7859
1.0000 0.1660 0.1652 0.1267 0.2300 0.0964 0.1303 0.4899 0.1093 0.1072 0.1305 0.2859
0.8887 0.2757 0.5935 0.2490 0.5355 0.2920 0.2995 0.7769 0.1983 0.1624 0.1915 0.4502
0.4827 0.2517 0.4466 0.2657 0.4728 0.2162 0.4547 0.5860 0.2581 0.1974 0.3581 0.8938
0.3612 0.3262 0.7867 0.2311 0.3153 0.1565 0.2917 0.8671 0.2616 0.3003 0.3560 0.4296
0.9487 0.2100 0.2483 0.1424 0.4032 0.1557 0.1911 0.8346 0.5827 0.1848 0.1531 0.2580
0.9082 0.2746 0.5464 0.2115 0.5392 0.3027 0.3306 0.7332 0.4921 0.1977 0.2046 0.4376
0.3128 0.1947 0.3106 0.2398 0.2959 0.1986 0.6675 0.5023 0.2110 0.1568 0.2206 0.9672
0.4622 0.3174 0.3925 0.1704 0.2720 0.3736 0.6636 0.8128 0.2270 0.1841 0.2121 0.5600
1.0000 0.1612 0.1518 0.0803 0.2612 0.0941 0.1181 0.4992 0.1179 0.0915 0.0904 0.2103
0.9146 0.2282 0.4439 0.1654 0.3993 0.1996 0.2502 0.8505 0.1681 0.1531 0.1821 0.4027
0.5108 0.1675 0.3527 0.2403 0.2759 0.1363 0.4889 0.5351 0.1585 0.1768 0.2730 0.9368
0.2183 0.2510 0.7066 0.2300 0.2587 0.2880 0.2634 0.9399 0.2346 0.4253 0.5470 0.5957
0.1514 0.2018 0.4951 0.1820 0.1549 0.7507 0.2293 0.2800 0.1682 0.2270 0.8552 0.1980
0.2142 0.2279 0.8605 0.2248 0.1951 0.9621 0.2023 0.4239 0.2029 0.2409 0.4826 0.2261
0.4429 0.2077 0.9822 0.2170 0.2348 0.8272 0.2046 0.2292 0.1971 0.7146 0.1926 0.1452
0.7441 0.2494 0.4663 0.2356 0.2715 0.8004 0.1624 0.4476 0.2116 0.6833 0.1941 0.2630
1.0000 0.1832 0.1399 0.0901 0.1468 0.1618 0.1821 0.6062 0.1566 0.1378 0.1152 0.2723
0.8327 0.2248 0.2514 0.1446 0.1905 0.1614 0.2600 0.8308 0.2035 0.1216 0.1276 0.2207
0.5674 0.2109 0.4333 0.1700 0.1436 0.1315 0.2682 0.6756 0.2115 0.1553 0.2376 0.5984
0.4840 0.3232 0.5662 0.2131 0.1596 0.1440 0.3269 0.8987 0.3348 0.3475 0.4080 0.4980
0.9530 0.1818 0.1906 0.1346 0.2292 0.1116 0.2155 0.6862 0.4239 0.1445 0.1266 0.2325
0.6409 0.2533 0.3486 0.1863 0.3870 0.2797 0.3483 0.9486 0.2404 0.1793 0.1790 0.2654
0.3017 0.2844 0.5406 0.2540 0.6935 0.4929 0.5259 0.7273 0.3289 0.2731 0.2647 0.6014
0.4206 0.3042 0.4725 0.1618 0.1464 0.2298 0.4818 0.9020 0.2131 0.1614 0.1951 0.4466
0.9661 0.1594 0.1661 0.1048 0.2636 0.1044 0.1455 0.7151 0.1467 0.1142 0.1131 0.2540
0.7743 0.1901 0.3923 0.1367 0.2683 0.1548 0.2309 0.8461 0.1600 0.1469 0.1634 0.3765
0.4697 0.1498 0.3592 0.2238 0.1361 0.1248 0.4396 0.4181 0.1487 0.1632 0.2508 0.9454
0.2805 0.3089 0.8484 0.2866 0.2863 0.3491 0.3648 0.8164 0.3430 0.5193 0.7126 0.8716
0.0867 0.1055 0.4030 0.1411 0.1407 0.4549 0.2067 0.5483 0.2457 0.1943 0.9321 0.1725
0.1773 0.3592 0.6386 0.1813 0.1762 0.2459 0.2254 1.0000 0.1926 0.1525 0.5041 0.2486
0.3457 0.2588 0.8655 0.2176 0.2303 0.2101 0.2540 0.8143 0.1973 0.2395 0.1882 0.3097
0.4340 0.2877 0.5009 0.2517 0.3077 0.1994 0.3477 0.5927 0.5108 0.5473 0.3638 0.8350
0.9100 0.2212 0.2687 0.1529 0.4343 0.1555 0.2598 0.7265 0.3947 0.1667 0.1855 0.4469
0.3663 0.2618 0.3802 0.1893 0.4203 0.2386 0.7279 0.7286 0.3730 0.2031 0.2458 0.4015
0.4410 0.1937 0.3346 0.2601 0.3092 0.1724 0.5348 0.5407 0.2051 0.1796 0.2753 0.9753
0.2853 0.2580 0.3491 0.1991 0.5646 0.2585 0.3137 0.8586 0.2373 0.2933 0.4674 0.6160
0.2115 0.1683 0.5520 0.1360 0.4084 0.4149 0.1994 0.6638 0.1724 0.2145 0.8426 0.2022
0.1926 0.1981 0.5439 0.2629 0.3901 0.2299 0.2224 1.0000 0.1796 0.1673 0.5033 0.1872
0.1542 0.1588 0.3959 0.1508 0.5600 0.0951 0.1833 0.9849 0.1718 0.2335 0.1783 0.2740
0.5899 0.2895 0.4409 0.2357 0.3361 0.1875 0.2877 0.5436 0.2438 0.5822 0.2933 0.7926
0.8927 0.1841 0.3301 0.1613 0.2130 0.1414 0.2728 0.7218 0.3820 0.1480 0.1804 0.3485
0.3778 0.1752 0.2609 0.1300 0.2641 0.1579 0.6870 0.8187 0.2056 0.1291 0.2058 0.3190
0.5177 0.2255 0.4104 0.2464 0.3494 0.2071 0.4516 0.6794 0.2387 0.2178 0.2897 0.8143
0.2387 0.1861 0.5516 0.2176 0.6497 0.2511 0.2669 0.8023 0.2679 0.3579 0.4550 0.3730
0.1042 0.1609 0.5693 0.2410 0.1821 0.5002 0.1887 0.6099 0.1616 0.1854 0.8812 0.1789
0.1389 0.2246 0.6018 0.2172 0.3223 0.4348 0.3096 1.0000 0.2066 0.1701 0.4107 0.2143
0.2406 0.3569 0.8382 0.2798 0.2715 0.2900 0.3513 0.9481 0.3135 0.2970 0.1784 0.4427
0.3045 0.2786 0.9946 0.1719 0.2533 0.1970 0.2492 0.6147 0.1816 0.5551 0.1361 0.3775
0.7743 0.2677 0.5269 0.1633 0.4674 0.1532 0.2529 0.8518 0.4030 0.2378 0.1561 0.5065
0.2529 0.1965 0.2793 0.1431 0.2420 0.1580 0.6843 0.7390 0.2290 0.1085 0.1716 0.2900
0.5557 0.3079 0.4442 0.2809 0.3834 0.1811 0.3938 0.8438 0.2327 0.1923 0.2564 0.6819
0.1866 0.1937 0.4132 0.1859 0.4778 0.2201 0.2720 0.8586 0.2329 0.2711 0.4121 0.3839
0.0998 0.1626 0.5938 0.2742 0.1466 0.5048 0.2061 0.5794 0.1783 0.2018 0.9240 0.1652
0.1686 0.2650 0.8749 0.2566 0.3222 0.3208 0.2407 0.8764 0.1955 0.2047 0.4801 0.2102
0.2772 0.5035 0.8013 0.2358 0.2373 0.2518 0.2473 0.8894 0.2385 0.3157 0.2604 0.4160
0.6019 0.2561 0.2404 0.1829 0.3008 0.1507 0.2805 0.4408 0.1767 0.6313 0.2438 0.7585
0.8131 0.2677 0.2889 0.1576 0.5676 0.1845 0.2818 0.8282 0.4279 0.1958 0.1915 0.4535
0.2961 0.1916 0.2294 0.1674 0.3046 0.2091 0.6403 0.7558 0.3003 0.1676 0.2448 0.3854
0.4147 0.1973 0.2709 0.2499 0.2500 0.1458 0.4110 0.5827 0.1891 0.1319 0.2221 0.9838
0.5290 0.2455 0.4172 0.2324 0.4554 0.4333 0.3834 0.8665 0.3664 0.3310 0.4834 0.5910
0.1765 0.1526 0.5296 0.1180 0.1214 0.4348 0.1923 0.5715 0.3864 0.2087 0.9088 0.1630
0.2533 0.2413 0.7823 0.1751 0.1766 0.2382 0.2364 1.0000 0.2108 0.1794 0.4002 0.2046
0.3225 0.2857 0.9209 0.2876 0.2471 0.2467 0.4202 0.9796 0.2994 0.2889 0.2150 0.3886
0.4508 0.2956 0.9236 0.2027 0.1995 0.1526 0.2910 0.7820 0.2510 0.6778 0.1609 0.3933
0.8540 0.3618 0.4535 0.2196 0.6996 0.2092 0.2521 0.6162 0.3867 0.2496 0.1519 0.3163
0.7033 0.3448 0.3981 0.2277 0.3623 0.2492 0.3381 0.8363 0.5131 0.2029 0.2653 0.4457
0.5034 0.3481 0.5147 0.3142 0.3143 0.2482 0.4662 0.7759 0.5735 0.1941 0.3156 0.7400
0.4535 0.2845 0.4789 0.3403 0.2696 0.3119 0.5002 0.9111 0.2961 0.3246 0.4222 0.4264
0.3723 0.2835 0.4944 0.2276 0.2699 0.4556 0.3108 0.7570 0.2294 0.2547 0.7750 0.2706
0.3485 0.3084 0.4754 0.3569 0.2932 0.2855 0.4200 0.9131 0.3123 0.3778 0.4065 0.2050
0.2597 0.3160 0.7700 0.2452 0.4303 0.3756 0.2031 0.3999 0.2473 0.7289 0.2062 0.2231
0.3932 0.2988 0.5024 0.3649 0.9740 0.1850 0.2207 0.6091 0.3237 0.3498 0.2138 0.3736
0.2097 0.2027 0.3164 0.8528 0.4151 0.1705 0.2433 0.5693 0.6728 0.1646 0.1692 0.3122
0.1899 0.2007 0.4246 0.3369 0.2961 0.1569 0.2890 0.8004 0.7794 0.1944 0.1736 0.2598
0.2490 0.1680 0.2918 0.8872 0.2361 0.1833 0.2881 0.4693 0.8860 0.1604 0.1661 0.2016
0.1891 0.1840 0.3542 0.5138 0.3177 0.1653 0.2967 0.8149 0.8369 0.2116 0.1699 0.2921
0.2311 0.2244 0.3973 0.8762 0.2754 0.1736 0.2590 0.4920 0.7792 0.1680 0.1348 0.2650
0.2017 0.2857 0.8034 0.2987 0.3219 0.2990 0.3509 0.9136 0.7663 0.4349 0.2064 0.3821
0.1698 0.2082 0.5382 0.2044 0.4775 0.2194 0.2292 0.5251 0.5284 0.9024 0.3580 0.3791
0.3469 0.2363 0.4875 0.2087 0.2136 0.6122 0.3683 0.4695 0.5124 0.2843 0.9277 0.4745
0.9405 0.2017 0.2633 0.1482 0.3119 0.1877 0.2074 0.6811 0.4350 0.1630 0.2156 0.3209
0.6391 0.3477 0.3900 0.2767 0.3952 0.2555 0.4955 0.9612 0.3554 0.2186 0.2822 0.4679
0.4294 0.2946 0.5372 0.3227 0.2417 0.2069 0.5073 0.7247 0.2796 0.2328 0.3095 0.9110
0.2270 0.1980 0.4404 0.2327 0.1662 0.2103 0.2838 0.8847 0.2410 0.2886 0.4295 0.4380
0.2720 0.1871 0.4329 0.1417 0.1259 0.4317 0.2166 0.5574 0.4184 0.2086 0.8773 0.1619
0.1808 0.1686 0.4442 0.1471 0.1364 0.2431 0.2439 0.9784 0.2021 0.1008 0.2621 0.1519
0.4029 0.2882 0.9345 0.3111 0.2401 0.5604 0.3564 0.8276 0.2697 0.2373 0.1795 0.4276
0.4311 0.2952 0.9608 0.2128 0.2319 0.1840 0.2132 0.4642 0.1642 0.5206 0.1370 0.3792
0.9188 0.2745 0.3010 0.2291 0.4732 0.1382 0.2293 0.6203 0.2015 0.1709 0.1266 0.3647
0.5655 0.2682 0.4351 0.2705 0.2852 0.1629 0.3269 0.8627 0.2240 0.2393 0.3023 0.4916
0.1989 0.1639 0.2614 0.3239 0.5397 0.2103 0.4085 0.4788 0.2336 0.1926 0.3225 0.8865
0.1833 0.2070 0.3998 0.1994 0.2562 0.3211 0.3855 0.8601 0.3247 0.3313 0.4557 0.5034
0.0891 0.1448 0.4823 0.1266 0.1184 0.4612 0.2213 0.6506 0.3068 0.2070 0.8991 0.1775
0.1954 0.2224 0.8511 0.2175 0.1683 0.2305 0.2444 0.9390 0.2145 0.2717 0.4388 0.2820
0.3309 0.2756 0.9069 0.2640 0.3001 0.2689 0.2540 0.8051 0.2640 0.3615 0.2299 0.4354
0.3570 0.2185 0.3804 0.2410 0.4081 0.3092 0.4154 0.5393 0.2475 0.7990 0.2919 0.7656
0.6969 0.2304 0.2064 0.2302 0.3223 0.9843 0.2995 0.3701 0.2390 0.5180 0.1986 0.3971
0.8573 0.2544 0.2401 0.2526 0.4417 0.7409 0.4299 0.8037 0.3838 0.3878 0.2895 0.2870
0.5504 0.2116 0.2184 0.2250 0.3393 0.9223 0.3786 0.4718 0.2959 0.3900 0.1791 0.3096
0.6334 0.1828 0.1866 0.2040 0.3933 0.7120 0.3988 0.7169 0.2716 0.2900 0.1559 0.3062
0.5695 0.2507 0.1783 0.2091 0.4063 0.9114 0.3910 0.4479 0.2883 0.4151 0.1606 0.2307
0.5810 0.2493 0.1649 0.1971 0.3873 0.6719 0.4099 0.8538 0.2849 0.2875 0.1735 0.2406
0.5914 0.2683 0.1884 0.1901 0.3315 0.9329 0.4164 0.4553 0.3302 0.4292 0.1557 0.2627
0.6044 0.2667 0.2086 0.2234 0.4470 0.7029 0.4047 0.8567 0.3278 0.3488 0.2308 0.3094
0.7126 0.2436 0.1948 0.2444 0.3980 0.8976 0.4040 0.4944 0.3256 0.4038 0.1968 0.2630
0.6335 0.1917 0.1665 0.2000 0.4368 0.6748 0.4028 0.7849 0.2972 0.2828 0.1507 0.2199
0.5289 0.2039 0.1845 0.1730 0.4177 0.9080 0.4136 0.4746 0.2842 0.3518 0.1181 0.1973
0.6614 0.2503 0.2098 0.1726 0.3391 0.7230 0.3196 0.7468 0.2982 0.3872 0.2064 0.3110
0.8197 0.2628 0.1976 0.2241 0.3601 0.8122 0.2861 0.4551 0.3303 0.5353 0.2192 0.3610
0.7249 0.2236 0.1872 0.1767 0.3784 0.7124 0.3096 0.7047 0.2613 0.3483 0.2076 0.3589
0.5934 0.2497 0.1471 0.1702 0.2684 0.9457 0.2332 0.3473 0.2617 0.5094 0.1607 0.2560
0.7851 0.1939 0.1378 0.1358 0.2680 0.6807 0.2194 0.8123 0.2389 0.4258 0.2292 0.2226
0.5870 0.2568 0.2598 0.2017 0.3667 0.9785 0.2706 0.4793 0.3213 0.7771 0.2422 0.2107
0.5483 0.3234 0.4355 0.2292 0.3582 0.8112 0.3933 0.5533 0.3787 0.8511 0.2603 0.2173
0.7037 0.2508 0.1987 0.1655 0.3074 0.7524 0.3721 0.4060 0.3528 0.7309 0.6409 0.2905
0.5957 0.3042 0.4279 0.2742 0.3268 0.6305 0.3680 0.8730 0.3526 0.5061 0.2870 0.2887
0.2303 0.2623 0.9828 0.2541 0.2392 0.2005 0.7606 0.2663 0.2391 0.6833 0.1841 0.1701
0.1752 0.2714 0.9805 0.2500 0.4692 0.1871 0.4925 0.1954 0.1773 0.6397 0.1291 0.1184
0.1367 0.2867 0.9978 0.2077 0.1953 0.1090 0.6734 0.1697 0.1327 0.4862 0.1125 0.0933
0.1595 0.3128 0.6863 0.2001 0.5289 0.2924 0.4642 0.5084 0.6520 0.9920 0.1605 0.1504
0.6812 0.3209 0.2828 0.2346 0.4744 0.9536 0.3764 0.3944 0.5090 0.8230 0.2332 0.3157
0.6947 0.2952 0.2200 0.2223 0.3806 0.7591 0.3273 0.7850 0.4282 0.6807 0.3347 0.3593
0.5261 0.2666 0.1646 0.1632 0.3000 0.8637 0.2889 0.3323 0.3241 0.8011 0.5408 0.2750
0.6742 0.3586 0.4792 0.2667 0.3673 0.7757 0.3203 0.7506 0.2663 0.5386 0.2378 0.2550
0.1786 0.2403 1.0000 0.1958 0.1633 0.7568 0.2023 0.1801 0.1237 0.3918 0.0878 0.0940
0.1591 0.2051 0.9073 0.1979 0.1975 0.6845 0.2215 0.5602 0.1545 0.3512 0.1076 0.1210
0.2190 0.2534 0.9348 0.2022 0.1993 0.9139 0.2767 0.2477 0.1752 0.4014 0.1022 0.1305
0.1752 0.2270 0.8393 0.1903 0.2066 0.7111 0.2430 0.7335 0.1495 0.4436 0.1298 0.1520
0.6541 0.2496 0.3385 0.1690 0.3100 0.9924 0.2591 0.3703 0.2744 0.6271 0.1706 0.2566
0.8444 0.2702 0.2409 0.2453 0.3934 0.7824 0.3468 0.6621 0.3661 0.5668 0.3213 0.3926
0.7695 0.3261 0.2509 0.2229 0.3243 0.8661 0.3407 0.3495 0.3371 0.7491 0.6074 0.3166
0.6592 0.3222 0.5045 0.3197 0.2874 0.4913 0.3316 0.7166 0.6012 0.5299 0.2744 0.2887
0.1555 0.2882 1.0000 0.2076 0.1750 0.1237 0.5819 0.1625 0.1809 0.4753 0.1036 0.0873
0.1699 0.2855 0.9676 0.2579 0.4604 0.2020 0.5593 0.2390 0.2241 0.7960 0.1561 0.1401
0.1927 0.3152 0.9160 0.2148 0.2379 0.1553 0.8874 0.2231 0.2204 0.8133 0.1705 0.1519
0.1578 0.2295 0.7847 0.1746 0.5063 0.2933 0.5036 0.2318 0.2466 0.9706 0.1824 0.1478
0.6603 0.2418 0.2307 0.1749 0.3283 0.9849 0.3417 0.3397 0.3224 0.7105 0.2089 0.1812
0.6298 0.2584 0.1646 0.1606 0.3037 0.8041 0.3213 0.5907 0.3523 0.5740 0.2743 0.2539
0.5814 0.2288 0.1687 0.1498 0.3301 0.9685 0.3182 0.3338 0.3200 0.8368 0.5144 0.3180
0.6936 0.2281 0.2090 0.1886 0.3372 0.7275 0.5292 0.7594 0.6293 0.6726 0.3101 0.3483
0.2783 0.3300 0.1343 0.1006 0.1276 0.2380 1.0000 0.1957 0.2697 0.2333 0.2779 0.1113
0.5369 0.7160 0.2474 0.1869 0.2045 0.3359 0.8712 0.4028 0.6716 0.5671 0.2456 0.2247
0.3812 0.4589 0.2051 0.1624 0.1820 0.2409 0.9645 0.2667 0.2806 0.5355 0.6014 0.1795
0.3467 0.6252 0.3058 0.2158 0.2400 0.2786 0.5061 0.3643 0.9330 0.6036 0.2590 0.2451
0.2460 0.3965 0.9285 0.3141 0.2624 0.2743 0.3065 0.9445 0.5000 0.5373 0.2198 0.4975
0.1835 0.3194 0.9984 0.2299 0.1827 0.1402 0.2365 0.5700 0.2454 0.6425 0.1806 0.4034
0.2378 0.3718 0.9268 0.2903 0.2413 0.2668 0.3304 0.8924 0.3325 0.5464 0.4891 0.5036
0.2044 0.3263 0.9881 0.2093 0.1909 0.1520 0.2286 0.4658 0.3681 0.6372 0.1842 0.3334
0.2418 0.3168 0.8451 0.2836 0.3012 0.3226 0.2630 0.9805 0.2776 0.3963 0.2020 0.4856
0.1614 0.2615 0.5666 0.1877 0.4955 0.1886 0.1787 0.5242 0.1987 0.9645 0.3022 0.3801
0.2461 0.2399 0.7092 0.1638 0.1799 0.5435 0.3297 0.5169 0.1999 0.3992 0.8625 0.6146
0.3606 0.2114 0.3508 0.2244 0.1294 0.1452 0.4082 0.4121 0.1264 0.1804 0.2020 0.9585
0.9869 0.3713 0.3578 0.2447 0.2628 0.1562 0.1960 0.7137 0.1746 0.1388 0.1685 0.3449
0.6672 0.2854 0.3832 0.2461 0.3229 0.3488 0.3394 0.8584 0.2292 0.2055 0.2841 0.5170
0.2617 0.2079 0.3512 0.2395 0.1534 0.2007 0.6844 0.5671 0.2583 0.2114 0.3156 0.9292
0.2523 0.2748 0.6217 0.2497 0.2244 0.3173 0.3858 0.8463 0.6081 0.4807 0.4943 0.5664
0.1339 0.1245 0.3573 0.1234 0.1210 0.6437 0.1621 0.1376 0.1192 0.2346 0.9623 0.1324
0.3738 0.1727 0.4358 0.1771 0.1837 0.9376 0.1927 0.1521 0.1361 0.3884 0.5788 0.3801
0.1914 0.1465 0.4565 0.2120 0.1175 0.2341 0.4592 0.5408 0.1560 0.2693 0.3255 0.9584
0.3525 0.2406 0.7885 0.1972 0.1587 0.2075 0.2603 1.0000 0.2850 0.1784 0.1351 0.4493
0.9929 0.4063 0.4037 0.2588 0.3132 0.1622 0.1717 0.7494 0.1918 0.1663 0.1603 0.3018
0.8195 0.3427 0.5058 0.3238 0.5167 0.4758 0.4075 0.7609 0.2643 0.2391 0.3316 0.6391
0.2363 0.2094 0.3580 0.2468 0.1665 0.1878 0.7375 0.5652 0.2430 0.2190 0.2592 0.9497
0.2509 0.2910 0.6770 0.2496 0.2244 0.3119 0.3457 0.8991 0.3104 0.5344 0.4787 0.5973
0.1238 0.1189 0.3455 0.1346 0.1284 0.7140 0.1710 0.1678 0.1381 0.2691 0.9248 0.1502
0.2938 0.1697 0.3680 0.1512 0.1669 0.9219 0.1864 0.1487 0.1382 0.2995 0.4426 0.3327
0.1735 0.1435 0.4774 0.1950 0.1131 0.1858 0.4072 0.5452 0.1289 0.1873 0.2619 0.9897
0.3060 0.2465 0.8132 0.2216 0.1819 0.2760 0.3199 0.9999 0.2163 0.2092 0.2302 0.6882
0.8260 0.5017 0.5390 0.2133 0.3359 0.1903 0.2621 0.9469 0.2245 0.1976 0.1677 0.4467
0.6041 0.3012 0.5506 0.2330 0.4438 0.3988 0.3748 0.8454 0.2432 0.2225 0.2786 0.5344
0.2298 0.1857 0.3305 0.2298 0.1451 0.2986 0.7268 0.5453 0.2220 0.1670 0.2681 0.9229
0.1605 0.2166 0.6451 0.2284 0.1875 0.2485 0.3618 0.8942 0.5446 0.3858 0.3976 0.3822
0.1358 0.1374 0.4290 0.1429 0.1510 0.7881 0.1948 0.1779 0.1702 0.2857 0.7958 0.1381
0.4549 0.1705 0.3896 0.1815 0.2252 0.9768 0.2201 0.1766 0.1815 0.4282 0.4806 0.3702
0.1793 0.1290 0.3813 0.2141 0.1129 0.2524 0.4592 0.4117 0.2238 0.2299 0.2291 1.0000
0.4025 0.2907 0.8456 0.2333 0.1789 0.3324 0.3349 0.9736 0.3136 0.1935 0.2032 0.7174
0.9895 0.4426 0.5055 0.2298 0.3467 0.1724 0.2079 0.7803 0.2062 0.1491 0.1649 0.3750
0.7349 0.3440 0.5500 0.3387 0.5309 0.4518 0.3366 0.8478 0.2504 0.2480 0.3135 0.5754
0.2428 0.1911 0.3011 0.2210 0.1533 0.2889 0.6149 0.5524 0.2116 0.1878 0.2293 0.9430
0.1634 0.2076 0.4278 0.1843 0.1651 0.2515 0.3005 0.8865 0.4179 0.3747 0.4288 0.4790
0.1242 0.1159 0.3608 0.1339 0.1410 0.7572 0.1753 0.1666 0.1488 0.2418 0.8254 0.1493
0.3688 0.1800 0.3751 0.1522 0.2002 0.9433 0.2352 0.1963 0.1650 0.3360 0.4961 0.4006
0.2111 0.1368 0.3200 0.1618 0.1254 0.2617 0.4565 0.4338 0.1594 0.1651 0.2778 1.0000
0.3428 0.1708 0.4461 0.2141 0.1287 0.2132 0.4101 0.6579 0.1282 0.1427 0.2349 0.9811
0.9916 0.2097 0.2368 0.1916 0.2424 0.1644 0.2047 0.6723 0.1412 0.1206 0.1569 0.3111
0.8589 0.3052 0.5497 0.3029 0.3190 0.2786 0.4269 0.7424 0.2726 0.2211 0.3197 0.5950
0.2608 0.1780 0.3710 0.2842 0.1413 0.1762 0.5454 0.6953 0.2229 0.1863 0.3077 0.9557
0.2066 0.2510 0.5215 0.2646 0.2026 0.2752 0.3863 0.8608 0.2766 0.3339 0.4736 0.5749
0.1419 0.1195 0.4068 0.1761 0.1570 0.7544 0.1682 0.1429 0.1246 0.2224 0.8508 0.1839
0.4771 0.2404 0.4822 0.2276 0.2482 0.9818 0.2406 0.2854 0.1905 0.4266 0.5444 0.4498
0.1965 0.1727 0.4878 0.2408 0.1488 0.6962 0.5045 0.2563 0.1504 0.2011 0.3353 0.9000
0.3739 0.2492 0.8560 0.1967 0.1783 0.5018 0.2941 0.9650 0.1995 0.1736 0.1799 0.5753
0.9676 0.2532 0.2779 0.2003 0.2393 0.1688 0.1487 0.8028 0.1420 0.1119 0.1529 0.4171
0.9033 0.2880 0.5197 0.2557 0.3953 0.2921 0.3342 0.6256 0.2662 0.2080 0.3120 0.5584
0.3037 0.2078 0.3835 0.2241 0.1279 0.1633 0.4211 0.5972 0.1856 0.1753 0.2647 0.9215
0.1887 0.2236 0.5406 0.1929 0.1808 0.2835 0.2866 0.8931 0.2445 0.2975 0.4165 0.5094
0.1027 0.0938 0.3300 0.1312 0.1224 0.6522 0.1590 0.1517 0.1228 0.2232 1.0000 0.1263
0.2674 0.1637 0.3828 0.1892 0.1509 0.6886 0.2705 0.2379 0.1793 0.4188 0.9114 0.4386
0.2113 0.1396 0.2660 0.1747 0.0811 0.1321 0.3862 0.3828 0.1258 0.1756 0.3111 1.0000
0.2888 0.1502 0.3540 0.1662 0.0911 0.1000 0.4038 0.4663 0.0999 0.1457 0.1970 1.0000
0.9845 0.2617 0.2865 0.2583 0.2630 0.1699 0.2327 0.6985 0.1917 0.1645 0.1822 0.5209
0.7883 0.2902 0.4595 0.2845 0.3342 0.2822 0.3766 0.8400 0.2844 0.2479 0.2987 0.5279
0.1948 0.1585 0.2788 0.2226 0.1643 0.1512 0.4052 0.5265 0.1920 0.1725 0.2573 0.9341
0.1484 0.1912 0.5181 0.1939 0.2410 0.2163 0.3255 0.8668 0.2235 0.3135 0.4521 0.5172
0.1292 0.1343 0.4318 0.1331 0.1515 0.7242 0.1830 0.1590 0.1391 0.2178 0.8537 0.1339
0.4360 0.2236 0.5908 0.1924 0.2423 1.0000 0.2111 0.2611 0.1780 0.4174 0.5108 0.1658
0.3210 0.3081 0.8551 0.2421 0.2219 0.5923 0.3185 0.7662 0.1809 0.4285 0.2986 0.6896
0.2806 0.1800 0.4297 0.1975 0.1077 0.1376 0.4276 0.3886 0.1234 0.1614 0.2070 1.0000
0.9641 0.2692 0.2792 0.2084 0.2337 0.1840 0.2708 0.7798 0.2018 0.1685 0.1980 0.5182
0.6786 0.2531 0.4434 0.2395 0.2729 0.2668 0.4183 0.9183 0.2406 0.2201 0.2543 0.5482
0.2131 0.1744 0.2793 0.2185 0.1265 0.1554 0.3948 0.5328 0.2043 0.1773 0.2096 0.9248
0.1788 0.2414 0.5295 0.2205 0.1771 0.2283 0.3199 0.9780 0.2305 0.2333 0.1807 0.4248
0.1654 0.1665 0.2195 0.1494 0.1675 0.4951 0.2723 0.3160 0.2832 0.5559 0.8982 0.2664
0.2757 0.2006 0.3618 0.2002 0.1714 0.6233 0.3427 0.3100 0.2398 0.4843 0.9254 0.4199
0.2110 0.1292 0.3534 0.1916 0.0970 0.1707 0.4862 0.4546 0.1311 0.1967 0.3617 1.0000
0.2024 0.2541 0.3413 0.1771 0.0805 0.1106 0.3884 0.3209 0.1223 0.1517 0.2432 0.9415
0.2121 0.7731 0.4309 0.3615 0.3958 0.3161 0.2238 0.2348 0.3847 0.1842 0.1638 0.3543
0.5664 0.6460 0.3570 0.7076 0.3862 0.5883 0.4118 0.4417 0.7228 0.2594 0.2342 0.3973
0.7844 0.3704 0.3390 0.3236 0.2072 0.1823 0.2299 0.7215 0.6951 0.3203 0.1977 0.3681
0.6297 0.5196 0.3269 0.6499 0.1923 0.1659 0.2689 0.3528 0.6989 0.3876 0.4730 0.3368
0.3508 0.8301 0.3295 0.2992 0.1780 0.2528 0.2402 0.3388 0.6000 0.2581 0.2827 0.6894
0.4744 0.5193 0.3158 0.7220 0.2296 0.3023 0.2760 0.3891 0.6537 0.2313 0.2915 0.7734
0.8205 0.2909 0.3135 0.4173 0.2354 0.1468 0.2046 0.4959 0.5273 0.3198 0.4215 0.6090
0.6027 0.5343 0.3036 0.7573 0.1712 0.1474 0.1919 0.2876 0.7008 0.3435 0.2037 0.2114
0.2290 0.9757 0.3129 0.2455 0.2698 0.2792 0.1140 0.1747 0.4264 0.1989 0.1249 0.1632
0.5683 0.7878 0.3388 0.5827 0.3422 0.5625 0.4792 0.4130 0.6236 0.3311 0.2328 0.3941
0.8026 0.3850 0.2904 0.2954 0.1884 0.1552 0.1893 0.5739 0.6394 0.2365 0.2006 0.3942
0.4452 0.2399 0.2327 0.6284 0.1986 0.1736 0.2535 0.3093 0.7199 0.3489 0.5765 0.4777
0.1405 0.1683 0.1553 0.3029 0.1228 0.1162 0.4095 0.2098 0.3198 0.1536 0.2188 0.9941
0.2235 0.2177 0.2250 0.8830 0.1912 0.1838 0.5686 0.3225 0.9139 0.1546 0.2077 0.6162
0.6022 0.2674 0.2502 0.9333 0.1787 0.1993 0.3098 0.2608 0.5648 0.2318 0.3952 0.5428
0.8868 0.3636 0.2710 0.2757 0.1643 0.3516 0.1625 0.2746 0.4089 0.2190 0.5811 0.2913
0.3472 0.9382 0.3292 0.3083 0.3379 0.2371 0.1496 0.2783 0.4985 0.1836 0.1697 0.1922
0.5280 0.7102 0.3989 0.6764 0.4073 0.6241 0.5106 0.5440 0.6544 0.2563 0.2076 0.3552
0.7387 0.3521 0.2700 0.2880 0.2279 0.1752 0.2242 0.7563 0.6523 0.2193 0.1526 0.2919
0.6040 0.3946 0.2332 0.6233 0.1383 0.1023 0.1439 0.2130 0.8590 0.2590 0.2500 0.1920
0.2900 0.9836 0.2350 0.2146 0.1039 0.1841 0.1166 0.1564 0.3623 0.1361 0.1826 0.3601
0.5454 0.5668 0.2917 0.6518 0.1971 0.2537 0.2589 0.3402 0.5666 0.2063 0.2971 0.7589
0.9164 0.2465 0.1811 0.2343 0.1875 0.1001 0.1411 0.5236 0.4251 0.1729 0.2726 0.4809
0.4774 0.3993 0.2098 0.7685 0.1252 0.1140 0.1710 0.2486 0.9321 0.1984 0.1471 0.1385
0.2711 0.8641 0.3701 0.2955 0.3400 0.2386 0.1817 0.2335 0.4939 0.1683 0.1600 0.1741
0.5158 0.5143 0.2829 0.6613 0.2593 0.4448 0.3243 0.5104 0.9492 0.2408 0.1524 0.2555
0.9355 0.1707 0.1825 0.2098 0.1393 0.1016 0.1165 0.4324 0.6630 0.1663 0.1043 0.1821
0.5411 0.1816 0.1553 0.6574 0.1348 0.1435 0.2252 0.2550 0.9120 0.2386 0.4373 0.3929
0.1732 0.1344 0.1284 0.2915 0.1148 0.1016 0.3748 0.2329 0.5068 0.1602 0.2451 0.9438
0.2871 0.1977 0.1909 0.7557 0.1391 0.1367 0.2404 0.2360 0.9618 0.1474 0.1972 0.6633
0.8128 0.2537 0.2493 0.8549 0.1661 0.2042 0.2186 0.2046 0.7570 0.2319 0.3303 0.3428
0.8438 0.4104 0.2811 0.2497 0.1648 0.4171 0.1667 0.3115 0.3481 0.2230 0.5856 0.3682
0.1978 1.0000 0.2077 0.1868 0.1513 0.2127 0.0829 0.1227 0.3182 0.1199 0.1112 0.1313
0.3361 0.8150 0.2273 0.9107 0.1639 0.4212 0.2115 0.2315 0.7992 0.1636 0.1325 0.1944
0.7970 0.3732 0.2292 0.3966 0.1707 0.3501 0.2222 0.4102 0.7745 0.2044 0.1476 0.3254
0.7277 0.4517 0.2943 0.6673 0.2036 0.2840 0.1970 0.3008 0.7636 0.2358 0.2841 0.3377
0.2219 1.0000 0.1610 0.1525 0.1186 0.2690 0.0962 0.1195 0.4102 0.2724 0.1573 0.1333
0.3850 0.9724 0.2149 0.7183 0.1410 0.4138 0.2178 0.2810 0.6830 0.2491 0.1552 0.2091
0.9293 0.3533 0.2631 0.3186 0.1723 0.2750 0.1997 0.6264 0.5063 0.1891 0.1427 0.3022
0.6144 0.5567 0.3776 0.7437 0.2055 0.2968 0.4127 0.5826 0.7179 0.1987 0.1694 0.2328
0.1847 1.0000 0.1672 0.1631 0.0724 0.2477 0.0813 0.0995 0.3131 0.0870 0.0728 0.0996
0.4471 0.9370 0.1980 0.6926 0.1583 0.3989 0.2224 0.2709 0.5708 0.1298 0.1301 0.2032
0.9936 0.4154 0.1277 0.2235 0.1481 0.2197 0.1156 0.4801 0.2646 0.1155 0.1233 0.2573
0.7918 0.2676 0.2356 0.7983 0.1824 0.2398 0.2585 0.3260 0.5633 0.2049 0.4268 0.4878
0.2834 0.2763 0.2559 0.4713 0.2365 0.1863 0.6752 0.2317 0.3132 0.2258 0.2907 0.9880
0.2686 0.2660 0.2238 1.0000 0.1947 0.1900 0.5797 0.2810 0.4393 0.2130 0.2735 0.5458
0.1229 0.4524 0.2358 1.0000 0.1644 0.2345 0.3915 0.3243 0.2870 0.1593 0.4318 0.1586
0.2983 0.6997 0.3198 0.6904 0.2983 0.3641 0.4275 0.2239 0.5437 0.2620 0.7531 0.2181
0.2363 0.9961 0.2384 0.2065 0.1297 0.2020 0.1500 0.1959 0.4535 0.1647 0.1728 0.1830
0.2494 0.8640 0.2493 0.6291 0.1807 0.2294 0.2296 0.3350 0.7715 0.1722 0.1257 0.1563
0.7154 0.5647 0.2035 0.3842 0.1935 0.1404 0.2121 0.3092 0.7649 0.2039 0.1889 0.2854
0.6464 0.5657 0.3359 0.8148 0.2048 0.1543 0.2226 0.3392 0.7383 0.2885 0.3601 0.3953
0.3025 0.9207 0.2574 0.2513 0.1357 0.2159 0.1993 0.2816 0.5699 0.4052 0.1921 0.1863
0.3604 0.7365 0.2907 0.7058 0.2164 0.3865 0.3672 0.4864 0.6987 0.2724 0.1900 0.2399
0.8252 0.3632 0.3315 0.4026 0.2721 0.5577 0.4641 0.5442 0.5220 0.2483 0.2209 0.3210
0.5557 0.4454 0.2889 0.5426 0.1742 0.1817 0.2194 0.5118 0.8748 0.1664 0.1536 0.1988
0.2373 1.0000 0.2055 0.2083 0.0997 0.2229 0.1040 0.1349 0.4337 0.1108 0.0999 0.1291
0.4498 0.8097 0.2096 0.7644 0.1244 0.2430 0.1928 0.2529 0.6304 0.1258 0.1316 0.1942
0.9928 0.4127 0.1477 0.2294 0.1531 0.0908 0.0982 0.4175 0.3012 0.1029 0.1046 0.2346
0.6473 0.2330 0.2039 0.9542 0.1739 0.1694 0.2406 0.2859 0.5237 0.2372 0.3991 0.5244
0.2424 0.1533 0.2005 0.4729 0.1852 0.1585 0.5081 0.1683 0.5168 0.2454 0.2945 0.9995
0.3394 0.3360 0.3997 1.0000 0.3588 0.2127 0.3055 0.2959 0.7605 0.1970 0.2443 0.6636
0.5775 0.4623 0.2716 0.9438 0.2022 0.1967 0.2200 0.2715 0.7470 0.2776 0.3757 0.2530
0.8700 0.3862 0.2676 0.2648 0.2072 0.3835 0.2034 0.3824 0.4086 0.3297 0.5359 0.3519
0.3748 0.9336 0.2914 0.2911 0.2098 0.2967 0.1965 0.2888 0.7361 0.3594 0.1904 0.2412
0.5215 0.5047 0.2879 0.5878 0.1974 0.3697 0.2561 0.6198 0.8961 0.2676 0.1727 0.2987
0.9368 0.3568 0.1681 0.2306 0.2010 0.2412 0.1676 0.6018 0.5680 0.1822 0.1505 0.2462
0.6593 0.3058 0.1847 0.5785 0.1920 0.4195 0.2720 0.3265 0.7496 0.2374 0.2430 0.4387
0.2321 0.2565 0.1944 0.4282 0.1652 0.3640 0.4269 0.2199 0.5455 0.1856 0.2599 0.9916
0.2954 0.3216 0.2505 0.9437 0.5962 0.4325 0.3565 0.3308 0.8196 0.1974 0.2060 0.6219
0.5994 0.2209 0.2036 0.7652 0.2840 0.4333 0.2020 0.2370 0.9513 0.2206 0.3172 0.2895
0.8553 0.5006 0.2650 0.2741 0.2064 0.4987 0.1779 0.3171 0.4282 0.2092 0.5708 0.3014
0.2466 0.8693 0.2025 0.1980 0.1183 0.1593 0.1088 0.2237 0.8645 0.2375 0.1479 0.1496
0.4066 0.4636 0.2655 0.4039 0.1507 0.2668 0.2012 0.6694 0.8889 0.2509 0.1774 0.2793
0.8460 0.4945 0.2257 0.3455 0.2637 0.3126 0.2351 0.6249 0.7348 0.3000 0.2706 0.4029
0.3636 0.2469 0.2051 0.5697 0.1769 0.4480 0.2653 0.2809 0.7905 0.2640 0.3432 0.4760
0.2195 0.2069 0.2015 0.3855 0.4103 0.1967 0.4912 0.2156 0.4622 0.1810 0.2329 1.0000
0.2612 0.2358 0.2302 1.0000 0.2778 0.3101 0.3301 0.2925 0.7958 0.1678 0.1411 0.4722
0.5176 0.2265 0.2349 0.9691 0.1951 0.1585 0.2644 0.3455 0.9032 0.1709 0.1855 0.1740
0.5833 0.3365 0.2400 0.9861 0.1632 0.2575 0.2067 0.4102 0.5433 0.1900 0.4133 0.1506
0.3568 0.7366 0.2606 0.4235 0.1434 0.2913 0.1554 0.2603 1.0000 0.3184 0.3300 0.2154
0.3770 0.4578 0.2813 0.5295 0.1497 0.3364 0.2283 0.7036 0.8259 0.2726 0.2006 0.2830
0.6576 0.5190 0.2738 0.3310 0.2005 0.3069 0.2007 0.4478 0.9517 0.2462 0.1704 0.3108
0.5341 0.2518 0.1844 0.6958 0.1588 0.3776 0.3002 0.2788 0.8052 0.2280 0.2721 0.4495
0.2610 0.1878 0.2248 0.4424 0.5874 0.1977 0.5875 0.2349 0.6175 0.2180 0.3033 0.9109
0.2581 0.2029 0.2577 0.9964 0.3972 0.3176 0.2824 0.2312 0.7896 0.1728 0.1845 0.3762
0.5636 0.2865 0.3045 0.9615 0.1823 0.1964 0.2020 0.2336 0.6331 0.2106 0.3558 0.2327
0.7622 0.5803 0.2810 0.2860 0.1765 0.4603 0.1962 0.2956 0.3976 0.2257 0.5444 0.2859
0.2574 0.7693 0.2319 0.2161 0.1484 0.3164 0.1554 0.2676 0.9581 0.3168 0.1755 0.1867
0.4742 0.4521 0.2458 0.3579 0.1644 0.3483 0.2665 0.5978 0.8417 0.2737 0.1841 0.2817
0.8682 0.4423 0.1698 0.2344 0.1748 0.2262 0.1653 0.5764 0.8636 0.1841 0.1392 0.2849
0.5602 0.4336 0.2332 0.5716 0.1937 0.4219 0.4367 0.4163 0.8144 0.3327 0.3006 0.4679
0.2080 0.2548 0.1770 0.4076 0.1388 0.1537 0.5277 0.2027 0.5497 0.3104 0.2514 0.9601
0.2400 0.2754 0.2698 0.9486 0.2157 0.1773 0.2877 0.2887 0.9117 0.1942 0.1790 0.5225
0.6213 0.3232 0.2764 0.9548 0.2634 0.1756 0.2592 0.4953 0.8339 0.1700 0.2405 0.2110
0.6266 0.4458 0.3108 0.9252 0.1655 0.2492 0.2011 0.4895 0.8087 0.1739 0.4274 0.1713
0.3239 0.9005 0.3430 0.4364 0.2004 0.5508 0.2620 0.4035 0.7412 0.3806 0.2410 0.2029
0.4323 0.7086 0.2442 0.6128 0.1717 0.3637 0.2675 0.3167 0.7666 0.3533 0.1941 0.2974
0.7009 0.5656 0.3385 0.4027 0.2501 0.3230 0.2586 0.5995 0.9357 0.5345 0.2679 0.3745
0.5207 0.4077 0.2541 0.4634 0.3923 0.2678 0.2933 0.4894 0.8888 0.2273 0.2790 0.4172
0.2435 0.3048 0.2278 0.3587 0.1875 0.2411 0.3735 0.2957 0.8607 0.2388 0.3217 0.6573
0.1934 0.3924 0.3343 0.6815 0.5561 0.2850 0.3369 0.5962 0.8940 0.3123 0.3947 0.4145
0.3268 0.3457 0.3490 0.5528 0.3489 0.6326 0.3655 0.4097 0.4873 0.3464 0.8760 0.2773
0.5613 0.4065 0.2219 0.6938 0.3064 0.6803 0.2923 0.3334 0.6945 0.4689 0.4880 0.2420
0.3210 0.1631 0.1287 0.1732 0.3398 0.1869 0.1374 0.2170 0.5338 0.9474 0.1344 0.1452
0.2776 0.2377 0.2009 0.5322 0.2948 0.2874 0.1782 0.2385 0.8637 0.6873 0.2662 0.1913
0.1702 0.1609 0.1343 0.2035 0.2994 0.1518 0.1278 0.2138 0.3721 0.9731 0.1210 0.1379
0.4147 0.2488 0.2287 0.5940 0.3264 0.2809 0.1978 0.2971 0.8494 0.7408 0.2671 0.2228
0.3771 0.1830 0.1815 0.2966 0.4377 0.1954 0.1383 0.2232 0.4114 0.9981 0.1453 0.1155
0.6111 0.2468 0.2377 0.9454 0.2575 0.2781 0.2468 0.2780 0.6663 0.5089 0.4106 0.1919
0.5017 0.1661 0.2505 0.3375 0.1989 0.5282 0.2768 0.1906 0.4156 0.4643 0.9558 0.3620
0.6495 0.3763 0.2292 0.3388 0.1853 0.2062 0.5502 0.3032 0.5623 0.4616 0.3261 0.9713
0.3054 0.9474 0.2443 0.2317 0.1271 0.2653 0.1710 0.2721 0.7316 0.3396 0.1777 0.3007
0.4519 0.7005 0.3262 0.6038 0.3128 0.3718 0.3238 0.6584 0.8379 0.2446 0.1603 0.3077
0.7926 0.4242 0.2967 0.3798 0.2822 0.2449 0.2418 0.5648 0.8201 0.2470 0.1844 0.3862
0.5449 0.2774 0.2016 0.6352 0.2072 0.1634 0.2453 0.3085 0.7725 0.2347 0.2632 0.4272
0.1978 0.2910 0.1900 0.3373 0.1438 0.1425 0.5132 0.2247 0.4893 0.4031 0.2663 0.9405
0.2294 0.2638 0.2023 0.8407 0.1511 0.1688 0.2875 0.3180 0.9326 0.2249 0.1488 0.3741
0.5021 0.3316 0.2842 0.9576 0.2251 0.1778 0.3611 0.3516 0.8285 0.1865 0.2062 0.1750
0.5676 0.4248 0.3029 0.9535 0.2481 0.2223 0.1699 0.3914 0.4403 0.1736 0.4643 0.1421
0.3434 0.9575 0.2306 0.4243 0.4576 0.3796 0.1753 0.2695 0.4789 0.2301 0.2309 0.2321
0.5132 0.7217 0.2699 0.6419 0.3924 0.2610 0.2880 0.3936 0.6479 0.2399 0.2042 0.3647
0.8833 0.2517 0.2677 0.2932 0.5304 0.4409 0.2762 0.4806 0.4696 0.2227 0.1828 0.3529
0.5829 0.2036 0.2108 0.7304 0.1850 0.1961 0.3533 0.4369 0.6994 0.2630 0.2523 0.4400
0.1922 0.1740 0.1559 0.4033 0.1273 0.1281 0.4758 0.1887 0.4923 0.2650 0.3150 0.9853
0.3034 0.2545 0.3190 1.0000 0.2378 0.1680 0.2720 0.2361 0.6861 0.2116 0.4174 0.4825
0.5278 0.3105 0.2657 0.9197 0.2020 0.2193 0.2546 0.2481 0.7310 0.2747 0.4406 0.2392
0.5967 0.2784 0.2314 0.2636 0.1886 0.5777 0.5066 0.5546 0.3702 0.2442 0.7833 0.2598
0.2393 0.3816 0.1446 0.1140 0.1344 0.2747 1.0000 0.2643 0.2432 0.1248 0.2785 0.1291
0.3321 0.9295 0.3519 0.2652 0.2514 0.3776 0.6730 0.4199 0.8830 0.3659 0.5413 0.3118
0.4509 0.8635 0.3861 0.2135 0.2202 0.3471 0.6405 0.4375 0.5105 0.3938 0.7007 0.2977
0.3673 0.7825 0.3132 0.2347 0.2109 0.3890 0.6108 0.4176 0.7278 0.2370 0.4113 0.2436
0.2520 0.6100 0.2793 0.1756 0.1704 0.2477 0.8963 0.3252 0.3694 0.1929 0.4314 0.1998
0.3133 0.9538 0.3688 0.2613 0.2076 0.4021 0.5290 0.3744 0.7837 0.3176 0.4667 0.3083
0.3258 0.9178 0.3990 0.2834 0.2240 0.3759 0.5602 0.3840 0.4898 0.3568 0.7102 0.2731
0.3018 0.8607 0.2889 0.2109 0.1598 0.3505 0.5150 0.4155 0.8236 0.3286 0.3763 0.2506
0.3787 0.8953 0.3424 0.1977 0.1996 0.3432 0.6757 0.4004 0.4907 0.3122 0.6003 0.2376
0.2475 0.8547 0.3501 0.1688 0.1467 0.3028 0.5199 0.4011 0.8319 0.2382 0.3605 0.2073
0.2506 0.6488 0.3113 0.1594 0.1786 0.2620 0.8919 0.3412 0.4550 0.2287 0.4105 0.1745
0.2127 0.7348 0.2747 0.1906 0.2018 0.3758 0.6258 0.4295 0.6340 0.2110 0.3092 0.1524
0.2894 0.6106 0.2498 0.1639 0.1916 0.3210 0.8987 0.3498 0.3168 0.1683 0.3498 0.1805
0.2980 0.7477 0.2516 0.1829 0.1741 0.3546 0.6428 0.3807 0.4716 0.1849 0.2881 0.1748
0.1715 0.3837 0.1333 0.1142 0.1302 0.2535 0.9301 0.2711 0.3483 0.1515 0.3466 0.1174
0.1914 0.8249 0.1684 0.1159 0.1365 0.2858 0.5200 0.3227 0.7066 0.1758 0.4019 0.2117
0.1300 0.3100 0.1161 0.1367 0.1276 0.2656 0.9908 0.2018 0.2030 0.1595 0.6194 0.1596
0.2468 0.4888 0.2367 0.3728 0.2417 0.4359 0.8445 0.4578 0.4090 0.2764 0.8432 0.2354
0.2928 0.5411 0.2342 0.1538 0.1553 0.3115 0.9019 0.3083 0.3125 0.2385 0.7552 0.5188
0.2777 0.7470 0.3576 0.4699 0.2604 0.2959 0.4777 0.3596 0.8352 0.2736 0.6354 0.2393
0.1218 0.2064 0.2987 1.0000 0.1947 0.1970 0.1607 0.5622 0.1837 0.1620 0.5706 0.1377
0.1434 0.2179 0.4833 0.7559 0.2636 0.5810 0.2288 0.6348 0.2025 0.1752 0.9419 0.1564
0.1036 0.1684 0.2669 0.9881 0.1501 0.1579 0.1132 0.6091 0.1902 0.1694 0.4961 0.1229
0.1365 0.1849 0.3344 0.4763 0.2109 0.5531 0.4819 0.6118 0.6333 0.3231 0.8096 0.1482
0.1826 0.4085 0.1984 0.1856 0.1497 0.3747 0.9703 0.3138 0.2789 0.2461 0.5070 0.1559
0.2483 0.6775 0.2842 0.2170 0.1948 0.4177 0.6433 0.4179 0.6468 0.2721 0.7183 0.2638
0.2077 0.4380 0.2004 0.1324 0.1447 0.2945 0.8680 0.2731 0.2481 0.1727 0.7718 0.4057
0.2232 0.5443 0.3240 0.4393 0.2422 0.2447 0.4852 0.3149 0.7596 0.1985 0.6484 0.2038
0.1247 0.2093 0.2990 0.9966 0.1928 0.1786 0.7998 0.3244 0.2170 0.1358 0.3275 0.0944
0.1666 0.1762 0.2107 0.9864 0.1973 0.2156 0.4144 0.2701 0.4059 0.1280 0.3360 0.1060
0.1153 0.1961 0.1969 0.9365 0.1813 0.1730 0.8243 0.2918 0.1685 0.1299 0.4504 0.1045
0.1803 0.2140 0.2343 0.8611 0.1829 0.2603 0.6138 0.3363 0.6206 0.1395 0.6830 0.1190
0.2052 0.4467 0.1973 0.2266 0.1476 0.2666 0.9555 0.2784 0.2845 0.1918 0.5070 0.1556
0.2689 0.7031 0.2497 0.2107 0.2039 0.4178 0.7231 0.4507 0.6783 0.2367 0.5538 0.2730
0.2380 0.5321 0.2643 0.1593 0.1759 0.3343 0.9184 0.3391 0.3599 0.2069 0.6832 0.4319
0.2534 0.7498 0.3872 0.5196 0.2847 0.2628 0.4726 0.3837 0.7117 0.3978 0.6861 0.2813
0.1162 0.2163 0.2893 1.0000 0.1431 0.1486 0.1397 0.5942 0.1323 0.1667 0.4405 0.1292
0.1587 0.2339 0.4256 0.7232 0.2825 0.5899 0.2919 0.7174 0.2397 0.2257 0.9066 0.2107
0.1383 0.1953 0.3090 0.9866 0.1958 0.2339 0.1664 0.6354 0.1778 0.2065 0.7956 0.1833
0.1464 0.1647 0.3590 0.3245 0.1978 0.6402 0.4886 0.6666 0.2208 0.2376 0.9562 0.1850
0.1717 0.3247 0.1662 0.1228 0.1277 0.3074 0.9712 0.3463 0.2812 0.1873 0.5924 0.1596
0.2618 0.6611 0.3035 0.1344 0.1709 0.3665 0.6832 0.4095 0.6453 0.2058 0.5551 0.2302
0.2137 0.4189 0.2012 0.1147 0.1223 0.2522 0.9745 0.2230 0.2569 0.1877 0.6029 0.3200
0.3439 0.9229 0.4219 0.2521 0.2693 0.3429 0.5268 0.4325 0.7698 0.4884 0.9281 0.3455
0.3117 0.7120 0.9269 0.3598 0.3164 0.3408 0.3080 0.8892 0.3188 0.3813 0.4945 0.4326
0.2365 0.6776 0.8482 0.2465 0.1822 0.1945 0.2652 0.6622 0.2586 0.3871 0.6716 0.2418
0.2301 0.5347 0.5890 0.2554 0.2165 0.2311 0.2487 0.7239 0.2518 0.2044 0.8404 0.5657
0.2457 0.6368 0.7744 0.4071 0.3051 0.2117 0.2725 0.6470 0.3725 0.5362 0.8927 0.2743
0.4370 0.2171 0.2351 1.0000 0.1815 0.1610 0.2098 0.2554 0.6384 0.2311 0.4152 0.1493
0.4391 0.1824 0.2474 0.9842 0.1764 0.1225 0.1621 0.3228 0.4333 0.1777 0.4765 0.1422
0.5252 0.2524 0.2503 0.9672 0.2135 0.1700 0.2023 0.2958 0.8570 0.2017 0.5660 0.3682
0.4174 0.2211 0.2502 0.9971 0.2486 0.1696 0.1893 0.4217 0.4163 0.2979 0.5157 0.1537
0.3722 0.1889 0.1794 0.8830 0.1635 0.1847 0.2257 0.2323 0.9292 0.2383 0.3858 0.1586
0.3796 0.1628 0.2027 0.3947 0.1310 0.4846 0.2226 0.1664 0.4057 0.2053 0.9789 0.3132
0.5615 0.2261 0.1514 0.4136 0.1617 0.1885 0.4270 0.2014 0.3534 0.1845 0.3270 0.9579
0.9407 0.4308 0.2079 0.3593 0.1738 0.1387 0.1736 0.5510 0.4446 0.1524 0.2143 0.3029
0.2831 0.9425 0.3895 0.3457 0.3308 0.2368 0.1792 0.2045 0.3840 0.1829 0.1407 0.1733
0.5243 0.6703 0.2787 0.8055 0.2758 0.4013 0.5435 0.3968 0.7451 0.2250 0.1767 0.2798
0.9067 0.3111 0.2586 0.3519 0.2162 0.1909 0.1983 0.6966 0.5845 0.2366 0.1818 0.3703
0.5938 0.2876 0.2561 0.7987 0.2111 0.2242 0.3178 0.3481 0.6368 0.3747 0.4437 0.5047
0.1536 0.1781 0.1266 0.2952 0.1296 0.1779 0.7067 0.2036 0.1374 0.1346 0.2498 0.9516
0.3067 0.2919 0.1533 0.2579 0.1591 0.2183 0.9694 0.2863 0.1479 0.1020 0.2901 0.4686
0.9878 0.2717 0.2041 0.2921 0.2125 0.1477 0.2442 0.5946 0.3861 0.2022 0.2363 0.3332
0.7177 0.4168 0.2360 0.8706 0.1393 0.1318 0.1839 0.2578 0.8092 0.2177 0.1687 0.1588
0.2755 0.9518 0.3580 0.3353 0.2990 0.2541 0.1522 0.1408 0.3682 0.1516 0.1230 0.1391
0.4574 0.6938 0.3175 0.7669 0.2947 0.4462 0.5423 0.3790 0.5542 0.1528 0.1473 0.2488
0.8676 0.3018 0.2397 0.3773 0.2133 0.1847 0.2070 0.7453 0.4766 0.1735 0.1739 0.2287
0.5912 0.2569 0.2390 0.7850 0.1885 0.1959 0.2736 0.3023 0.5781 0.2355 0.4303 0.4806
0.1425 0.1535 0.1170 0.2433 0.1264 0.1752 0.6435 0.1880 0.1208 0.1331 0.2526 0.9675
0.2978 0.2440 0.1411 0.2137 0.1385 0.2065 0.9535 0.2091 0.1534 0.1155 0.2455 0.4155
1.0000 0.2178 0.1685 0.2481 0.1941 0.1437 0.1904 0.5132 0.3787 0.1566 0.1597 0.2718
0.8627 0.3678 0.2184 0.8178 0.1471 0.1583 0.1935 0.2405 0.7200 0.1865 0.1790 0.2253
0.4172 0.9210 0.6019 0.5634 0.3503 0.3731 0.2270 0.2874 0.5172 0.2107 0.1941 0.2058
0.4354 0.7045 0.3059 0.6913 0.2636 0.4390 0.3771 0.3907 0.7763 0.1581 0.1489 0.2240
0.9288 0.2534 0.2399 0.3031 0.2404 0.1788 0.4979 0.7153 0.4933 0.1803 0.1708 0.2689
0.5557 0.2839 0.2700 0.8147 0.2250 0.2179 0.3273 0.3470 0.8002 0.3835 0.3974 0.4730
0.1568 0.1884 0.1375 0.2663 0.1641 0.2263 0.7293 0.2301 0.1557 0.1696 0.3129 0.9359
0.3253 0.3047 0.1909 0.2272 0.1767 0.2459 0.9609 0.2969 0.1837 0.1471 0.3467 0.4451
0.9800 0.2379 0.2067 0.3440 0.2423 0.1795 0.2880 0.6924 0.3956 0.2362 0.2628 0.3480
0.7743 0.3704 0.2121 0.7162 0.1351 0.1308 0.2496 0.2911 0.6989 0.2240 0.1746 0.1806
0.3574 0.9405 0.4243 0.3831 0.3319 0.3444 0.1677 0.2157 0.3854 0.1582 0.1272 0.1637
0.4929 0.6926 0.2961 0.8594 0.3579 0.4124 0.4369 0.3786 0.6805 0.1711 0.1592 0.2507
0.9501 0.2771 0.2244 0.3734 0.2257 0.1916 0.4164 0.6333 0.4998 0.2189 0.1875 0.2286
0.6033 0.2927 0.2377 0.6840 0.1885 0.1814 0.2858 0.2981 0.8705 0.3522 0.3398 0.4586
0.1953 0.1989 0.1265 0.2976 0.1414 0.1923 0.7140 0.2199 0.1699 0.1502 0.2341 0.9246
0.3735 0.2728 0.1408 0.2380 0.1432 0.2424 0.9273 0.2131 0.1486 0.1165 0.2160 0.3671
1.0000 0.1993 0.1501 0.1926 0.1681 0.1342 0.2043 0.4784 0.3173 0.1158 0.1379 0.2743
0.9567 0.3841 0.1984 0.3501 0.1777 0.1262 0.2168 0.4316 0.4847 0.1468 0.1698 0.2598
0.3050 0.9900 0.2290 0.2584 0.2345 0.1786 0.1096 0.1687 0.3705 0.1449 0.1092 0.1486
0.5240 0.7571 0.2581 0.7197 0.3009 0.2949 0.2767 0.3480 0.7330 0.2021 0.1582 0.2930
0.9107 0.2694 0.1717 0.2842 0.2877 0.1651 0.1690 0.5490 0.7269 0.1719 0.1281 0.3559
0.5873 0.2068 0.1873 0.7230 0.2076 0.1721 0.2347 0.2805 0.7243 0.2020 0.2537 0.4412
0.3494 0.1832 0.1439 0.2988 0.2744 0.2340 0.6704 0.2363 0.1496 0.1503 0.2524 0.8998
0.3284 0.3095 0.1343 0.2365 0.1856 0.2452 0.9898 0.2720 0.2916 0.1064 0.2000 0.4092
0.9774 0.2534 0.1723 0.3687 0.2524 0.1848 0.4287 0.7226 0.2984 0.1592 0.1742 0.3942
0.8021 0.4381 0.2258 0.8479 0.1344 0.1646 0.2696 0.2713 0.6322 0.1701 0.1898 0.1665
0.2786 1.0000 0.2036 0.2281 0.2184 0.1473 0.1303 0.1488 0.2876 0.1106 0.0948 0.1355
0.5124 0.7814 0.2301 0.7874 0.2559 0.2876 0.2822 0.3459 0.7888 0.2089 0.1707 0.2573
0.9441 0.3521 0.2075 0.4318 0.2176 0.1810 0.1723 0.6058 0.4654 0.1963 0.1718 0.3080
0.5340 0.1978 0.1766 0.6136 0.1490 0.1742 0.2484 0.2433 0.8770 0.1993 0.2454 0.4113
0.1465 0.1392 0.1131 0.2634 0.1040 0.1213 0.4024 0.1136 0.1415 0.1197 0.2455 1.0000
0.4070 0.2299 0.1558 0.2917 0.1671 0.1573 0.4797 0.2294 0.1672 0.1673 0.3695 0.9606
1.0000 0.2024 0.1257 0.1900 0.1318 0.1034 0.1511 0.5272 0.2803 0.1342 0.1776 0.4344
0.9905 0.2874 0.1483 0.2647 0.1234 0.0921 0.1047 0.5573 0.3357 0.0941 0.1270 0.2693
0.4142 0.9963 0.2948 0.3696 0.3435 0.1977 0.1649 0.3212 0.4534 0.1574 0.1478 0.2363
0.3860 0.7110 0.2149 0.7784 0.3226 0.2565 0.2332 0.3023 0.7426 0.1655 0.1275 0.2116
0.9114 0.3419 0.2292 0.3843 0.2543 0.2213 0.2134 0.6082 0.5101 0.1985 0.1602 0.3180
0.5610 0.2221 0.1934 0.7984 0.1718 0.2761 0.2773 0.2638 0.7410 0.1896 0.2734 0.4506
0.1673 0.1414 0.1263 0.3300 0.1541 0.2271 0.6372 0.2087 0.1357 0.1382 0.2291 0.9367
0.1178 0.2224 0.1592 0.3242 0.1733 0.2600 0.9882 0.2132 0.3033 0.1426 0.2996 0.3702
0.6424 0.2950 0.2156 0.8717 0.1558 0.1833 0.3641 0.2839 0.7294 0.1323 0.3604 0.2480
0.9800 0.3959 0.1931 0.2969 0.1657 0.1270 0.1509 0.6731 0.3839 0.1413 0.1785 0.2333
0.2905 1.0000 0.1927 0.2380 0.1865 0.1588 0.1059 0.2002 0.3478 0.1225 0.1084 0.1550
0.5038 0.7900 0.2889 0.8641 0.3405 0.2622 0.2861 0.3753 0.7498 0.1971 0.1526 0.2600
0.9691 0.1982 0.1956 0.3078 0.2742 0.1494 0.1700 0.4565 0.3951 0.1491 0.1290 0.2184
0.4946 0.2449 0.2189 0.8610 0.2541 0.1955 0.2571 0.2976 0.9313 0.2008 0.2343 0.1924
0.2865 0.2060 0.1673 0.2324 0.1300 0.1636 0.5026 0.2262 0.2843 0.2021 0.5314 0.9131
0.3770 0.2061 0.1523 0.2698 0.1467 0.1703 0.5083 0.2301 0.2236 0.1626 0.4092 0.9685
1.0000 0.1581 0.1186 0.2031 0.1324 0.1123 0.1553 0.5815 0.3564 0.1095 0.1594 0.3712
0.9486 0.3413 0.1973 0.1964 0.1608 0.1871 0.1439 0.5760 0.5077 0.1696 0.1946 0.2825
