0.069660
0.464399
0.859138
1.253878
1.648617
2.043356
2.438095
2.832834
3.227574
3.622313
4.017052
4.411791
4.806531
5.201270
5.596009
5.990748
6.385488
6.780227
7.174966
7.569705
7.964444
8.359184
8.753923
9.148662
9.543401
9.938141
10.332880
10.727619
11.122358
11.517098
11.911837
12.306576
12.701315
13.096054
13.490794
13.885533
14.280272
14.675011
15.069751
15.464490
15.859229
16.253968
16.648707
17.043447
17.438186
17.832925
18.227664
18.622404
19.017143
19.411882
19.806621
20.201361
20.596100
20.990839
21.385578
21.780317
22.175057
22.569796
22.964535
23.359274
23.754014
24.148753
24.543492
24.938231
25.332971
25.727710
26.122449
26.517188
26.911927
27.329887
27.701406
28.096145
28.490884
28.885624
29.280363
29.675102
30.069841
30.464580
30.859320
31.254059
31.648798
32.043537
32.438277
32.833016
33.227755
33.622494
34.017234
34.411973
34.806712
35.201451
35.596190
35.990930
36.385669
36.780408
37.175147
37.569887
37.964626
38.359365
38.754104
39.148844
39.543583
39.938322
40.333061
40.727800
41.122540
41.517279
41.912018
42.306757
42.701497
43.096236
43.490975
43.885714
44.280454
44.675193
45.069932
45.464671
45.859410
46.254150
46.648889
47.043628
47.438367
47.833107
48.227846
48.622585
49.017324
49.412063
49.806803
50.201542
50.596281
50.991020
51.385760
51.780499
52.175238
52.569977
52.964717
53.359456
53.754195
54.148934
54.543673
54.938413
55.333152
55.727891
56.122630
56.517370
56.935329
57.306848
57.701587
58.096327
58.491066
58.885805
59.280544
59.675283
60.070023
60.464762
60.859501
61.254240
61.648980
62.043719
62.415238
62.809977
63.227937
63.622676
64.017415
64.412154
64.830113
65.224853
65.596372
65.991111
66.385850
66.780590
67.175329
67.570068
67.964807
68.359546
68.754286
69.149025
69.543764
69.938503
70.333243
70.727982
71.122721
71.517460
71.912200
72.306939
72.701678
73.096417
73.491156
73.885896
74.280635
74.675374
75.070113
75.464853
75.859592
76.254331
76.649070
77.043810
77.438549
77.833288
78.228027
78.622766
79.017506
79.412245
79.806984
80.201723
80.596463
80.991202
81.385941
81.780680
82.175420
82.570159
82.964898
83.359637
83.754376
84.149116
84.543855
84.938594
85.333333
85.728073
86.122812
86.517551
86.912290
87.307029
87.701769
88.096508
88.491247
88.885986
89.280726
89.675465
90.070204
90.464943
90.859683
91.254422
91.649161
92.043900
92.438639
92.833379
93.228118
93.622857
94.017596
94.412336
94.807075
95.225034
95.596553
95.991293
96.386032
96.780771
97.175510
97.570249
97.964989
98.359728
98.754467
99.149206
99.543946
99.938685
100.333424
100.728163
101.122902
101.517642
101.912381
102.307120
102.701859
103.096599
103.491338
103.886077
104.280816
104.675556
105.070295
105.465034
105.859773
106.254512
106.649252
107.043991
107.438730
107.833469
108.228209
108.622948
109.017687
109.412426
109.807166
110.201905
110.596644
110.991383
111.386122
111.780862
112.175601
112.570340
112.965079
113.359819
113.754558
114.149297
114.544036
114.938776
115.333515
115.728254
116.122993
116.517732
116.912472
117.307211
117.701950
118.096689
118.491429
118.886168
119.280907
119.675646
120.070385
120.465125
120.859864
121.254603
121.649342
122.044082
122.438821
122.833560
123.228299
123.623039
124.017778
124.412517
124.807256
125.201995
125.596735
125.991474
126.386213
126.780952
127.175692
127.570431
127.965170
128.359909
128.754649
129.149388
129.544127
129.938866
130.333605
130.728345
131.123084
131.517823
131.912562
132.307302
132.702041
133.096780
133.491519
133.886259
134.280998
134.675737
135.070476
135.465215
135.859955
136.254694
136.649433
137.044172
137.438912
137.833651
138.228390
138.623129
139.017868
139.412608
139.807347
140.202086
140.596825
140.991565
141.386304
141.781043
142.175782
142.570522
142.965261
143.360000
143.754739
144.149478
144.544218
144.938957
145.333696
145.728435
146.123175
146.517914
146.912653
147.307392
147.702132
148.096871
148.491610
148.886349
149.281088
149.675828
150.070567
150.465306
150.860045
151.254785
151.649524
152.044263
152.439002
152.833741
153.228481
153.623220
154.017959
154.412698
154.830658
155.225397
155.596916
155.991655
156.386395
156.781134
157.152653
157.570612
157.965351
158.360091
158.754830
159.149569
159.544308
159.939048
160.310567
160.705306
161.123265
161.518005
161.912744
162.307483
162.702222
163.096961
163.491701
163.886440
164.281179
164.675918
165.070658
165.465397
165.860136
166.254875
166.649615
167.044354
167.439093
167.833832
168.228571
168.623311
169.018050
169.412789
169.807528
170.202268
170.597007
170.991746
171.386485
171.781224
172.175964
172.570703
172.965442
173.360181
173.754921
174.149660
174.544399
174.939138
175.333878
175.728617
176.123356
176.518095
176.912834
177.307574
177.702313
178.097052
178.491791
178.886531
179.281270
179.676009
180.070748
180.465488
180.860227
181.254966
181.649705
182.044444
182.439184
182.833923
183.228662
183.623401
184.018141
184.412880
184.807619
185.202358
185.597098
185.991837
186.386576
186.781315
187.176054
187.570794
187.965533
188.360272
188.755011
189.149751
189.544490
189.939229
190.333968
190.728707
191.123447
191.518186
191.912925
192.307664
192.702404
193.097143
193.491882
193.886621
194.281361
194.676100
195.070839
195.465578
195.860317
200.594286
