620 12 434
-470.3235 71.0815 -38.9305 37.2648 -12.3372 8.2971 5.4243 0.0529 -3.4424 -5.4156 4.1555 -3.3802
-272.3441 122.8060 -93.4072 51.5320 -29.8884 0.4763 -4.9322 -12.1132 -12.0810 -3.7995 -4.9939 6.2747
-321.1628 100.6352 -79.5056 61.2310 -21.5188 17.6737 -4.4333 0.2252 3.4999 -5.3327 8.6988 -3.4444
-329.8390 99.3755 -75.1920 61.7657 -17.9260 20.1995 -2.2800 6.7228 3.6844 -9.4434 7.8436 -5.9358
-309.9765 142.7841 -62.6844 50.8356 -14.9390 9.6920 -11.5149 -6.8661 -7.8546 -11.3543 6.4508 -7.6585
-298.5435 142.9080 -68.9517 43.3443 -36.7420 -4.0130 -6.8675 1.2868 -2.3330 -5.9277 8.0972 -0.6737
-304.0342 135.2994 -72.7092 47.8409 -22.8414 5.3323 -15.0065 -10.4474 -6.6407 -5.5257 5.0018 -8.6692
-336.2679 130.4966 -62.1110 45.6834 -15.5500 7.9339 -6.7713 -2.8964 -3.0941 -7.1529 5.8701 -4.4941
-273.7815 155.4839 -78.6936 36.0162 -28.9595 5.4855 -17.8558 -10.9203 -4.8950 -5.8697 8.3067 -7.1332
-307.4126 132.7480 -74.6666 50.5156 -12.1776 11.6778 -14.2965 -3.4157 0.2748 -8.5470 8.0080 -4.7699
-297.0267 130.7150 -78.5311 42.0267 -28.3634 9.3195 -10.8250 1.7789 -2.9098 -3.4357 11.8457 -6.1197
-269.8579 158.9257 -80.1363 28.1765 -41.5636 1.0441 -10.0291 -9.7330 -8.7176 -10.9958 5.1874 8.3333
-256.1612 143.7608 -90.0728 33.6847 -40.3648 4.9325 -16.6002 -7.1824 -6.0259 -4.2718 7.1571 1.3743
-303.3260 154.0496 -70.4748 34.7476 -15.2523 9.9356 -16.3018 -14.0440 -3.1833 -5.8181 2.9649 -6.5950
-318.3528 123.3751 -66.4109 48.1460 -23.0919 13.2132 -20.1674 -10.7672 -1.6285 -2.2040 12.3140 -5.3106
-306.3770 130.7918 -72.6917 42.8320 -22.8987 13.2875 -14.0580 -3.9456 1.2845 0.9029 12.2777 -6.5592
-305.8505 131.2269 -72.1440 57.2950 -14.4821 7.4126 -13.7159 -1.1490 0.7899 -13.9909 3.4734 -3.3633
-285.0275 148.7004 -92.3480 29.6527 -18.1948 6.5461 -9.8567 -5.4851 0.3114 -0.0385 10.9282 -2.0650
-292.2126 139.2297 -82.2026 31.1364 -30.9995 8.6327 -8.4869 2.0064 5.1080 0.4257 11.3744 0.8370
-333.1593 158.4564 -56.0252 14.3920 -35.1299 -1.5250 -2.8404 1.7979 5.4440 -7.8624 -1.1586 2.1430
-327.4369 136.6398 -88.5360 34.1761 -11.4319 -8.2493 -8.0184 -7.2168 7.0213 3.2227 8.6392 7.8770
-336.2684 110.5807 -77.4578 56.5716 -22.2735 -9.3686 -8.5309 -2.4878 -1.7565 -6.4956 8.1367 5.2163
-497.4615 105.6341 -17.2054 25.2383 8.6452 3.3720 6.4093 -1.4285 2.7258 -0.0898 3.1758 2.6016
-433.5988 112.1456 -29.7410 29.3134 -3.6636 12.4025 3.1469 2.7016 1.3939 0.2543 3.2114 -2.1167
-300.5426 130.7622 -76.6484 47.8868 -20.4561 7.3017 -11.4039 -0.4930 -0.2156 -6.6795 2.2832 -4.3215
-365.1858 100.9091 -60.6719 47.5747 -15.2758 21.2903 -0.5898 4.5692 4.2942 -0.2847 11.6855 -0.4703
-257.4895 139.1453 -97.6739 38.5182 -31.7078 -8.1969 0.5437 -5.0814 -6.9778 6.5394 -0.7000 9.5372
-291.7425 119.3455 -86.1461 53.6852 -20.2019 0.5398 -3.9625 -7.7803 -8.6406 4.9142 3.9873 4.7585
-301.4187 120.6113 -81.0537 60.5004 -10.8620 3.1389 -12.5839 1.9758 -1.8148 -11.0184 -4.5483 -1.1823
-271.1610 114.7628 -94.6984 51.6228 -23.1345 8.6826 -19.9074 0.5441 -6.2453 -5.6502 9.4203 3.6942
-271.4268 130.3751 -80.7168 53.7512 -25.2275 10.4498 -21.7083 -4.9823 -8.6472 -3.9266 9.2429 -4.5076
-287.0300 129.1461 -73.2713 57.1903 -19.9461 16.4439 -12.5188 -6.7322 -8.8052 0.3503 10.6929 -7.9152
-283.3575 128.7037 -72.8060 50.0382 -28.6827 19.2955 -16.1015 -0.4382 0.6543 -4.0283 7.8705 -8.8895
-296.9571 138.2284 -80.0456 52.3997 -10.5183 10.0253 -3.7443 -6.8656 -4.0982 0.3015 1.7704 -4.2222
-312.9619 153.3083 -62.0054 23.7215 -24.8177 6.9142 -16.3265 1.7031 0.1767 -6.3572 7.7393 -7.1165
-291.3190 141.5051 -74.6413 40.7203 -22.2192 15.7203 -7.7846 -4.9424 -2.9137 -5.0318 2.4898 -4.3191
-254.4839 99.0880 -93.8382 65.4676 -30.8243 10.6953 -19.0618 2.1867 -3.4609 -7.3257 8.1400 -0.9919
-311.7330 117.3621 -83.6112 29.5282 -34.5687 14.9396 -11.9673 7.9430 15.6933 3.9049 13.9983 0.5400
-287.4753 154.3393 -77.7596 31.2525 -26.8634 4.7366 -1.8917 3.2865 -3.7285 -9.9241 -0.1457 -0.2140
-314.7673 137.0572 -62.8311 44.2019 -19.6826 7.1824 -15.2743 1.6445 -1.0783 -6.9333 5.1092 -14.0316
-314.9098 127.5832 -67.5862 50.3601 -16.5795 11.1036 -13.2928 -3.2810 -7.0645 -7.8310 4.3904 -9.4414
-318.6908 121.8602 -60.6652 45.7581 -44.9667 -0.3891 -8.2711 6.7738 3.8569 1.5831 13.0422 -5.5766
-313.4897 115.5203 -69.0504 56.0824 -29.5386 12.5622 -9.1301 -6.3188 2.1526 0.3209 5.3385 -3.6427
-294.5858 125.1874 -72.4193 52.9435 -23.1968 21.2211 -15.0035 -11.9746 -0.8650 3.5740 6.1107 -9.5452
-304.3419 124.2563 -74.9310 42.6205 -33.8486 16.0238 -4.9132 -0.9724 2.5778 -3.0112 3.5802 -5.8786
-303.5870 111.4366 -67.2274 69.2611 -19.4516 14.4474 -19.9552 -5.2815 -4.1598 -6.2595 3.0819 -9.9306
-306.6474 114.3650 -61.4446 62.4502 -20.1510 19.5578 -17.9507 8.4678 -1.1165 -11.3471 4.2729 -11.4001
-312.9784 126.7814 -60.6744 49.1101 -18.9322 20.4266 -14.7558 2.3039 -4.5664 -9.1951 5.1514 -14.1416
-326.8183 127.2628 -67.2029 44.1210 -29.7044 2.3324 -0.7310 2.6473 3.3656 -0.0290 3.5047 -8.0147
-266.3188 128.7698 -88.7836 55.7417 -24.8419 -5.2594 -10.5394 -3.1011 -9.7041 6.0895 2.1139 -12.8372
-296.2672 150.5845 -77.0497 31.9471 -27.1179 -0.1769 -10.0149 0.2984 -3.0113 -6.7566 10.5356 -1.3441
-296.4599 154.6741 -66.3461 44.2362 -14.9806 2.7956 -15.0924 0.7170 -0.4646 -11.9855 1.2019 -6.6760
-268.4626 128.0619 -92.0471 50.8554 -28.9476 2.8028 -3.2286 -3.6590 -10.8776 -3.8539 2.2212 3.0553
-300.2475 125.1336 -91.9548 55.4108 -1.8150 0.4679 -8.4876 -3.9876 -14.3398 -1.3396 11.0606 0.8461
-269.8999 119.7790 -88.2933 56.7698 -25.1942 15.5837 -19.4468 -10.0643 -8.2550 -11.0399 6.7215 -6.2713
-326.4260 154.4087 -64.1274 9.9645 -23.0493 15.1706 -8.9292 -1.7009 -2.3988 -3.2033 13.5996 -1.8745
-275.2282 127.0866 -96.9005 34.3084 -16.5291 12.9603 -14.5854 5.4998 -7.3344 -10.1759 6.5148 -0.5867
-263.1326 136.0457 -88.2555 45.4169 -13.8166 10.2305 -26.7792 -3.8564 -12.2624 -8.8309 9.7596 -3.0508
-276.1997 145.6968 -83.3680 28.6461 -32.3460 4.0420 -12.5577 1.9088 -6.8708 -12.2899 3.4020 -4.6431
-283.0813 146.2665 -90.8643 19.7387 -26.5697 11.7006 -15.6497 -3.1276 -4.9828 -4.7328 15.1125 0.8271
-303.8891 146.4947 -70.3388 31.7422 -20.8152 2.2194 -25.5335 -4.4264 -2.6972 -0.2232 10.6639 -7.9382
-290.9315 152.4479 -77.6875 25.1039 -22.9700 2.2644 -22.6717 -0.5308 -5.0746 -8.1955 11.9484 -5.5320
-281.2699 138.2184 -77.6400 42.1462 -21.3751 12.7060 -23.2772 -6.7078 -7.6557 -4.0566 8.8055 -4.5170
-318.0580 112.4221 -69.8030 54.4831 -18.2460 14.8750 -21.1236 -2.3980 0.6153 -2.2904 9.4143 -12.0083
-303.3588 134.8212 -55.4540 44.2309 -29.3265 18.0690 -14.3121 -0.3833 -10.1015 -6.8108 7.3422 -12.8513
-263.8588 127.9533 -77.2160 41.0231 -42.5652 21.2416 -11.6494 7.2343 -6.5675 -6.6530 13.0734 -8.1414
-288.6013 130.5845 -74.7990 41.1764 -27.5798 12.0964 -21.6033 1.1222 -0.3242 -3.3689 13.2078 -5.0556
-275.6852 142.3401 -84.2414 34.8960 -25.0152 6.6459 -14.3728 0.6051 -4.0732 -1.3224 9.6466 -5.2594
-287.6846 108.6312 -84.9940 69.3300 -29.3861 -4.4035 -7.9733 2.4787 4.5719 9.1082 9.9713 -7.0918
-311.0755 80.3226 -64.9055 74.2405 -31.5458 22.1694 -16.6808 9.7861 1.4528 1.6832 8.6150 -9.9838
-277.7549 129.4364 -79.9379 53.5694 -36.7929 1.2901 1.8826 4.5887 0.7140 3.6695 3.9011 -6.4150
-303.5141 104.9386 -74.5166 77.7730 -15.4298 0.2547 -3.9117 5.6079 -0.8627 -0.6342 1.4642 -6.0943
-286.9253 120.4777 -87.2699 58.1089 -20.2090 -0.0091 -7.8665 -2.5737 -1.4400 -2.0998 2.1043 9.6043
-279.3306 132.2487 -83.3729 56.0457 -7.8191 9.6196 -25.5150 -10.6574 -9.3370 -9.6218 -5.1443 -7.6897
-287.2678 148.1937 -93.4088 38.7555 -11.1113 -4.0977 -12.1510 -7.2557 -7.7797 -4.0609 -0.0763 -3.7544
-306.4188 143.2709 -72.2501 43.2591 -13.0187 8.9865 -12.4777 -6.7943 -3.2041 -10.4703 -3.7739 -4.2801
-298.7410 136.5488 -83.1412 41.6618 -9.8585 9.2510 -20.3875 0.0844 5.1649 -9.0522 3.6512 -3.7517
-299.5176 112.1865 -90.1841 39.9338 -22.1926 9.2934 -11.7160 11.3416 1.5429 -2.1390 1.7328 -9.4247
-353.1190 118.2862 -66.6883 23.7475 -12.7830 18.8718 -7.4141 9.5258 -0.5440 0.9453 10.6340 -5.4476
-342.1799 115.2353 -52.7836 47.1301 -13.0256 12.9624 -26.0502 7.0287 -0.8716 -7.4210 1.2343 -10.8850
-325.6792 138.0429 -83.7136 24.6662 -8.9316 -0.7885 -15.5638 11.5293 6.9853 -6.0333 8.4854 1.6695
-329.8706 122.1025 -75.7194 38.4290 -19.5925 1.3925 -20.4634 2.1410 11.9304 -5.8710 6.8773 7.4997
-290.1436 127.4231 -89.7105 48.9986 -22.4137 2.6362 -8.4020 -10.5248 -6.8681 6.4952 7.9616 8.7162
-295.7637 135.2393 -99.4139 40.7759 -13.8826 -4.7309 -4.6751 -8.0086 -7.1659 5.1978 4.9727 3.5324
-348.0112 108.7548 -62.3384 59.1248 -11.8902 8.0908 -12.5950 -4.2327 0.8923 -6.9815 -0.8241 1.8858
-309.8428 146.4000 -78.1415 35.7318 -22.0928 -10.3881 -7.1598 -3.4110 -6.1916 1.3915 3.2958 -3.9578
-288.7993 162.0483 -71.3326 21.5458 -25.9370 4.9059 -14.4460 0.8925 -6.3072 -6.9610 11.5595 4.9600
-297.6055 115.8718 -56.1016 39.2119 -50.8647 10.3863 -22.7684 15.9001 0.3892 -0.8392 9.0036 -4.6991
-269.8799 122.4493 -86.2113 42.8276 -37.1588 13.9019 -17.3065 9.2663 6.5403 -7.7258 6.0244 -6.7037
-284.4185 154.7991 -80.5741 30.2726 -16.0093 9.1338 -19.2039 -1.6364 -0.8437 -6.6990 6.4153 -12.4076
-284.2036 151.0202 -79.0947 30.3449 -23.7281 10.0891 -19.2361 -5.6830 -0.7139 -10.3564 -0.2886 -6.5205
-289.5505 165.9522 -78.7441 13.5244 -31.5329 -0.3651 -7.8686 2.5722 2.7414 -8.0317 1.8973 2.7376
-316.6993 122.8810 -69.0284 49.9847 -22.2520 5.8600 -16.0519 1.2356 2.0741 -8.2717 5.8806 -6.9601
-326.7368 113.5435 -73.5584 54.4331 -11.8588 -2.9217 -17.9254 13.6098 3.7756 -7.1995 1.5594 -4.7282
-340.1840 103.3867 -63.5804 48.4956 -8.5429 13.8810 -23.6127 8.0985 -2.7456 -3.8701 4.3283 -15.3653
-313.0846 112.9659 -79.5376 45.0597 -23.8771 3.9768 -23.0837 6.0954 2.4839 -9.3013 14.6224 2.1925
-280.1757 125.9600 -93.9928 42.4862 -31.8337 0.5959 -4.6845 10.4688 -4.0961 0.4595 12.3112 -2.7826
-269.4690 115.8281 -79.7019 65.9500 -22.6126 11.9117 -25.1666 3.9469 -1.7069 -9.6148 0.6210 -6.4783
-309.9321 119.6986 -73.6438 43.6844 -26.7139 18.4681 -7.8052 9.8626 0.3965 -15.2824 7.6677 -4.1001
-330.5948 95.8896 -66.7685 69.0697 -14.4078 19.2049 -12.6643 6.6042 2.9276 -11.1186 3.7081 -6.0388
-288.4230 132.7621 -74.4990 38.1794 -27.0588 14.9110 -19.2711 2.3220 -2.4087 -8.0038 10.3602 -6.2860
-274.7738 126.3613 -88.2891 35.9895 -27.5847 13.5354 -22.0879 4.8941 -1.0126 -6.4949 9.0553 -6.0486
-289.6624 135.4373 -88.6038 29.6220 -29.4861 7.3255 -12.8738 3.0455 2.3918 -2.1284 9.7594 -3.5223
-307.1915 126.7009 -75.1605 48.9896 -17.7465 6.5258 -24.6195 -9.5040 -1.5948 -0.8886 8.4313 -3.5244
-309.9441 152.1118 -60.9944 23.9056 -37.8845 -1.0311 -6.4240 6.4453 0.1273 -9.4650 -1.5810 -10.5534
-301.3781 124.6958 -74.2479 35.7898 -27.0078 3.8587 -20.4039 4.1006 0.8631 -1.0105 0.3107 -4.4303
-343.7508 121.7388 -66.3689 37.3558 -19.9987 8.1908 -14.7386 -5.2049 1.3153 -8.2999 7.7297 2.0588
-348.0934 116.5623 -53.5875 36.8720 -26.8492 10.4050 -15.8858 2.3483 -4.1510 -4.7703 6.0297 -2.0397
-292.9094 136.6194 -76.0766 21.5243 -37.8556 2.8968 -14.5448 -2.0287 -5.0409 6.2170 12.3489 6.3117
-304.8064 114.6026 -84.9380 44.1562 -21.7058 10.9114 -20.0393 0.0561 -0.6819 -0.3640 15.2123 -6.5289
-313.5645 112.7768 -76.5295 46.0500 -27.3973 11.2371 -14.7355 1.4233 -3.1538 -2.3479 13.8691 -6.2239
-290.4245 147.7220 -71.2414 22.2806 -59.3672 -5.7070 0.8703 6.5908 3.3432 5.6130 4.6343 -5.1057
-276.0175 140.0726 -79.4276 39.9995 -36.1051 6.2706 -14.8842 -6.2004 -5.6326 -4.0246 11.9810 -3.7743
-285.1994 145.8505 -77.7011 36.3081 -23.6678 12.9974 -17.0746 -11.7506 -10.2023 -4.6303 11.9433 -7.9355
-341.6562 123.6250 -57.7402 54.1461 -0.6586 17.6684 -17.9527 -2.9934 -2.2133 -9.5336 9.6127 -9.6571
-324.3035 116.4796 -62.0455 52.4997 -20.5205 15.6094 -13.8878 6.5462 -5.7647 -18.4533 4.4009 -8.7565
-306.1156 127.3807 -72.4234 53.4230 -13.5287 5.0033 -24.9602 3.0653 1.2349 -12.3004 0.5061 -10.7208
-291.4072 132.2686 -82.2901 31.5947 -37.6862 5.2373 -14.3649 2.5701 3.1005 -0.5650 8.8821 -8.5968
-296.1132 91.5046 -87.2417 27.5608 -40.0011 18.9305 -8.4189 9.7430 6.4232 -8.2318 1.0218 0.4436
-325.8765 111.8158 -78.0429 42.4952 -32.9917 -4.3882 -6.0573 5.7875 7.3373 -4.7958 0.3877 -1.0979
-319.8414 111.1785 -73.4259 45.1636 -35.7401 11.2048 -10.5144 -4.2334 0.2569 -5.8853 13.4165 5.3967
-324.7285 95.3120 -73.2588 68.1968 -19.1083 6.1979 -15.9228 7.1461 4.4650 -0.0475 13.8781 -1.4237
-289.0893 135.4444 -73.6713 48.0318 -20.0318 8.3917 -20.1265 -2.2198 1.6295 -6.3921 -1.2160 -10.1593
-270.0662 139.8923 -97.5378 35.2290 -27.2330 8.5286 -9.7220 -5.3354 -1.7094 -1.4732 6.1078 0.9327
-306.2185 123.9868 -72.5965 45.4366 -26.6782 18.5349 -4.9176 -1.8695 -0.7244 -7.5046 -3.3807 -4.1413
-286.4195 131.3380 -75.8999 48.3475 -23.1294 8.6951 -22.6285 -7.5258 -4.8142 -6.0094 8.2488 -4.1643
-307.6274 154.3446 -65.2373 28.2735 -28.5729 1.5178 -12.7264 3.7043 2.8506 -15.8335 -0.5278 -7.3432
-288.0421 131.1913 -84.2359 32.2615 -37.3817 9.4805 -15.8619 -4.7719 -1.5642 -1.3301 14.8448 -1.6380
-343.6239 114.6565 -68.7034 31.3385 -27.8276 13.2039 -10.7589 2.1788 6.8148 6.0064 12.5879 -9.0512
-331.7680 113.7677 -90.2452 29.8540 -25.1223 3.6405 -3.8129 12.2437 13.8537 6.0737 11.8714 -2.3142
-326.8492 123.7919 -71.8265 33.3886 -33.3572 5.3094 0.7369 8.6236 9.8926 6.4102 4.6894 -8.6718
-358.7246 122.3230 -63.8573 32.8682 -18.7181 8.9343 0.7095 2.5552 8.4659 1.8509 3.8924 -5.9057
-340.8978 101.6460 -75.4732 56.4642 -35.5235 -2.4402 13.6623 3.5849 8.3335 7.5781 5.3443 -2.4372
-338.8075 103.7735 -59.9120 64.3646 -25.7564 9.2318 -4.6884 1.5555 3.7731 1.5167 6.2672 -8.4730
-312.5662 109.9689 -79.1878 56.8925 -30.3019 6.7311 -3.4672 -3.0227 11.2415 11.0828 2.1540 -6.0761
-307.1551 115.9233 -76.4676 62.0285 -29.1358 -3.7134 -3.0833 2.6246 11.4403 9.9478 -0.9004 -11.1744
-335.6512 107.9683 -70.2897 63.3382 -11.8736 9.0057 -3.8755 -4.6623 3.1342 8.2798 0.5240 -10.1272
-299.9787 127.7229 -73.6688 46.8435 -32.0598 9.4138 -10.1267 -0.4059 2.8851 -3.7555 6.3317 -5.3718
-272.5222 127.8291 -87.6047 53.3259 -26.9923 8.9317 -16.5677 -6.2965 -2.9055 -7.2315 8.8702 0.5552
-322.6574 102.5690 -79.8349 52.4995 -17.3033 8.9783 -23.4154 0.4250 1.8130 -1.9158 13.7016 2.3861
-312.5205 107.2072 -80.4935 54.2448 -22.8115 0.0740 -16.6568 8.9921 -0.9304 -4.4775 10.8308 2.7924
-267.2126 138.2592 -101.7694 22.0095 -43.0717 5.7613 -8.6436 2.1542 6.4032 -5.6178 8.5958 2.9195
-270.2194 136.4680 -92.4444 39.8716 -24.6539 12.6924 -23.8343 -12.0972 2.7114 -3.8401 2.9052 -5.1485
-272.6624 162.4566 -92.6100 9.4301 -34.6798 0.5728 -20.8554 4.1236 9.9607 -6.4812 15.3305 -2.5224
-289.6391 118.7021 -86.2585 50.8105 -28.7126 0.8799 -15.9926 -1.9071 -3.2197 -4.4494 16.2171 -0.6558
-311.0287 116.5970 -73.3373 37.8926 -28.8086 8.4413 -23.5190 4.3900 3.5315 0.2385 9.4062 -0.1446
-316.4274 121.2272 -78.9571 25.1567 -34.4850 9.1445 -7.4505 2.3103 2.4920 2.6248 7.3890 1.3646
-299.6684 141.7123 -77.5097 21.6805 -42.9375 5.4554 5.3667 5.9891 -4.8828 0.7051 10.0242 -0.9966
-312.6998 136.6225 -62.4284 27.5387 -40.5366 3.5409 -7.8020 -0.3579 2.6915 0.1037 9.6569 -3.9028
-386.5882 136.4084 -59.4430 19.7911 -15.3722 -12.7121 -0.8438 -0.0816 3.9793 2.7389 11.4021 9.9057
-318.0792 108.9277 -75.6073 40.3124 -20.9008 8.5328 -25.1830 -0.0414 1.0008 -6.3465 10.4019 9.3854
-323.8840 131.9744 -77.0080 32.8983 -26.3764 -3.5069 -13.0690 1.6715 10.7068 -6.6851 7.3107 9.2899
-371.2620 135.7906 -53.0820 53.0358 -3.3796 -17.0431 1.0082 -3.2135 -2.3281 -0.8568 -1.1892 3.8602
-314.7564 145.3694 -70.4766 39.3729 -36.6058 -15.3194 13.1961 -6.1572 -6.2914 3.8017 -1.5463 21.4402
-366.8701 136.6012 -69.9423 21.1213 -14.3199 -6.0484 -5.0360 -5.2606 13.8503 8.0499 10.8205 11.5808
-302.2692 137.6557 -78.8841 53.5707 -13.0584 -5.2364 -10.7682 -15.5609 -1.9944 7.1685 -0.2729 1.8432
-288.0115 147.9823 -76.4335 27.5030 -41.2202 8.7101 -4.1472 -0.6160 5.6198 -2.5746 0.5476 -2.4616
-292.8341 134.2783 -70.9149 41.1722 -27.7062 16.7822 -17.4384 -6.1708 -1.7702 -3.7656 7.2220 -4.6293
-277.3774 126.6633 -74.0807 51.1572 -27.5930 14.8881 -18.2208 -1.7837 1.0647 -4.4682 2.3492 -7.0709
-279.4247 135.9122 -63.9506 42.5640 -46.5884 8.2529 -15.8313 -1.4577 -11.3487 -12.7078 1.8428 -2.6013
-271.5012 133.1760 -68.0854 48.0021 -46.5065 7.2298 -20.0234 1.9258 -1.2320 -9.8232 7.3234 -4.0539
-305.6216 116.6856 -76.4749 47.2660 -41.1663 4.3747 -4.6872 7.3042 6.1678 -3.1256 4.4897 -4.9489
-279.0460 111.6592 -82.7342 54.9530 -31.8037 10.5549 -12.3892 -1.2908 0.8813 3.0997 -0.8712 -8.2735
-260.0220 109.2245 -85.1029 62.4299 -35.3184 11.6088 -14.4994 -4.0779 -3.8045 -0.0933 2.8451 -3.5845
-272.4770 103.8605 -90.2382 65.7833 -22.4007 7.8237 -16.1576 -5.6381 -0.3990 2.3119 2.5111 -3.5864
-263.0826 133.0823 -80.0425 52.5184 -33.6891 12.3827 -12.3387 -10.2904 -9.9281 -2.7736 2.2956 -4.3413
-288.4646 115.4906 -70.8264 60.1196 -25.5010 14.4980 -27.1572 -2.0287 -2.1586 -7.9850 2.8214 -12.0471
-295.7122 139.3924 -80.3755 26.7282 -28.0933 8.1645 -20.3240 4.3125 0.5949 -11.0918 13.3327 -2.7918
-315.5177 136.8949 -71.8799 31.1425 -12.7836 16.0996 -22.6377 -1.9419 -4.5429 -18.2889 5.7166 -2.5379
-306.5139 133.9408 -80.7740 25.6811 -26.3652 12.0267 -21.9244 -2.6414 4.6544 -6.1747 15.3103 1.1303
-298.5574 133.2004 -78.9099 38.2594 -33.7479 1.4336 -11.8150 5.3579 3.9913 -7.4118 7.0090 -6.9501
-259.9831 126.3899 -81.6083 56.1677 -44.2535 -2.9645 -15.3018 -2.6125 -5.0051 -3.6401 7.4529 -4.0597
-275.1469 113.5766 -88.8756 60.4451 -33.3925 -1.8638 -3.0805 0.0886 -7.0147 0.1418 -1.6321 -3.5203
-312.3583 97.5345 -81.1991 57.3705 -18.7181 17.4523 -17.0966 2.7398 -0.1266 -0.2211 10.3005 -9.7671
-312.6861 104.7357 -70.5388 63.1401 -19.9178 11.0661 -19.0474 3.3544 -0.8787 -11.8180 6.0611 -6.0939
-298.1108 103.3269 -87.8890 49.8198 -33.8657 19.3349 -3.5331 5.0635 6.6264 -6.4334 5.2085 -6.5559
-308.3782 111.4746 -76.0409 50.6951 -22.2486 22.9562 -16.0077 -8.4579 -8.6868 -9.1294 8.5058 -4.3971
-293.9531 105.2815 -92.8318 49.5653 -22.4249 18.2880 -16.9300 2.1596 4.2450 -5.0361 4.4418 -4.4202
-314.7297 99.3513 -77.9166 59.5508 -22.7295 11.4722 -21.8702 1.7235 3.1524 -6.6117 6.1242 -3.4785
-360.0658 105.7930 -62.0063 50.6189 -14.9799 9.7950 -6.8462 5.6425 3.0260 -5.7994 5.5635 -7.7428
-297.7106 123.7191 -67.5663 47.1039 -25.2418 22.9374 -18.4240 -1.1533 -6.4044 -7.3463 8.9386 -10.3188
-292.2555 114.7702 -72.1295 51.9457 -33.9758 17.0441 -10.4924 4.0050 -6.9455 -4.1538 4.2848 -7.2412
-313.6408 99.3557 -76.0123 71.5610 -16.1735 15.9226 -10.9744 -3.0428 -6.4290 -11.6589 -2.4535 -10.4156
-311.0911 121.3632 -75.2549 52.5309 -15.4128 11.9964 -11.7522 -4.7672 -6.2771 -2.4708 1.2773 -14.0675
-295.7466 107.6184 -80.7541 67.2586 -17.8165 11.7627 -17.5009 -6.0881 -1.5338 -1.8067 -2.5504 -11.0905
-278.1619 113.4984 -93.1253 62.1296 -19.2015 0.2920 -14.8821 -2.7696 -6.7427 1.5368 2.7861 -5.1361
-305.8687 107.0985 -81.5994 77.7588 -6.8667 0.2719 -15.4352 -4.9891 -5.2289 -7.6770 -10.9961 -7.0806
-267.2125 121.9631 -79.0032 53.6828 -32.2328 12.5649 -9.0515 6.4360 -7.5540 -8.8315 -2.2826 -11.1821
-265.8913 112.8135 -79.0265 58.3591 -38.0306 13.9580 -17.7010 -3.6619 -3.4650 -2.0465 -3.4062 -8.7729
-379.9047 84.1915 -46.3452 56.7322 -16.1964 25.6705 -5.7395 11.0701 -1.5677 -1.6590 11.2786 -10.2712
-372.4103 103.5358 -43.6656 52.2393 -13.9271 21.1381 -6.3596 6.4921 -1.6568 -3.5839 9.8730 -7.9743
-291.6059 113.0439 -69.2184 66.0330 -22.0528 26.6828 -7.1835 6.6827 -2.5749 -8.8243 6.0345 -11.4838
-291.4687 136.3473 -74.0939 46.9860 -28.4127 11.0145 -5.6255 -5.2404 -2.0650 -4.7900 1.5225 -3.3134
-261.3204 125.1313 -83.8371 66.9842 -18.7972 10.7645 -16.5403 -8.7785 -6.5074 -3.4658 -6.7133 -9.3044
-286.4512 121.8235 -72.3792 63.2250 -28.5750 9.2411 -10.7854 -8.8961 -5.4917 -4.2431 -6.8989 -7.0015
-266.7264 115.8263 -84.3701 70.0733 -13.7804 9.1562 -27.5482 -9.5338 0.6895 -1.3760 -10.6063 -9.0092
-281.0583 110.2629 -90.0496 58.4889 -23.2966 10.6038 -19.1225 -6.9323 2.4155 -2.2237 -4.6463 -3.1791
-280.6542 110.8663 -83.1251 57.3470 -26.3244 7.9827 -17.6505 -1.8654 -0.2395 0.9975 -0.0671 -8.6509
-313.0820 111.7569 -72.9996 50.6603 -31.0005 11.7713 -10.6986 -3.7765 -4.0611 -2.8017 8.1538 -0.1898
-285.6128 112.7002 -82.6286 57.5115 -32.9640 7.9443 -7.7725 -1.8368 -2.9245 -4.1724 -1.6440 -0.8053
-278.8826 138.2654 -78.7913 42.2539 -31.1661 12.0275 -5.3671 -4.8157 -5.2174 -0.5692 4.2805 -4.3313
-289.1781 135.2784 -77.8334 43.4884 -34.9082 10.9321 -3.7838 -11.8896 -3.3052 -3.8561 -4.3329 -4.0289
-292.6580 140.8376 -63.6930 47.8722 -38.2631 4.0856 -11.5766 -6.6772 1.5026 -4.2066 -3.9084 -10.1686
-322.9659 137.5741 -55.3872 43.8918 -27.6996 7.8968 -8.2251 -0.9869 -2.0807 -11.7234 0.1856 -5.0207
-339.6116 133.9605 -47.1187 52.5992 -13.9339 9.4599 -12.3677 -3.0520 -3.0776 -9.9952 3.7780 -6.4915
-315.6315 128.3783 -75.2817 42.0064 -13.5694 9.8934 -23.3516 -3.2954 8.1038 -1.0341 10.2815 -3.3698
-314.7464 121.2106 -73.7234 53.7198 -19.2012 2.8029 -12.8206 4.5358 0.8009 -4.7482 7.4496 -5.8490
-295.4514 140.3808 -76.4098 37.2428 -37.3758 -0.7260 -1.8247 3.4787 -1.8628 -5.8789 4.8455 -5.6964
-337.5425 117.8040 -73.5068 53.3276 -11.9278 -6.4232 -7.6851 0.9564 -2.7317 -0.8248 1.8146 -4.6223
-410.8024 91.6590 -43.9740 51.1825 -12.2659 12.4913 -2.0611 3.6691 7.2096 -2.6184 5.3243 -4.7848
-368.9714 89.5525 -59.3953 55.2306 -22.0035 20.6897 -3.4716 3.7757 7.4494 -2.2194 10.1106 -5.7896
-375.0838 91.2966 -62.0460 51.0373 -19.7646 15.6401 -2.0174 7.7920 9.9127 -4.0506 6.6033 -3.6693
-375.5486 93.2757 -55.3937 52.5100 -22.1803 17.1088 -4.9525 2.4123 7.6702 -3.4339 7.9828 -3.1184
-323.7106 123.4336 -59.1750 40.2028 -41.3863 11.1933 -7.3279 2.3564 3.3471 -4.5035 9.6374 1.1262
-312.2865 130.9041 -72.0429 47.7261 -38.8226 -8.2033 3.0147 0.5133 -4.9636 -3.2493 5.7705 2.2374
-324.3113 137.3757 -62.3425 39.0577 -32.6900 -3.8819 -9.6415 -3.3269 -5.3457 -9.0410 3.4480 -2.2120
-381.3036 89.0917 -55.0286 55.2521 -17.5395 18.8752 -5.9195 -0.0730 3.3163 -4.3008 9.2965 -2.4714
-373.8783 95.7356 -54.0263 52.3148 -18.1064 19.5589 -3.7125 6.3622 2.8163 -4.5324 9.9849 -6.7178
-369.9626 92.7545 -52.3580 56.9045 -17.7940 20.0239 -6.7224 2.9297 1.8097 -1.7686 12.6736 -4.9113
-295.9580 115.3121 -72.9312 55.3005 -26.5430 13.5243 -13.1210 0.1983 1.2253 -3.2794 8.3294 -7.2734
-325.7521 113.4334 -62.2841 60.6210 -15.6985 14.1495 -8.9635 -0.6268 0.6026 -5.5843 2.4809 -10.1182
-380.3682 96.7227 -53.4540 57.4053 -11.2846 12.8428 -2.6785 2.4069 3.7510 -2.5257 6.6528 -6.1472
-317.0073 106.8254 -67.2870 65.7570 -22.2063 14.3449 -4.7093 1.1475 4.8838 -0.2254 7.3498 -8.6839
-340.7561 103.5779 -61.5876 61.0285 -17.8184 16.3802 -3.1315 0.5708 3.2585 -0.6935 6.5009 -10.1372
-308.0210 114.6023 -75.7616 57.1833 -22.8294 9.8184 -5.9482 1.2559 2.3459 2.4276 8.2516 -4.3763
-305.2334 116.3742 -87.4053 62.3365 -11.0107 6.9417 -4.7025 -3.6434 -0.9763 1.6572 3.8310 -4.9997
-301.7659 107.3266 -82.4406 69.0817 -15.8393 6.1030 -10.3362 -14.2724 -1.8253 4.1732 1.4450 -2.3154
-282.9661 135.0283 -87.3094 43.0508 -37.9201 -1.3867 -3.6459 -10.8517 -0.9943 2.8405 -0.4855 -0.1980
-279.9858 130.1875 -80.4129 59.6442 -33.5804 0.6933 -4.9334 -17.3300 0.1742 3.6855 -7.0422 -1.3266
-289.6021 121.5689 -90.3143 51.2360 -34.7876 2.8788 -4.6242 -17.0859 2.3906 2.4762 2.9683 6.8826
-302.8617 121.7287 -70.2290 54.0688 -25.6740 14.0350 -15.1444 -6.1717 -3.4393 -2.2316 11.3758 -6.1650
-252.9320 125.2631 -83.3429 48.4706 -34.2361 10.5373 -18.6788 -12.3593 -9.6103 5.0468 8.1512 -0.0513
-253.2560 131.8194 -95.0305 51.2688 -29.2510 -0.5399 -16.2809 -8.4204 -3.1271 -0.8226 5.1413 -2.6357
-316.6695 130.1083 -61.9625 58.2797 -18.2821 9.2550 -12.0903 -15.5487 -3.6761 -5.0137 -3.6088 -6.3482
-326.8600 117.9250 -70.9196 54.8890 -13.4684 6.0396 -16.1956 -4.2586 -4.8768 -8.1911 6.3479 -2.9679
-359.6038 85.2813 -64.0840 60.6922 -14.7044 23.4322 -4.0050 9.6585 1.4833 -5.4918 7.3776 -6.5903
-313.9617 135.9507 -75.1919 34.3498 -14.6082 16.5074 -10.8810 -9.4388 -5.8558 0.1325 3.7022 -3.4883
-329.1805 158.6754 -48.3189 3.8833 -39.6483 3.1114 -10.3154 11.2387 -3.1438 -3.4120 2.9993 -5.6692
-372.9778 111.5145 -46.9674 40.6119 -11.2648 4.0507 -19.5182 17.0047 -2.7403 -3.4760 8.9415 -9.1917
-328.3792 133.6179 -56.1537 44.9337 -12.3002 12.3335 -20.2435 -7.5243 -6.7140 -5.3998 2.9550 -8.8349
-358.7023 129.1307 -38.2194 47.4831 -13.6110 16.3379 -12.3642 -13.8023 -9.5015 -9.2935 -3.7167 -9.1449
-360.0665 164.2400 -41.2532 16.5281 -20.4316 -2.3649 -6.3111 -8.0647 -2.7269 -7.1121 -2.8243 -0.7229
-353.0731 131.6376 -49.9047 35.2165 -21.4978 2.1488 -18.8828 -0.5535 1.1655 -7.1950 9.5116 1.5084
-300.6804 124.7424 -75.9370 52.5198 -20.8031 -1.2945 -20.5689 -3.9618 3.4662 -5.7230 4.5183 -6.4681
-334.3506 152.7379 -51.7186 44.6293 -0.6657 5.3830 -23.1777 -19.9995 -1.6947 -0.0346 -2.4475 -7.0368
-327.5143 157.3509 -52.0772 39.9855 -3.8586 10.1894 -18.3351 -16.3164 1.0465 -7.7829 -16.6210 -9.0219
-316.0270 153.2864 -50.7387 27.0784 -27.2783 15.7684 -18.0758 -11.3947 -6.1755 -10.8056 2.3022 1.2236
-317.0369 114.2248 -74.2946 44.9219 -25.2689 16.6094 -13.3307 -2.2655 1.7218 -1.3031 7.2619 -7.0146
-408.5408 83.9846 -59.0666 40.7071 -13.5914 18.6418 3.3222 5.3632 6.3539 -0.2524 9.2980 -1.6179
-347.0598 144.7592 -73.4810 5.6858 -27.6547 3.5172 3.4278 0.9214 5.8514 0.3889 9.4965 -1.8407
-379.9570 109.6216 -46.6757 37.9362 -22.1944 9.0533 -10.3002 3.3561 2.8590 -1.6994 4.9963 -7.3370
-370.6484 130.6975 -44.8364 31.1386 -21.2407 3.0257 -6.4168 5.6602 -1.1439 -10.1007 4.2180 -0.6847
-353.0135 148.6797 -37.6051 23.9268 -28.2903 5.3631 -10.7890 -2.7878 -4.1726 -3.7087 4.6624 -5.2599
-366.9510 106.7605 -37.0171 65.2328 -13.4078 4.2321 -18.5729 7.3093 -7.9598 -14.1355 1.9910 -15.8443
-348.6682 135.8090 -43.2471 31.5796 -20.2861 4.7210 -20.3702 10.4984 -2.1899 -5.9448 7.7277 -11.3107
-387.0198 96.1003 -46.5873 51.6156 -11.2089 10.1970 -17.3840 6.5971 2.8055 -4.4085 3.1619 -12.4104
-365.0429 146.8079 -48.2080 31.8477 -5.9402 -13.9045 -18.9957 3.1638 -5.0892 -8.4370 2.3778 -1.9325
-364.6120 172.2305 -51.1390 -0.6461 -10.7781 -0.2147 -10.8443 -16.0832 -6.6074 -5.3802 -0.4226 0.6605
-371.7772 133.0037 -37.2001 39.8232 -15.8340 -2.6434 -17.7032 -0.1729 -1.6996 -3.9123 3.5587 -12.9886
-291.3867 155.5392 -77.4533 28.2209 -19.1126 -4.5623 -18.6280 -5.0079 -10.4959 -0.8217 3.9150 -4.1540
-298.5128 162.9036 -75.6187 21.4248 -15.5455 3.3330 -20.2284 -16.2167 -9.2877 -3.1421 4.1231 2.8908
-337.0062 144.5942 -47.3399 36.9506 -13.6700 13.8100 -17.2595 -12.2584 -7.1737 -7.1620 -0.6117 2.0602
-347.2342 147.5362 -40.3576 24.1907 -33.6896 5.2219 -7.2780 -2.2755 -0.9556 -3.0518 0.4800 -0.6500
-312.5092 156.4562 -64.0417 36.8888 -9.1920 2.0321 -20.1298 -13.9697 -0.0703 -1.4721 -6.4494 -4.5082
-293.4786 136.4094 -97.7225 14.9654 -33.6812 -4.0004 -4.2314 12.0792 1.5207 -4.7468 -0.5809 -9.6480
-341.8061 142.8662 -69.7623 25.4011 -13.7129 -12.9373 -18.0127 5.9817 0.3575 -4.9567 5.8255 -9.6358
-358.1171 136.9225 -56.3528 25.7726 -7.8669 -3.0821 -25.4725 7.8683 7.4044 -3.5088 -0.1239 -9.9405
-379.5159 149.4707 -35.9607 21.2611 -5.2580 9.8514 -15.3327 -6.7658 0.1615 -2.9395 0.5949 -5.6061
-337.3800 156.3217 -57.7778 15.0162 -15.7862 7.2530 -26.1614 -17.6009 9.0240 7.3991 1.6202 -4.1272
-333.6291 153.8491 -51.0324 29.5115 -11.9085 10.9345 -21.3274 -11.3254 2.9990 -3.9728 -1.1522 -4.1487
-340.6434 153.2655 -53.8291 38.6511 -2.5834 -1.2464 -24.9686 -18.3459 1.9369 -1.3695 -7.4767 -2.3816
-348.7986 146.1473 -60.4100 29.5637 -7.5082 5.0900 -9.0206 -10.0215 -0.1221 -1.1508 -2.5862 0.0091
-338.1517 143.5274 -50.5978 30.8440 -21.3155 13.4030 -16.4248 -16.3175 0.6963 1.5679 -1.5036 -5.9894
-323.2440 138.2822 -68.8403 27.2678 -21.6613 6.2876 -16.9757 -3.4846 1.7869 -0.5686 1.3243 -2.5589
-505.6155 96.9566 -14.1749 24.7313 4.2358 4.1433 3.0834 0.5026 5.7847 1.8611 3.5899 1.1955
-471.2780 106.6393 -15.9651 28.9154 -2.6882 6.0763 0.8865 2.8855 1.8628 -0.4876 6.6753 -1.7698
-380.1825 109.3604 -49.1869 45.5240 -4.7638 24.3772 -1.5511 3.3937 2.6386 -1.7264 4.9285 -12.3506
-454.9795 103.5230 -27.7626 32.4913 -0.7955 12.6363 3.4881 2.1866 7.1838 2.5502 5.9103 -3.3368
-428.4120 103.3982 -36.3624 31.8202 -10.3156 12.1441 -1.9289 6.4997 7.4624 0.0523 7.1259 -4.5774
-286.4046 144.6410 -57.6252 50.7524 -24.4751 18.7538 -6.7962 6.8663 -0.3699 -6.5382 3.3499 -13.5068
-333.4132 138.4286 -38.8447 45.2544 -19.5030 17.3300 -9.2673 3.7566 -0.1576 -5.4509 3.5251 -8.9624
-380.3545 125.1895 -51.3101 18.8398 -19.1970 19.2493 -0.4781 3.6246 4.9606 -5.6764 7.3911 -3.9269
-306.2257 121.6589 -93.4029 21.3049 -23.9930 20.4877 -13.0394 2.1964 8.9712 -9.5564 2.1935 -4.6449
-357.2844 148.5318 -62.8155 -4.6076 -27.2847 10.4795 -7.7346 -2.1583 5.8388 -0.4438 4.2942 1.7140
-450.0904 103.9423 -38.4917 20.1529 -10.1209 4.8983 -0.3110 2.0370 5.9703 1.9356 10.6448 3.0732
-363.8236 136.6612 -39.9749 39.1866 -12.6619 10.6865 -16.7117 -15.8084 -3.7465 -2.1510 4.1586 -4.2977
-353.6266 113.0843 -57.0750 48.1649 -20.4459 2.2482 -16.6139 4.2400 8.5932 -4.9542 2.0623 -6.9061
-387.8940 85.5638 -53.2440 47.8651 -23.1785 2.6547 -8.3866 19.9087 2.2315 1.0507 11.7667 -7.4228
-396.0636 87.6944 -56.7517 42.5818 -19.4430 5.5913 -6.2215 15.7349 8.3120 2.4435 12.6690 -2.5165
-322.6358 148.8546 -60.1014 13.6995 -33.8700 7.1620 -4.2278 2.5693 -4.0813 -7.3580 3.5128 -2.9139
-254.6195 150.0013 -78.7082 29.8022 -44.3589 17.5681 -10.7323 -5.0422 -7.6395 -10.5388 4.7256 -5.4658
-270.6342 157.6427 -66.6595 40.3827 -28.3360 24.1660 -5.2319 -7.5609 -3.9787 -11.8282 1.3104 -10.7311
-295.4303 148.0666 -63.4792 44.8967 -23.9164 16.0939 -6.1692 -5.3567 -2.3115 -8.4943 5.5173 -10.8705
-427.3545 126.8706 -21.8050 28.2823 -8.4472 10.8085 -3.5448 -4.3541 2.3916 -4.2095 1.4095 -6.1845
-354.0706 140.9707 -37.5451 46.8220 -6.4943 13.9086 -19.0719 -12.7517 -0.2140 -10.3064 -4.7656 -6.7879
-363.9625 128.7035 -43.8519 47.9138 -12.6133 -3.0103 -12.2211 5.9567 1.5905 -6.1749 -5.2550 -10.8964
-336.8416 138.9310 -51.0952 28.9954 -20.1995 9.1563 -13.1875 -0.4815 -10.5307 -3.5747 4.4732 -6.3298
-335.3834 157.6233 -46.2026 33.4190 -15.5140 -0.0475 -20.0815 -8.8365 -2.4064 -4.0784 5.7393 -10.2410
-341.8121 150.8598 -53.1483 39.5234 -6.8516 -2.3843 -17.1045 -13.0718 -9.2149 -4.1891 3.8737 -2.9111
-406.2736 111.3773 -41.5760 30.8055 -14.8643 12.2153 -6.5499 -0.8820 3.2390 -0.4952 7.5698 -3.8594
-343.4709 133.2488 -53.6062 33.9263 -22.0732 14.7753 -6.7652 -3.4707 -6.0016 -9.0218 1.2979 -10.2535
-332.4594 125.9503 -65.5065 35.3303 -24.4830 11.8497 -15.4830 -0.5637 7.8638 1.1160 10.6693 -7.8703
-464.9259 95.6240 -32.0080 27.5416 -4.9304 7.1149 1.3521 0.9695 1.1019 -0.9971 6.3059 -1.6029
-420.5865 103.9203 -45.2639 34.0577 -5.2913 11.4785 -2.0748 2.2856 2.8642 -2.5498 7.5740 0.2090
-337.7305 140.9023 -55.5954 27.0769 -18.9493 1.3421 -25.0677 4.1684 1.6631 -3.4166 7.9186 -7.8928
-321.9461 99.9666 -63.6546 41.0379 -27.7959 20.5100 -36.8018 2.0226 2.8280 2.0218 7.5114 -7.1246
-367.7358 120.8972 -56.9706 33.7871 -15.3436 2.0158 -18.7902 -13.0423 -4.7631 5.1821 6.6600 -4.1667
-354.7719 148.3398 -56.2100 7.8964 -23.8337 -1.2182 -8.8339 1.0791 -8.4526 -1.6552 10.1236 12.5468
-367.5175 111.3416 -67.3850 33.4836 -6.7642 15.8238 -10.0940 -2.6644 1.1875 4.3301 7.4932 0.1381
-377.6854 150.2988 -28.5506 13.2006 -26.5849 8.2820 -7.9222 -7.5465 -10.6981 -6.6813 7.8994 7.5385
-366.4651 144.9586 -41.4203 17.6247 -22.4955 2.0074 -17.9427 -7.8675 -6.5218 -5.5894 3.8855 -0.5582
-323.1971 175.6326 -56.4478 -2.6527 -32.4815 -5.3392 -10.0305 0.1635 -11.0072 -3.2715 11.0078 7.5242
-332.3785 163.6423 -53.5001 11.8025 -11.7421 4.4900 -30.3348 -7.9802 -2.3845 -4.4346 0.7927 -7.3436
-377.1978 160.3342 -40.2307 11.4565 -9.6731 -6.3868 -21.8517 -7.9999 1.2307 -4.4069 -5.1295 -2.3711
-321.4677 156.5195 -67.4281 35.0700 -7.6182 -3.7476 -16.7989 -17.9296 -10.4767 -7.1939 -3.7720 -0.6993
-405.5690 115.0466 -47.2817 30.7229 -10.9214 2.3426 -10.1115 -4.8082 4.0651 3.5636 6.1945 -3.1078
-353.7623 147.7126 -51.0837 15.1643 -22.3585 -10.2011 -20.1436 9.3095 -3.5040 1.5288 9.2703 -9.1684
-440.3805 112.9058 -30.0453 26.4086 -6.1580 2.6172 -4.8967 10.7039 7.0584 -6.1157 1.3087 -7.8275
-368.3465 147.8508 -48.0718 30.9297 -1.1885 -5.4218 -15.5190 1.0138 -2.8931 -8.2724 2.3126 -2.6830
-383.6943 123.1947 -44.1660 30.5348 -4.3952 5.8022 -28.2779 1.9331 -0.1675 -10.5092 1.2961 -0.6980
-336.1103 147.1939 -50.9377 32.2695 -16.1050 -1.0081 -27.4830 -6.2760 -2.2916 -7.5804 1.5990 -2.7938
-305.3232 158.0896 -78.6267 24.7851 -11.0522 0.6258 -15.2464 -7.5116 -10.3199 -7.8048 1.8904 -1.5472
-342.4995 134.9154 -60.4954 38.2265 -4.4817 9.3590 -18.6431 -4.9098 -5.4079 -11.7984 -1.3648 -3.4403
-331.5163 141.2544 -62.6571 32.7783 -6.7604 10.0714 -19.1046 -4.0805 -4.3945 -6.4213 -2.2398 -4.2042
-391.9322 125.6029 -39.4818 49.2872 14.8481 6.4023 -21.7932 -2.0031 0.9465 -8.3406 -8.0699 -12.3979
-352.2433 146.5772 -52.9480 34.8604 1.4436 14.3939 -11.7296 -16.8544 -8.8355 -7.1581 -4.5911 -2.9017
-391.9218 143.7938 -32.6810 34.3432 1.7937 3.1707 -19.1395 -15.9820 -9.0388 -15.4060 -4.0505 -4.3323
-364.6024 135.7110 -55.9303 16.8465 -18.1413 -1.6535 -14.6502 9.5756 -4.1862 -6.9789 11.0972 -5.0241
-343.8163 164.8678 -51.9665 21.0948 -6.9008 -2.2005 -20.6259 -6.6075 -2.3128 -8.6247 5.2567 -0.5650
-321.4011 167.2345 -64.8832 10.6629 -7.8831 14.6815 -25.3344 -23.7008 -3.8861 -1.7477 2.5819 4.5087
-324.0928 174.5387 -51.0621 19.9430 -13.5726 6.5206 -15.1612 -18.9273 -8.6120 -10.3288 -7.9432 -1.1061
-333.8947 148.5831 -57.2491 34.2592 -9.3713 10.3696 -16.7937 -22.0154 -8.9201 -4.5423 -3.8583 -0.8174
-325.0604 137.8010 -53.7871 36.8216 -19.6671 22.8153 -15.5062 -20.0921 -10.6376 -4.3233 0.6370 0.3227
-384.3310 143.9899 -46.5528 11.6784 -8.4210 8.9264 -16.4687 -15.7750 -3.6707 -2.4628 2.6000 2.0197
-367.2835 170.3285 -28.2548 5.3908 -24.0985 -4.3587 -18.0483 -5.7045 -12.4431 -13.9359 3.6022 5.5482
-333.0650 167.3684 -53.4449 9.0868 -21.2804 -1.9102 -22.7767 -4.1348 -5.8661 -10.6264 13.5593 4.9603
-353.8901 161.9231 -44.1108 10.3219 -21.2958 -3.4537 -17.8528 -7.7516 -5.4735 -0.0029 4.1283 2.9325
-340.3219 158.5168 -57.9262 15.9447 -22.6974 -0.5972 -3.3294 -11.6982 -10.6561 -5.7117 -4.5230 6.9318
-330.5490 142.8250 -66.0363 24.7709 -27.7880 10.4539 4.5793 -12.4345 -9.6972 -2.1847 -2.9103 0.1447
-336.2378 154.6118 -59.3499 24.1337 -20.2239 3.1621 -5.7929 -15.5158 -2.7640 -5.8184 -10.1897 4.5172
-340.2165 156.9820 -62.4067 19.7697 -16.1540 6.2771 -3.3168 -22.6921 -10.8697 -5.0398 -9.9169 2.6712
-332.7454 143.6408 -48.8246 22.8410 -36.5493 11.1364 -5.8431 -3.6123 -10.7299 -10.9610 -2.6394 3.0571
-331.5788 159.7084 -65.8463 23.3022 -9.7568 2.2078 -12.8066 -26.1615 -11.8892 -2.7682 -8.1011 -1.0621
-381.2800 136.1975 -36.8196 27.3009 -24.3877 4.7931 -2.5299 -5.9825 -3.3768 -6.4120 -1.0458 2.4234
-378.8407 155.8606 -32.4690 14.3642 -21.5620 -4.5022 -8.1710 -0.9523 -8.8547 -9.4410 3.5535 5.8565
-409.1316 116.2369 -37.8580 31.8407 -7.5114 5.9754 -14.2938 -3.7392 -2.2629 -4.7886 1.9798 -0.4900
-366.5912 140.2220 -48.6404 21.4367 -10.1181 9.4910 -13.8978 -4.4642 -10.3513 -7.2142 4.8156 -3.7692
-358.9629 144.8870 -44.0872 27.0685 -16.2675 2.7375 -14.7205 -2.0606 -4.8023 -8.3794 3.0340 -1.6922
-433.4266 115.5463 -34.6101 23.3608 -3.8195 7.7748 -10.8946 -2.8352 6.8591 1.7940 5.4341 -3.1034
-328.1097 164.3021 -57.5499 18.2922 -33.9662 -5.1141 -2.3415 -14.1089 -6.4919 -6.8212 3.8365 11.5683
-420.9947 141.9014 -32.6911 17.5167 -5.8568 -4.8411 0.7638 2.6647 -0.8215 -11.0815 -4.2206 0.8429
-345.2164 142.2169 -57.2374 26.8736 -23.5772 -0.6438 -6.3261 -3.4306 -8.4799 -10.1599 -5.0413 -3.6714
-387.9756 103.3733 -53.9507 42.2685 -6.5914 8.8905 -13.1758 -2.8744 1.4888 -3.9022 0.7882 1.7105
-333.8411 141.6052 -60.9865 32.6467 -11.8422 -9.6731 -29.6252 9.2072 0.5988 -6.6902 11.1861 -4.2197
-374.9884 124.5654 -42.1818 37.4238 -16.4287 -0.2392 -19.6184 -2.5663 -4.5969 -3.5943 6.9252 -3.5156
-458.4672 114.7479 -22.3386 28.3298 5.0089 4.3415 -7.4303 -2.3727 0.3762 -4.8945 -1.2636 -5.4021
-342.5685 172.5238 -45.1956 -8.5342 -34.6641 1.1934 -12.6600 1.7777 -7.7830 -11.0402 7.6369 5.0092
-376.0853 113.6517 -33.8210 31.1102 -28.3643 19.8599 -29.1127 -4.4122 5.8066 -4.3145 14.5839 -6.2511
-433.1709 136.9954 -23.3795 3.4816 -20.8339 -1.3917 -6.8145 1.8793 2.6550 -2.7906 7.2209 2.8981
-335.9479 145.7165 -55.0170 26.5975 -15.6651 12.9983 -14.7272 -0.2325 3.9237 -6.8865 -1.7214 -9.8175
-365.7331 129.8150 -37.6637 48.8821 0.2734 10.2012 -23.5371 1.4809 -3.1586 -12.4357 -0.8044 -17.6254
-355.5125 153.8872 -44.2936 26.2550 -13.3660 -4.0146 -17.7505 6.2464 3.5785 -13.0465 2.7187 -4.7094
-388.8716 144.8699 -29.0203 17.8325 -25.4518 -7.6041 -13.2550 9.3696 2.8851 -10.3151 -0.0487 -2.4106
-406.9286 109.4739 -39.1951 46.0634 -4.1437 -1.0500 -18.3714 2.2756 3.4536 -6.6649 4.6813 -10.1238
-371.5541 155.7725 -33.8911 6.6761 -36.3330 -6.2523 -8.8897 3.1388 -3.6893 -8.2725 3.5546 3.3961
-413.3618 128.0745 -33.6691 28.4868 -8.0062 -3.6855 -10.8607 7.5347 4.9832 -12.2148 -2.7585 -6.5092
-356.6599 149.6262 -41.8382 31.3758 -11.0657 2.0463 -22.4008 -5.8076 2.2160 -9.5276 -0.4029 -8.0289
-364.7867 144.4734 -34.3770 34.9533 -13.4279 6.8020 -20.5605 -14.4389 -9.6294 -12.7209 -0.3380 -6.7525
-392.2193 136.9660 -24.9144 43.8376 3.6851 10.9368 -23.7079 -17.8721 -4.0824 -5.5883 -6.3715 -16.1351
-485.2374 84.0351 -26.9170 30.5937 -2.4357 10.6146 2.7638 3.7678 6.7576 -0.2272 6.1247 -1.8390
-452.1000 86.0455 -37.5740 31.4436 -14.1461 14.7443 6.4616 6.5813 8.8811 -1.3942 6.1966 1.2794
-396.4857 140.3406 -29.0707 26.8870 -4.0065 9.3996 -15.3422 -7.6675 -2.0101 -1.6087 7.5560 -2.6935
-331.6953 147.6354 -59.9024 30.7592 -18.6238 2.9014 -10.5973 -11.5249 -6.6379 -0.0214 1.7996 -4.4504
-313.0475 157.0803 -81.1407 22.5530 -23.6646 -5.5037 6.7407 -16.5191 -13.1009 8.8475 1.3092 -1.0651
-323.2788 161.9319 -64.5150 25.3719 -19.1665 -0.2717 -3.2711 -17.9793 -9.0630 0.8371 -6.8097 -6.5302
-396.9682 129.7419 -43.2309 50.4449 4.4268 -9.0178 -7.8057 -13.3869 -0.3908 -4.9375 -17.5127 -1.1281
-347.7680 136.9099 -66.6117 28.1499 -15.1540 -3.3937 -16.5820 -13.7798 -0.0916 3.2055 -1.8571 2.1550
-363.7599 127.9630 -57.8826 53.8249 7.3921 -0.2276 -17.0383 -14.9299 -3.0501 -4.5253 -13.0756 -6.3298
-324.0136 138.1075 -78.1245 37.9327 -11.7998 6.5953 -9.3993 -29.2179 -6.8464 5.4682 -8.6864 1.4507
-314.7540 135.8763 -64.4097 43.7531 -27.6062 4.6920 -12.7924 -13.4893 -0.6192 -4.3231 -12.9681 -9.8154
-312.1341 120.6869 -67.2327 34.2920 -43.6890 19.0521 -9.9324 3.7708 0.8642 -20.7267 0.8358 -1.0521
-315.3505 134.3311 -59.4115 31.0340 -45.7985 9.5476 -6.9511 -1.6347 -7.2741 -19.1802 0.7676 1.1919
-321.3087 116.5011 -66.0332 45.2428 -22.6374 22.3900 -18.3622 -5.0453 -2.9696 -10.8984 5.9956 -4.8731
-320.1678 95.4028 -63.5150 63.2296 -24.7995 25.6192 -26.0734 -1.3238 3.8236 -8.5317 8.4026 -9.3144
-339.6300 115.0289 -57.2717 42.5152 -21.4048 19.4446 -23.8953 -7.1849 0.3629 -7.1134 1.6823 -13.4496
-314.6408 108.3698 -72.8118 55.1802 -19.7961 22.7815 -19.7716 -15.5351 -2.5046 -1.2595 -0.8138 -13.9147
-318.5965 110.6440 -65.6922 52.0720 -24.8788 22.0402 -16.7231 -8.0558 -9.6108 -8.2668 7.5009 -6.2886
-333.8396 78.9287 -66.3098 60.8026 -30.3322 29.2943 -8.6699 11.0659 3.1498 0.3156 13.0611 -5.6327
-339.9473 122.2024 -56.8879 42.6619 -17.1254 16.3005 -18.1905 -7.3790 -3.4849 -5.4375 3.5881 -6.6813
-329.8475 111.8592 -68.3699 48.0389 -20.2244 15.7850 -15.6173 -9.4969 -1.2572 0.4035 6.4705 0.8111
-285.6257 131.8217 -81.6341 40.9901 -29.7952 6.8439 -25.6858 -18.3909 3.3591 3.3751 1.9615 -0.1891
-303.2621 140.9531 -68.3428 34.0570 -26.5707 8.1752 -20.3321 -15.6866 -7.4921 -1.4877 0.3620 -4.1223
-310.5789 156.0111 -60.6502 29.5463 -16.7312 3.7782 -22.9362 -16.6149 -13.7787 0.8205 -1.2534 -9.8453
-342.0318 158.4572 -44.6771 30.4725 -14.1465 -10.5460 -27.7305 -12.2534 -5.4908 3.3306 1.1834 -7.0104
-374.2479 167.1137 -41.1729 21.1664 -3.7324 -2.5741 -12.3880 -35.9232 -3.9777 16.5184 -2.1170 0.7868
-368.2060 157.1063 -43.0148 21.5324 -7.1756 -1.3850 -18.0797 -13.6012 -1.5233 0.2694 0.1882 -2.3259
-405.3183 152.3676 -22.2631 10.9949 -18.8972 -2.1661 -0.3976 4.5210 -6.1520 -8.2815 -7.6166 -9.9794
-355.1120 167.2444 -49.4223 3.4069 -16.5878 -9.5745 -21.8587 -2.5490 -4.4571 -6.8354 -4.6893 -2.6033
-417.6822 115.8389 -31.8899 41.8455 -0.6910 3.6777 -11.8015 -10.1723 -10.4484 -2.8664 4.0803 -3.5312
-396.8390 144.8431 -21.1571 33.5086 -7.6995 3.1438 -11.0175 -9.6940 -8.0296 -10.7018 -4.4280 -9.2500
-318.8889 131.7085 -68.9607 51.9164 -11.3195 -3.1470 -21.7796 -17.2642 -4.1607 0.6223 -10.3976 -3.4645
-330.2770 139.8318 -62.1579 43.4521 -11.9115 1.8913 -16.5584 -17.2638 -2.6924 0.2128 -4.5025 -2.8753
-380.3957 133.8727 -58.8858 21.5843 -17.2311 -9.2226 -5.8093 -10.6869 -5.3546 3.9438 5.1810 -0.8349
-392.4111 124.3571 -48.4691 23.0754 -18.8359 7.4653 -5.5900 -7.6376 3.4278 -3.5316 0.9957 3.0969
-311.0702 151.8075 -60.7201 34.1596 -26.5981 0.5874 -15.1396 -7.3505 -7.3743 -10.8336 -3.8043 -5.1141
-337.2913 147.5076 -61.2440 39.8221 -6.2031 -1.6966 -12.3737 -10.3245 -7.8327 -9.9115 -5.9467 -0.3339
-326.9991 151.1748 -74.0659 23.5805 -15.9866 7.5348 -11.6897 -24.7443 2.3590 -2.1858 -3.6862 1.1433
-306.5409 120.8779 -71.9681 54.8662 -12.7397 8.4711 -24.7876 -13.0775 -7.9596 1.4821 -4.1078 -14.2917
-302.5190 146.0599 -75.6094 32.4104 -18.8397 1.1040 -23.2509 -4.5836 -0.8190 5.2795 13.6801 -12.2169
-290.8503 172.5054 -76.5206 11.1113 -32.6886 -8.8360 -13.8185 -7.2560 1.0402 13.8894 12.4153 -4.6902
-305.3845 144.1724 -67.1314 44.9438 -8.0039 0.9989 -31.0769 -6.5914 -9.0038 -6.8455 4.5049 -17.3551
-343.0204 142.3460 -62.8607 35.8082 -3.2696 -2.0778 -21.1645 -4.7373 -2.9983 -4.6958 3.5065 -9.8750
-370.3047 138.6308 -68.8159 20.4834 -16.4326 -2.9892 5.2842 -12.1401 0.4127 0.3318 3.8967 3.9987
-316.5939 150.3556 -71.6738 19.4989 -25.0273 5.3758 -17.4031 -16.2145 0.0181 -0.3627 -3.7335 0.1616
-330.8041 150.4299 -49.8243 38.6063 -16.1106 8.0800 -15.4126 -16.4214 -5.0607 -10.1360 -6.5509 -1.9247
-327.0355 131.6818 -55.4316 42.5180 -24.3257 11.5565 -21.3188 -14.0939 -0.2293 -10.5527 -2.8725 3.1376
-299.1047 150.4406 -79.4795 28.1393 -34.8323 -2.9390 -8.2191 -20.2684 -1.9786 -3.9025 -2.7909 8.4903
-310.3409 152.0227 -69.6380 32.1082 -22.2115 1.4819 -17.2245 -21.0278 1.0604 1.5781 -3.2512 -1.5521
-353.1357 157.8932 -47.6909 32.7373 1.8284 10.0732 -11.5876 -21.6347 -6.1935 -3.1698 -12.3297 -7.3351
-355.1031 126.1615 -59.5298 20.6673 -25.7624 16.1448 -12.1289 -0.5541 10.4013 -3.0007 3.4226 -1.0018
-381.4861 162.5616 -41.5567 2.8001 -7.9961 -1.2408 -20.2260 -8.9114 -2.1819 0.4715 9.7593 2.7882
-373.0988 162.2776 -48.4269 12.9535 -4.9604 2.6837 -2.5035 -15.1839 -13.2111 -8.6934 -5.2188 3.0744
-342.4458 158.9630 -70.3727 10.8648 -14.4764 0.6285 -4.8627 -15.5054 -6.1783 1.0019 4.7859 5.6579
-330.2733 145.5578 -71.2054 42.5673 1.7932 -0.3099 -17.2729 -17.4315 2.9660 1.2470 -11.6114 -6.4302
-364.5950 128.6472 -65.1704 41.5852 -6.1512 3.3625 -9.7935 -24.7897 7.7115 0.6316 -16.1592 -4.6491
-328.6366 129.4685 -63.6306 43.5374 -23.2353 11.7871 -8.5069 -13.6827 -2.5611 -8.8599 -2.1910 0.9803
-375.4865 114.5030 -59.2721 49.6708 -7.9137 -4.1971 -13.2460 -13.5892 6.7238 3.2222 -1.3293 1.1790
-363.4352 137.4778 -59.5627 37.7486 -2.8050 -3.5140 -18.2928 -16.6831 -1.2651 -0.8761 -1.3601 -3.4948
-414.5435 109.5124 -34.8462 34.8727 -17.3882 8.7658 -0.6353 5.7827 1.8194 -7.2820 3.8747 -2.1594
-383.6825 143.1079 -42.8495 17.9663 -22.7805 -1.3775 -1.1386 -6.4531 -4.2031 -2.0839 0.7797 4.1462
-424.0091 120.9734 -35.1274 27.5767 -2.7244 4.5736 -8.8727 -1.7974 5.0416 3.5776 5.7059 -3.0623
-333.7250 145.6347 -48.2861 21.0384 -32.8406 8.4487 -13.1091 2.1688 -2.0535 -5.7451 6.5691 2.4945
-351.7108 143.5687 -54.3539 26.4550 -16.0424 9.4068 -10.6098 -13.8530 -2.9295 -5.1058 -0.5421 0.1929
-372.2227 165.2385 -43.0815 14.0671 -10.6522 -3.1850 -8.1129 -15.6332 -4.9419 -3.4062 -4.4498 2.2171
-348.8507 127.1219 -55.4695 59.9267 2.5297 7.1477 -19.3414 -25.0145 -7.2508 1.3751 -9.0519 -12.2354
-348.0083 128.9999 -70.5705 65.4423 10.0152 -18.6192 -17.8950 -17.3746 -2.0127 2.8423 -8.8966 -4.0193
-345.9041 128.7165 -76.1156 35.3238 -14.0716 0.4209 -2.5894 -5.9888 1.3294 -3.9498 -0.1237 4.1802
-328.6864 155.3543 -78.6748 10.8784 -18.6115 4.8293 -2.3654 -15.2149 -0.0687 1.1880 -8.8303 2.7502
-324.4688 127.2178 -71.8171 49.4696 -9.2851 13.9261 -13.6066 -22.3847 -3.0651 4.0195 -5.7844 -7.4038
-334.6556 154.6659 -68.9827 24.7774 -12.5647 3.1836 -0.6713 -15.9827 -6.8471 -4.0147 -8.0304 0.7273
-341.2278 130.4468 -61.4174 47.4289 -9.0911 7.9444 -14.7695 -14.2273 -1.0332 -3.8781 -4.7278 -6.3649
-326.4067 135.9513 -62.9872 32.9810 -26.4219 7.3182 -14.1879 -9.5375 0.1245 1.9865 2.1279 -4.4208
-326.5469 148.7955 -67.4618 31.1190 -15.6076 5.9324 -9.9531 -19.7430 -2.0490 0.9718 -9.3683 -7.9500
-339.0199 151.9832 -61.2196 31.8476 -21.9682 -6.2509 -1.0755 -16.6734 -5.4241 3.2453 1.6931 -4.5290
-333.5085 142.8392 -65.5659 44.7713 -6.2130 1.9980 -10.2673 -18.9269 -8.7179 -4.7376 -6.0229 -2.7844
-349.7706 132.1668 -48.8204 42.2269 -4.4055 17.4997 -29.2832 -19.2042 4.0102 -2.5151 -5.7229 -0.2977
-365.6492 163.4488 -45.8754 20.9810 -7.0509 0.5324 -7.7089 -23.7366 -6.3170 -2.4706 -8.4822 1.2819
-384.8748 116.4105 -48.6549 48.4005 -4.7427 0.8885 -20.4032 -16.6824 2.1899 1.3325 -7.8742 -3.5568
-330.9393 164.5132 -56.9347 14.9524 -10.8648 2.6247 -27.6421 -18.2999 -9.7402 -3.6968 4.1294 1.9382
-372.7913 142.9032 -38.4391 24.4693 -19.4119 3.1464 -10.7152 -5.0762 -4.4880 -2.3658 5.3174 -8.1499
-285.7207 155.8547 -80.0923 11.5549 -35.4488 9.6024 -20.1832 -4.1689 8.6409 -4.1487 4.6252 1.4529
-380.8221 138.2160 -51.4798 27.1323 -3.5265 5.5637 -18.3889 -20.9398 1.8167 -3.1601 -1.7340 0.9979
-321.6530 160.3571 -53.1287 21.7160 -21.0359 5.4012 -15.0422 -2.5275 -3.9385 -8.6795 3.6749 3.3409
-334.8106 142.9362 -51.8803 47.0514 -10.5497 -1.7894 -21.2709 -8.0285 -3.7305 -9.5894 -1.6755 -9.1999
-335.7841 151.8387 -56.7480 26.2352 -8.5273 9.3964 -21.6956 -9.2107 -1.8909 -6.1753 2.1093 -4.2737
-330.6149 151.8684 -60.1182 28.9063 -13.2525 3.6655 -16.9643 -11.2315 -5.6527 -2.2174 8.5233 -4.9308
-332.6143 161.2687 -62.4047 21.4755 -11.9281 -3.5046 -16.0525 -5.1890 -4.7516 -12.2162 3.6035 1.7580
-383.0587 137.2439 -34.7195 18.3844 -24.5258 8.8623 -4.0410 7.0576 -1.9409 -10.3457 0.9905 -3.2066
-339.4125 170.1887 -46.0111 0.5556 -29.5985 -1.9426 -20.0215 1.4766 -2.7327 -11.5448 9.0886 3.0940
-326.2395 140.8559 -61.1130 37.9877 -11.0733 6.2744 -23.4050 -4.7430 -7.7202 -18.7054 -1.1016 -8.5631
-375.3119 157.2676 -33.3085 18.4374 -14.5024 2.6167 -14.5284 -9.2735 -3.4023 -13.6866 -6.2575 -2.6886
-359.5053 136.2628 -49.8911 36.0121 -9.7536 2.8059 -21.7427 -12.8864 -9.1400 -3.4379 10.2005 -3.5623
-379.1625 134.1252 -42.9975 29.4969 -8.5448 -1.5022 -35.3140 -12.1309 4.7572 -4.6992 7.3016 1.2095
-348.3183 155.3842 -39.0698 19.2513 -32.6674 -6.8431 -15.6534 -0.9418 -0.9797 3.2364 4.9730 -9.4217
-404.1515 129.9504 -24.9218 40.1443 -10.7573 -9.0676 -11.9698 7.6150 -2.3698 -6.8585 -0.4831 -10.8461
-360.9948 132.1973 -46.3366 34.9337 -14.1885 5.3146 -13.1109 3.3760 -1.5317 -1.3569 6.2381 -10.2795
-409.2562 160.0273 -9.2493 21.9237 -16.8491 -15.3753 -8.7524 5.1009 -1.6824 -5.5106 -1.0951 -9.0164
-360.6291 170.1417 -48.2465 -10.0549 -24.4252 6.2888 -12.8254 -14.1678 4.1373 7.4876 4.5443 0.4127
-419.9979 155.1721 -28.9940 6.8893 -7.9679 -4.0891 -3.5030 -8.4902 2.7275 3.9693 5.8038 -1.6759
-381.4430 157.8370 -49.1405 -9.6330 -20.6634 3.0050 -6.6433 3.1855 4.0112 -0.8069 9.3209 0.8790
-390.9930 155.2282 -25.4937 18.9838 -15.5833 -9.9100 -15.5828 4.6327 -5.7306 -11.7533 6.6029 -7.4434
-412.9289 143.9788 -19.1283 29.0827 -6.2969 -0.6304 -9.9124 -6.0859 -3.3338 -5.9065 4.9349 -1.0604
-376.7144 153.1929 -43.6642 34.6454 6.7699 3.8036 -10.2293 -19.5413 -5.4428 -8.6667 -10.8579 -0.4808
-439.1299 129.0089 -32.9387 18.6854 -3.6993 2.4138 4.8762 -8.7173 -1.8627 3.8971 -1.8393 -1.3904
-356.9786 156.7172 -58.4137 0.6252 -21.7711 -0.3726 0.0029 4.5699 -7.3038 -5.0880 1.7145 3.3625
-388.6710 138.9785 -32.8920 31.5925 -11.3952 -5.7969 -12.7324 11.6441 4.8476 -10.7619 -2.6933 -6.6684
-368.3589 144.1890 -41.6055 31.9976 -19.2506 -9.6454 -7.9133 12.2716 1.4239 -13.3235 1.5024 -7.8016
-343.7137 116.4522 -68.0038 39.8656 -26.2753 15.0664 -6.4744 -15.7735 -7.8521 -7.3158 7.5872 -6.1261
-486.0843 103.2996 -18.6085 26.4110 5.5722 9.9499 2.4694 -2.8800 0.6619 -4.1544 1.8558 -1.8012
-488.6899 79.0481 -28.1877 29.7610 -3.1514 12.4845 3.7514 4.7760 8.1308 2.0282 6.1024 1.0651
-424.2805 93.1281 -44.4352 40.4904 -8.1275 12.8417 3.0333 7.5746 5.0382 3.0742 7.8855 -5.0243
-391.3732 112.7452 -48.6073 32.1640 -13.1620 11.8122 -6.1191 5.5840 5.0865 0.2556 8.8848 -3.9455
-448.2831 89.7146 -36.2999 33.6878 -4.0682 14.4411 0.8625 6.4887 6.6857 2.9122 7.6102 -2.8678
-350.5851 119.8461 -50.8585 46.5853 -23.4766 19.2601 -1.3708 -1.9011 0.5781 -4.4687 9.5094 -4.8774
-348.8116 109.0485 -55.4988 45.2300 -28.5894 18.2388 -10.7148 0.1901 3.0159 -7.2994 11.3405 -6.5578
-339.6162 101.3418 -60.6153 61.6115 -18.7719 18.7019 -18.7191 0.2041 5.4018 -12.4050 3.0731 -14.3245
-296.5811 143.1270 -57.5450 46.2194 -23.5298 8.3433 -30.3220 -6.7163 -0.2438 -8.5329 -0.1693 -9.2094
-314.1652 103.2636 -59.8080 64.2057 -24.1734 25.3663 -21.0123 1.3893 -4.0793 -15.7247 2.7337 -12.4299
-324.6688 112.8705 -58.6815 51.7106 -26.5656 21.3454 -16.0293 -2.3034 -4.3359 -9.5029 10.9042 -5.8925
-298.5433 109.8217 -69.4786 57.5349 -33.6714 21.2326 -10.4437 5.0872 -3.7531 -8.6213 8.8568 -8.6828
-361.3622 80.6665 -65.7531 55.6711 -22.3153 24.8292 -1.3258 15.1250 5.5814 -4.6386 11.3600 -7.6736
-333.1572 132.2233 -58.2365 37.7681 -21.0440 14.4202 -14.1847 -12.8984 -12.6235 -10.3303 7.4781 -1.8023
-301.2891 132.6611 -65.3725 47.1713 -25.7037 14.7828 -19.7182 -15.6916 -8.4956 -3.6181 3.7129 -6.7937
-292.9597 126.3176 -69.9963 50.2367 -30.4576 21.1438 -16.2829 -14.1424 -7.7020 -8.9658 0.6663 -10.3464
-298.9650 121.7194 -70.5225 53.2779 -30.4811 19.8132 -9.8573 -16.2929 -12.1536 -11.1865 -3.6259 -9.3399
-299.6813 133.2005 -72.9936 31.1073 -36.4997 11.4012 -4.9366 -0.9977 -12.1678 -9.0589 6.0685 -1.6134
-321.7939 120.1640 -72.7004 56.8948 -10.1915 7.5937 -10.8627 -19.1844 -6.5385 -1.4381 -11.6476 -0.0264
-272.0974 108.2018 -79.1733 56.8653 -36.1367 17.3637 -16.6498 -5.0295 -13.6437 -12.5270 2.5727 0.6269
-321.1618 134.7539 -70.0833 40.2353 -23.2177 7.3340 -6.4136 -9.9082 -6.4756 -8.6522 0.7233 -2.5843
-284.2961 127.2387 -70.4646 49.3715 -40.8600 10.8918 -14.0052 -7.9694 -5.7530 -10.8337 -1.0665 -3.0886
-333.8942 107.8701 -65.2899 55.4359 -19.9424 19.1906 -9.9002 -4.6295 -2.5313 -8.9218 2.5392 -7.4998
-319.8211 135.6845 -72.3084 44.6486 -29.8215 -4.5972 9.6742 -9.7219 -10.4296 -3.6683 -8.8599 6.5712
-338.4578 137.7564 -50.1877 47.5600 -30.0710 -3.9291 1.6198 -7.7364 -3.8935 -6.4524 -9.5889 2.1267
-306.7172 126.3576 -60.2515 44.6186 -45.1458 12.5079 -4.8481 -3.8025 -6.0771 -14.1319 0.7015 3.8026
-329.4612 121.9894 -68.3614 52.6477 -10.1016 13.4010 -15.7496 -21.6276 -1.7535 -1.6974 -10.7714 2.8494
-315.3504 134.1638 -66.6789 42.2891 -20.7531 20.0006 -14.1479 -25.9750 -2.7455 -5.0855 -3.1276 4.6114
-336.1946 140.9876 -55.7185 39.8120 -22.1995 10.0308 -5.6383 -18.3832 -1.5712 -6.0271 -7.1412 2.4174
-326.3150 118.7899 -59.4356 59.8298 -17.1885 11.9398 -12.9832 -7.5166 -1.0227 -7.0854 -10.1586 -0.4554
-334.9185 120.5439 -61.1507 52.1599 -15.3894 15.1726 -13.4027 -18.2923 -6.8366 -4.8216 -0.4842 5.5332
-326.8431 125.1280 -68.1089 48.1493 -17.0290 4.3361 -22.5460 -16.1011 -0.4538 3.3888 3.7766 -6.2982
-282.2158 143.6743 -59.1622 33.2964 -41.3392 16.0426 -12.2205 2.3018 -8.3976 -11.5409 6.8418 -2.0792
-292.5411 138.0897 -63.2344 33.2860 -28.7189 15.2873 -26.0961 -2.0880 -4.4170 -10.7725 4.9451 -2.8753
-344.3418 121.9858 -55.0978 60.6435 4.2370 13.5819 -23.5417 -1.3266 3.8333 -11.2015 -6.3999 -21.7351
-332.7990 150.4483 -48.2096 43.6196 -7.6904 12.0076 -9.1421 -10.5798 -14.5698 -16.5605 -4.7463 -5.2082
-324.4940 163.5556 -49.2000 33.5269 -23.6907 -1.9111 -3.9637 -6.9390 -1.8354 -10.3640 -18.4216 -4.2672
-329.8801 158.1810 -60.6095 32.9034 -6.2002 7.0008 -6.2858 -20.2608 -9.4862 -1.8044 -13.5037 -6.2354
-313.9297 150.4972 -70.1608 38.7193 -8.2391 6.2082 -13.7847 -20.6533 -3.8954 0.1506 -12.7892 -0.5318
-264.6749 130.9653 -84.7870 49.3715 -25.0947 1.7346 -17.9689 -7.5216 -1.8494 -1.1111 -6.1098 -2.6719
-443.2160 127.7680 -20.3339 25.2372 -3.0850 3.9865 1.0321 -1.7842 -4.2828 -10.9125 -3.7840 -2.4269
-318.3583 156.3413 -65.4827 39.2342 -9.9974 -8.7378 -15.3952 -15.4696 -4.5853 -6.5501 -12.1289 6.2308
-354.2838 148.1691 -39.3412 27.6942 -22.8723 -4.0072 -19.9720 4.5654 1.1611 -6.2617 8.2707 -0.8067
-439.8775 134.2206 -29.6374 15.6316 2.0466 -5.2733 -12.8601 -1.4336 2.7174 -3.7079 5.6980 3.1192
-439.6448 134.0201 -17.8826 27.6017 0.9511 -12.7346 -16.9266 3.7658 2.0085 -1.8684 2.1426 -4.1254
-435.6868 123.1266 -34.7122 20.8920 -10.7701 -2.4171 2.6317 -3.3910 -4.9627 -3.7414 9.1529 9.3297
-401.8683 121.1427 -37.5648 43.0065 0.2859 -0.8211 -12.6893 4.8206 4.6459 -1.8770 -0.3040 -7.3172
-408.5519 105.6228 -31.2595 45.0975 -11.1401 10.4079 -13.0978 4.8049 2.7910 -9.6592 2.4466 -11.3758
-359.8138 139.7504 -51.4927 35.0895 -11.2667 -13.1734 -17.3591 12.8753 3.9456 -5.8145 7.1281 -4.9823
-384.1592 116.2155 -39.7239 43.6000 -10.2726 -1.6557 -23.6384 12.6956 3.5929 -10.5818 6.9231 -7.9978
-376.1150 136.9535 -57.8520 6.9433 -14.2168 3.6490 -5.2775 10.1006 -6.5825 5.4495 14.1942 -12.1224
-336.7553 165.0138 -54.2081 24.1318 -22.4256 -18.2491 -4.7782 4.6611 -6.9542 -8.6639 -6.2772 -5.0401
-361.6836 111.7740 -59.5381 69.9114 9.2213 5.4546 -10.5305 -8.9142 -1.9709 -10.6675 -19.0915 -7.0085
-330.4334 154.7469 -73.6911 18.4743 -30.6768 -8.4728 15.5024 -2.6233 -6.6691 -7.3242 -9.7960 3.6140
-311.4146 161.0991 -78.9765 13.6672 -36.9827 -8.9020 16.3299 6.5818 -3.8211 -8.7364 -10.6502 2.6101
-291.5334 139.6534 -80.3566 12.6766 -53.2537 1.6364 -7.8260 -0.3882 -0.0407 -1.2359 0.1509 1.1144
-342.0355 153.3700 -47.3612 19.7131 -40.5818 -1.4566 -3.4553 -7.9223 -2.3504 -5.6217 -6.3126 -7.5265
-302.9821 142.9463 -73.0314 41.1759 -28.9588 -7.2595 -13.2950 -12.0643 -0.2976 -1.6247 -3.8283 0.8630
-317.8007 138.9900 -61.9379 23.1182 -43.5141 10.7535 -7.4352 -3.5698 -2.1637 -13.9616 -1.7937 0.6459
-386.7723 119.5485 -62.6558 39.2334 4.0390 -0.0131 -13.7013 -10.7420 3.0295 2.7940 -2.3129 -9.2474
-333.1708 144.7956 -75.2890 22.9343 -25.9942 -0.2396 -1.4944 -10.1232 4.9384 1.0459 1.7616 3.1747
-344.0345 135.5205 -61.2803 37.2472 -28.2073 -3.5907 -7.5780 -11.0202 5.9097 -1.7041 0.7575 1.4037
-351.3040 134.8964 -55.4805 35.5643 -21.9849 4.8200 -7.6927 -12.2580 -3.8723 -9.9986 2.5898 9.2574
-349.5092 119.1547 -58.9701 51.6666 -13.6297 6.8156 -16.2912 -15.8488 -3.2866 -2.6613 -3.2547 -2.1612
-338.0205 124.7512 -76.4609 22.6622 -22.4307 8.0269 -6.0849 7.4790 -3.2788 -9.2434 5.9932 -0.5283
-382.8133 123.2750 -46.6634 25.4450 -15.6323 2.8230 -22.4788 -0.0277 3.5669 5.1304 12.1104 -9.5053
-394.6382 151.2437 -41.4393 7.0034 -17.8014 -2.2192 1.9162 -5.1010 -7.8462 4.4538 14.8311 -0.2017
-402.7478 110.9295 -51.1026 39.7176 -9.8515 -3.6116 -8.0889 -0.7211 6.1757 3.6431 5.7673 -6.6033
-347.6365 150.9085 -65.7457 11.6701 -17.7025 1.1652 -5.5426 1.9682 -0.5732 -2.9031 9.8225 -2.5681
-394.4397 118.9501 -30.0893 48.9731 -16.6330 5.7421 -9.0559 -5.9768 -0.2545 -11.6257 -2.5594 -10.0828
-406.8082 134.2873 -36.2275 28.8381 -11.7360 -0.0666 5.5763 -4.3027 -9.1089 -12.5393 -4.3735 1.1449
-344.4129 143.4318 -52.6078 41.1409 -22.2799 3.3755 0.7465 -14.6199 -8.4733 -13.9483 -8.9745 1.4943
-344.5848 134.0504 -51.7191 47.4496 -22.8632 1.0141 -3.3043 -9.7817 -1.0779 -4.3020 -12.3100 -8.3535
-318.9213 136.3426 -77.5914 48.6189 -6.5704 3.5985 -15.0037 -23.7458 -0.9611 2.5711 -1.4644 0.3830
-336.7058 142.6602 -66.7631 35.0757 -17.4746 -1.1027 -4.5775 -12.1911 -6.7295 -1.9521 4.7068 2.4672
-377.6121 142.7823 -55.9684 26.3399 -5.9806 -8.1318 -7.0752 -8.3841 -4.6375 -0.6620 2.8745 -1.3962
-315.4771 137.8282 -80.5111 45.0214 -8.8349 -11.6779 -22.6548 -7.8286 -3.8843 -4.7301 -2.1216 -5.0060
-293.9797 161.2055 -65.5328 12.4905 -40.5518 -4.3745 -15.3730 6.4002 -9.0748 -1.4706 2.6462 -11.9138
-340.6494 131.9351 -78.9910 29.8756 -27.5329 -9.0666 8.2300 5.1436 8.2116 1.0210 -5.2925 -4.6415
-405.6859 139.1132 -23.5544 32.1600 -10.6623 -9.8597 -11.4620 6.4533 -1.3389 -7.3815 5.4030 -1.2380
-352.6681 155.2198 -49.9300 10.7609 -20.1629 -1.9029 -16.1598 3.7698 -0.5989 -1.7826 8.7962 1.0278
-383.4198 93.6301 -35.0562 68.0171 -13.1415 1.2788 -22.6527 15.3477 -1.4848 -17.1163 10.1895 -4.6177
-364.9648 113.3979 -53.9387 46.9925 -13.0018 1.6602 -16.2865 10.0885 5.5847 -1.9157 7.4558 -11.0954
-330.6324 130.1134 -66.0221 47.0739 -7.5079 -0.2097 -22.7009 -9.0835 -7.4548 -1.5950 -3.1588 -10.6850
-329.6186 150.8532 -73.0385 34.4656 -8.1375 -6.0013 -1.8679 -11.3282 -14.9151 -1.4903 2.4907 -1.0783
-275.6828 120.9877 -80.8831 44.9346 -31.5382 21.5612 -18.1246 -9.9559 -8.3873 -2.7508 4.1902 -8.3327
-311.2705 157.0804 -66.8369 32.0031 -12.7695 6.0463 -9.7783 -20.3440 -8.0527 1.4890 -8.8623 -6.0528
-297.7164 151.5641 -70.5526 23.8227 -25.4568 10.3332 -15.3916 -8.6757 -10.1179 -4.6127 3.9233 -4.5608
-293.4653 140.6079 -68.3119 35.2883 -34.3246 14.8275 -11.9618 -2.9113 -0.1405 -6.7017 3.2930 -6.3609
-384.8266 86.0679 -52.3141 51.5086 -23.7159 14.5795 -4.7054 3.5228 0.1659 -0.8759 13.6944 -8.6674
-320.6305 126.1636 -70.6384 44.0617 -18.8166 19.7406 -5.2105 -1.6551 4.4684 -6.6162 3.2198 -5.5959
-384.0604 113.5220 -52.4008 36.1744 -14.5502 14.3017 -3.1142 -0.6780 3.6747 -5.4510 3.8906 -5.6866
-477.1177 95.3689 -25.4865 28.9643 -2.3868 6.4201 3.4583 2.0618 2.9437 -0.1665 5.2698 -0.2179
-420.1824 105.6275 -48.6440 37.0566 2.0359 8.4403 -9.0525 -10.4139 -3.4334 -3.0025 2.2291 -3.2185
-375.9661 124.7083 -31.2344 50.0493 -7.0512 9.8685 -14.5427 7.0282 -3.3087 -11.3996 2.2207 -5.6783
-313.4644 131.0236 -71.3118 43.2182 -20.3813 14.8153 -8.9349 -3.1335 -3.8477 -13.7864 2.5989 -4.2794
-316.6802 132.4324 -69.3557 42.1572 -23.8024 14.2160 -5.9244 -7.2731 -2.3445 -7.7460 1.7699 -6.7528
-307.7458 137.9678 -68.1211 46.4751 -17.1489 18.3521 -5.5952 -6.5802 -2.7415 -5.7658 3.2766 -13.1753
-403.8092 107.4712 -42.4855 43.4752 -5.8542 16.4508 -4.6142 -3.8139 2.4922 -0.8503 4.8257 -10.1285
-414.6076 94.3336 -44.5274 39.4403 -12.5905 18.6161 -0.3574 4.9875 5.8276 -4.0375 5.5290 -4.6744
-421.3199 80.0696 -50.0509 41.9767 -15.1254 16.2582 -0.0800 10.5705 7.7593 -2.0431 10.9762 -3.6641
-363.3188 112.8505 -45.6346 50.9411 -27.3245 3.2218 -6.6000 3.4707 -2.2882 -4.5995 3.8577 -6.9380
-311.1382 111.7652 -61.7544 56.4330 -33.1955 19.0897 -10.8657 -1.7337 -5.7045 -4.3546 3.9754 -13.4643
-295.9012 125.4942 -66.3712 47.1730 -26.0163 16.3259 -20.1637 -10.5783 -10.2123 -5.3130 0.3766 -12.9585
-295.5575 128.7893 -67.9808 56.2210 -33.9359 4.9703 -12.5079 -7.2051 -0.3659 1.2466 2.7282 -14.6895
-271.1117 142.8866 -88.2082 36.6820 -28.7662 -2.2926 -13.5176 2.8124 -8.4163 -3.5973 1.7829 -13.2460
-314.1229 128.6342 -65.0027 53.8339 -18.9602 10.7427 -14.9215 -9.7396 -4.3979 -1.3700 5.4381 -13.0935
-346.1600 113.5276 -78.1868 43.9303 -11.8223 5.4931 -6.0713 -6.2900 -3.9856 5.6513 9.0650 -10.7112
-318.4128 133.1916 -53.0077 37.7374 -30.2943 18.4540 -11.5213 3.8118 -0.0796 -0.8800 9.8690 -9.9562
-364.0255 127.2622 -27.7682 37.2899 -25.0961 20.4051 -8.1463 3.4666 -10.7640 -11.4301 0.2855 -8.6431
-370.7894 126.1451 -38.3916 33.6076 -19.1666 13.3150 -11.1579 7.7099 1.2166 -5.7215 3.0627 -10.3883
-323.6951 147.7288 -45.8747 26.3221 -28.4379 10.7612 -16.5997 8.7778 -7.5796 -8.7309 2.8605 -15.9432
-328.3734 140.0690 -48.9549 43.7180 -19.4152 -0.3547 -12.1516 9.9159 -11.0347 1.0872 11.6573 -16.0952
-279.9694 135.3016 -80.7392 48.6692 -20.3342 -1.7833 -18.5412 -13.6526 -11.6117 9.3060 2.3437 -5.5373
-268.6298 135.2010 -87.8718 42.1333 -31.5728 3.7851 -20.4727 -6.8862 -8.5665 -1.4769 7.8407 -10.6082
-318.9073 129.3264 -61.1394 46.7787 -29.3193 -5.2667 -15.6443 0.0802 -9.2006 -7.2484 0.5460 -7.2976
-391.8877 118.8263 -50.5453 24.6295 -17.2029 2.9499 -2.5498 5.4093 -3.0405 8.7972 10.3870 -10.5549
-375.7793 101.7015 -44.3312 45.3450 -20.4704 21.0103 -2.2197 7.6962 -4.9643 -4.3461 11.1278 -6.9485
-337.6761 144.0625 -38.6916 42.2697 -28.1191 -1.5771 -8.7734 8.5412 -3.2636 -9.1622 -1.3969 -14.5126
-357.4121 122.0219 -34.1792 54.3571 -18.5988 5.7890 -11.1292 9.6250 -14.7642 -11.6621 5.5052 -10.8519
-352.6079 154.6483 -27.2694 40.6418 -10.6908 2.1335 -17.0842 2.7435 -9.7926 -14.1669 2.9108 -10.8481
-329.0417 125.1927 -55.1421 47.4615 -18.7230 5.9047 -18.3016 10.3722 1.0186 -0.0083 6.7875 -14.1521
-313.5025 117.3439 -57.1976 49.3941 -37.3943 11.8396 -20.3314 0.6930 -0.1401 -5.8654 5.5574 -11.3319
-339.4250 152.8035 -66.5401 29.3102 -4.8821 -1.9942 -12.0328 -15.2844 -9.8485 -2.7592 -1.2830 -5.3692
-323.7582 137.9522 -63.3813 53.3822 -7.3206 -1.4793 -15.7610 -7.8687 -7.6388 -4.9374 0.4133 -10.3855
-364.0609 122.3168 -36.5608 53.6696 -11.4640 6.6552 -7.4283 9.6544 -9.3455 -6.3448 4.3712 -13.3133
-339.6993 155.7736 -35.0328 36.3689 -20.3394 -2.2790 -10.7109 2.5406 -21.4151 -14.4096 1.2933 -16.1726
-345.9176 124.2264 -55.0170 33.1729 -32.9520 11.9176 -0.3937 3.2377 -3.9290 -2.6401 8.5603 -4.8238
-329.2889 170.5461 -34.7558 28.1915 -22.9869 -8.9715 -15.4638 5.9231 -10.6767 -10.8977 -0.3073 -16.1643
-303.2312 160.3459 -65.6246 15.1157 -35.4521 -1.6399 -12.7510 5.7479 0.0003 -8.8479 7.8671 -1.6462
-318.1545 113.7237 -41.9611 64.6568 -30.5370 13.7489 -16.9246 4.9176 -11.0457 -8.7599 4.7173 -11.0889
-313.2770 169.6835 -37.8189 35.0730 -20.1640 3.5889 -17.6543 -3.3597 -9.8437 -12.7053 -5.7368 -12.9430
-316.0012 132.3045 -36.7485 61.9731 -26.0708 9.5368 -11.5839 5.0845 -19.8413 -15.0521 9.0265 -13.3315
-305.4084 150.0580 -59.1910 27.6025 -25.2889 15.2852 -9.1152 10.8029 -8.3996 -11.2637 13.5534 -5.9061
-314.1949 162.0706 -41.5236 32.2906 -26.4640 4.3095 -13.1994 4.0234 -15.9271 -15.3156 8.1115 -5.3957
-271.9427 159.0710 -66.1124 27.1255 -34.5035 7.9943 -23.7805 -2.9366 -7.8747 -10.2524 2.3801 -12.0546
-357.4167 122.4014 -48.1340 42.4968 -19.3120 2.3421 -17.5481 0.5700 -2.6041 -5.6379 3.1490 -9.7160
-315.1201 152.6567 -45.1886 30.5905 -37.6089 3.1887 -11.9741 -1.8976 -13.0106 -6.0717 11.3651 -0.6885
-339.8670 117.7928 -54.2962 52.2001 -16.2387 2.9571 -20.8491 8.6251 -2.8730 -5.3681 7.7133 -9.3864
-386.8196 138.1596 -37.2161 31.3043 -12.3176 -3.3289 -4.4220 6.0459 -3.2866 -5.3963 6.0577 -6.3413
-341.0919 168.7171 -34.6168 18.9313 -17.8899 8.6944 -14.7943 -4.5605 -10.1294 -6.6238 10.6157 -2.1089
-351.4393 154.3727 -34.4440 21.0034 -32.8012 5.0021 -2.5498 0.9789 -10.6499 -8.1317 6.9289 -8.3719
