183 12 128
0.3446 0.4342 0.3700 0.3070 0.7494 1.0000 0.7390 0.4384 0.1624 0.1909 0.2357 0.2612
0.4950 0.6612 0.4266 0.3944 0.5986 0.7334 0.7689 0.4658 0.3779 0.3041 0.3378 0.3048
0.2967 0.2264 0.2425 0.4634 0.9386 0.4238 0.2559 0.2709 0.2926 0.1911 0.3326 0.4701
0.7685 0.7524 0.6649 0.5447 0.7438 0.6630 0.7835 0.8397 0.5773 0.4950 0.8092 0.6922
0.8781 0.9281 0.8374 0.9079 0.8480 0.7697 0.7417 0.9635 0.5817 0.6315 0.8070 0.5405
0.5671 0.4007 0.3818 0.4240 0.4951 0.5082 0.4626 0.5612 0.3932 0.6317 0.3443 0.3312
0.6628 0.5869 0.6915 0.5922 0.6518 0.7007 0.5340 0.5828 0.5502 0.7140 0.5654 0.4289
0.4449 0.3030 0.3653 0.4046 0.4400 0.3350 0.5117 0.4920 0.3291 0.5813 0.3985 0.4416
0.4590 0.4956 0.3844 0.5672 0.7794 0.7827 0.4368 0.5640 0.2759 0.2870 0.3798 0.3403
0.3084 0.3716 0.6736 0.6314 0.3060 0.4025 0.3267 0.3486 0.3086 0.4537 0.5613 0.2947
0.7239 0.6556 0.6685 0.3777 0.2639 0.2323 0.3014 0.3574 0.2644 0.3084 0.3525 0.2508
0.2413 0.2447 0.3678 0.5635 0.6887 0.4786 0.1774 0.1965 0.1099 0.1069 0.2069 0.1481
0.6327 0.7179 0.9172 0.8895 0.9435 0.7246 0.6811 0.7225 0.4423 0.4093 0.7104 0.5660
0.7885 0.9548 0.8273 0.8400 0.8909 0.7830 0.7210 0.7195 0.5871 0.4719 0.5256 0.5207
0.2426 0.2366 0.4619 0.6027 0.5177 0.3042 0.6181 0.4431 0.3530 0.2723 0.3462 0.3381
0.5484 0.4210 0.2159 0.2665 0.3962 0.7581 0.6235 0.2215 0.2944 0.4167 0.2345 0.2576
0.3294 0.3908 0.5681 0.7620 0.4853 0.4835 0.3264 0.3519 0.2285 0.2984 0.5774 0.4295
0.2554 0.3156 0.9733 0.4293 0.2101 0.2520 0.5617 0.2331 0.1994 0.5470 0.3034 0.2076
0.2336 0.3043 0.5364 0.3570 0.2471 0.2769 0.5058 0.4735 0.5517 0.5080 0.2459 0.2413
0.8235 0.7229 0.3401 0.2687 0.3346 0.2647 0.3003 0.5717 0.5381 0.3062 0.2940 0.2839
0.4596 0.7902 0.5812 0.5358 0.4915 0.3462 0.4272 0.4298 0.5619 0.4923 0.1995 0.2257
0.5262 0.6936 0.5728 0.7178 0.4582 0.4491 0.5978 0.6852 0.5865 0.4968 0.4045 0.3678
0.5849 0.4054 0.4514 0.3801 0.7212 0.7415 0.4272 0.4204 0.4624 0.5828 0.2510 0.4278
0.4573 0.4695 0.4264 0.5303 0.5261 0.3340 0.2993 0.5162 0.9010 0.6384 0.3033 0.2394
0.4441 0.4425 0.6900 0.5603 0.3548 0.3478 0.6324 0.8783 0.4693 0.2992 0.2492 0.3674
0.4616 0.5145 0.4647 0.6395 0.6568 0.6047 0.6124 0.6145 0.5168 0.6696 0.6448 0.4093
0.6437 0.4965 0.3781 0.4177 0.5767 0.5490 0.6254 0.6041 0.5640 0.7539 0.6206 0.4770
0.4024 0.5229 0.5746 0.4646 0.4568 0.4693 0.5021 0.6193 0.4328 0.6537 0.6095 0.4806
0.5432 0.3682 0.2797 0.3318 0.3347 0.3782 0.5239 0.6625 0.5487 0.4405 0.4912 0.5153
0.6851 0.7666 0.6772 0.8095 0.6635 0.6388 0.7804 0.7593 0.5023 0.4503 0.4766 0.5876
0.5066 0.4065 0.4150 0.6514 0.4946 0.7119 0.8657 0.8769 0.7503 0.5900 0.4355 0.5174
0.3557 0.7072 0.6046 0.3705 0.2557 0.2649 0.3191 0.3041 0.3881 0.7222 0.4213 0.2527
0.7284 0.8518 0.8279 0.7642 0.5091 0.5173 0.7389 0.6158 0.4966 0.6259 0.4927 0.5203
0.3644 0.2592 0.5130 0.6859 0.4586 0.2498 0.4421 0.3942 0.1924 0.2711 0.3531 0.3314
0.5734 0.4979 0.6753 0.5408 0.5216 0.3982 0.6804 0.8564 0.3613 0.3777 0.4260 0.4830
0.4774 0.2817 0.2305 0.2763 0.2217 0.2560 0.2831 0.2672 0.2149 0.3622 0.6403 0.8165
0.6521 0.3689 0.2911 0.1784 0.1772 0.3797 0.3296 0.2471 0.2171 0.3088 0.6902 0.8396
0.6818 0.7181 0.5714 0.6854 0.5692 0.5532 0.5242 0.4795 0.3876 0.3517 0.4763 0.5616
0.6260 0.4834 0.4480 0.3710 0.5250 0.9753 0.6332 0.3267 0.2438 0.2898 0.3056 0.3008
0.4192 0.6106 0.5032 0.4148 0.4847 0.6335 0.8041 0.7021 0.4653 0.2872 0.3231 0.3290
0.4981 0.5640 0.5552 0.6020 0.8705 0.7350 0.6190 0.6392 0.4999 0.4879 0.5055 0.6857
0.6159 0.7756 0.6895 0.6825 0.6521 0.6771 0.7902 0.7693 0.5917 0.4945 0.4655 0.5385
0.9167 0.6757 0.5487 0.5290 0.5605 0.6112 0.5733 0.6137 0.4981 0.5219 0.4800 0.7147
0.2306 0.3149 0.2511 0.1342 0.2203 0.3619 0.7731 0.7162 0.2235 0.1896 0.2152 0.1595
0.5535 0.4026 0.2836 0.2589 0.5142 0.8054 0.6339 0.3927 0.1989 0.2652 0.1877 0.2381
0.7220 0.6352 0.6732 0.5933 0.6854 0.4216 0.5179 0.6521 0.4606 0.6080 0.6673 0.5705
0.5701 0.5227 0.9104 0.6611 0.9159 0.6815 0.7045 0.9737 0.5031 0.4361 0.6210 0.5125
0.5657 0.4097 0.4290 0.3543 0.5313 0.7823 0.4571 0.5392 0.5868 0.6972 0.6776 0.4497
0.5205 0.6068 0.4617 0.3057 0.3496 0.5204 0.6320 0.5358 0.4179 0.4172 0.6706 0.7121
0.5653 0.6227 0.6339 0.4317 0.4767 0.6375 0.6843 0.6688 0.5872 0.5401 0.7891 0.4422
0.6310 0.3228 0.2970 0.3947 0.8828 0.5126 0.3238 0.3681 0.3613 0.2833 0.3200 0.4764
0.8149 0.7149 0.6637 0.6578 0.7452 0.5285 0.5931 0.7743 0.5390 0.4163 0.4185 0.3740
0.6685 0.6001 0.6061 0.4667 0.4054 0.3945 0.5097 0.5881 0.4561 0.5143 0.5834 0.6008
0.5405 0.7658 0.7117 0.6323 0.6334 0.5702 0.5539 0.7479 0.5368 0.4146 0.5098 0.4115
0.6325 0.8770 0.8700 0.7159 0.7263 0.5936 0.6418 0.7155 0.5398 0.5144 0.5601 0.5367
0.4681 0.4304 0.5637 0.3618 0.4203 0.4889 0.3551 0.4176 0.6220 0.6378 0.7416 0.4425
0.4820 0.6019 0.6060 0.2860 0.4456 0.6546 0.4727 0.3809 0.4704 0.6129 0.7833 0.5626
0.5351 0.6260 0.6890 0.3383 0.4295 0.6329 0.7214 0.7396 0.5392 0.4668 0.6282 0.6048
0.5876 0.7223 0.8900 0.6159 0.5656 0.4772 0.5887 0.5276 0.5672 0.6444 0.4427 0.4273
0.3138 0.4740 0.5368 0.4281 0.5955 0.4449 0.3374 0.4868 0.5471 0.7128 0.3892 0.4315
0.6648 0.7011 0.9180 0.8514 0.7865 0.7526 0.8392 0.8713 0.5664 0.5163 0.6434 0.5758
0.6542 0.7437 0.9277 0.8156 0.5730 0.5951 0.5298 0.6150 0.4278 0.4620 0.6311 0.4473
0.5238 0.6028 0.7644 0.4473 0.3774 0.3125 0.2882 0.2999 0.3453 0.4616 0.6190 0.4404
0.6660 0.3769 0.2301 0.2192 0.2795 0.2436 0.3604 0.3117 0.4105 0.4445 0.4831 0.5615
0.7047 0.7874 0.7132 0.6498 0.6959 0.6620 0.7505 0.5753 0.6597 0.6401 0.5021 0.4876
0.6011 0.5859 0.6634 0.7842 0.6820 0.5659 0.6432 0.7964 0.6908 0.5228 0.3880 0.4608
0.6011 0.5667 0.6466 0.5403 0.4945 0.5204 0.5466 0.6232 0.5290 0.6835 0.6174 0.5542
0.6857 0.6905 0.6589 0.5700 0.6785 0.5939 0.8090 0.6949 0.4679 0.4167 0.4699 0.4880
0.5428 0.4200 0.6712 0.7085 0.3964 0.5044 0.6687 0.6599 0.3992 0.2894 0.3977 0.3526
0.5625 0.5500 0.5438 0.5378 0.5666 0.7049 0.7836 0.6078 0.3771 0.3257 0.4149 0.4378
0.3809 0.5066 0.5634 0.5348 0.6967 0.3129 0.4129 0.6249 0.7538 0.7833 0.3893 0.3371
0.4773 0.4921 0.5642 0.4316 0.4221 0.4244 0.5189 0.8149 0.7514 0.5165 0.3590 0.3636
0.5184 0.7052 0.5644 0.3191 0.3151 0.4851 0.8537 0.6499 0.3072 0.3340 0.5717 0.4329
0.5318 0.5647 0.5727 0.4934 0.5287 0.7524 0.7010 0.6738 0.4730 0.5771 0.5980 0.4496
0.6316 0.5279 0.4383 0.4564 0.3974 0.4566 0.6236 0.6759 0.6777 0.6115 0.5088 0.4943
0.3825 0.3465 0.3540 0.3900 0.4264 0.2910 0.2875 0.3845 0.6203 0.9193 0.4421 0.3196
0.5139 0.6044 0.5108 0.3684 0.3067 0.4285 0.5064 0.4316 0.3319 0.4366 0.6473 0.6866
0.6517 0.5812 0.4632 0.3598 0.3974 0.3575 0.5470 0.5810 0.5738 0.6571 0.6461 0.7757
0.5001 0.8808 0.8216 0.4016 0.3098 0.2751 0.3951 0.5562 0.6590 0.5487 0.3650 0.3607
0.5600 0.7918 0.8238 0.5894 0.4887 0.5474 0.5961 0.4652 0.4164 0.5828 0.5649 0.3308
0.4797 0.6006 0.5772 0.3573 0.2551 0.4350 0.3879 0.6161 0.6708 0.3048 0.3355 0.3746
0.7176 0.7709 0.7106 0.2887 0.3026 0.2871 0.2789 0.3614 0.3335 0.3713 0.3417 0.4024
0.4090 0.3722 0.3493 0.2119 0.2438 0.3934 0.3182 0.2537 0.2281 0.4616 0.6175 0.5517
0.2648 0.5569 0.3146 0.3971 0.7213 0.4602 0.2809 0.3650 0.4149 0.8422 0.6471 0.2976
0.4169 0.6333 0.5512 0.3662 0.2218 0.2761 0.3041 0.2856 0.3131 0.5152 0.4187 0.5699
0.3627 0.4727 0.5881 0.5793 0.4678 0.4281 0.3645 0.3336 0.2748 0.5370 0.6334 0.5057
0.4532 0.6829 0.5966 0.4612 0.3896 0.3862 0.4258 0.4795 0.3959 0.6029 0.5188 0.5384
0.3182 0.4618 0.9123 0.2527 0.1645 0.2018 0.2879 0.2331 0.3445 0.6943 0.3939 0.2312
0.6045 0.7233 0.7994 0.5018 0.6196 0.6470 0.5970 0.7261 0.6299 0.6780 0.6159 0.7863
0.6332 0.8688 0.8658 0.6943 0.7222 0.6273 0.8650 0.9445 0.4715 0.3904 0.5288 0.4725
0.6317 0.6965 0.5704 0.6185 0.5832 0.7612 0.6514 0.6262 0.6274 0.6361 0.8184 0.5636
0.5683 0.6909 0.6369 0.4892 0.5780 0.4108 0.6938 0.6997 0.6212 0.5880 0.4286 0.4809
0.3958 0.3402 0.5192 0.5800 0.4991 0.4494 0.3779 0.5847 0.6843 0.6622 0.4436 0.4923
0.4939 0.4052 0.5430 0.5111 0.5687 0.5935 0.7984 0.6994 0.4717 0.5010 0.4948 0.5435
0.5106 0.4854 0.4657 0.3964 0.5710 0.6486 0.6188 0.4506 0.2878 0.3217 0.4034 0.5258
0.5675 0.7859 0.8320 0.7155 0.6499 0.6271 0.9815 0.8658 0.6180 0.4778 0.6375 0.4739
0.4102 0.4171 0.4647 0.3695 0.3930 0.4660 0.5523 0.5193 0.4061 0.6382 0.7540 0.4178
0.1653 0.1336 0.1240 0.1081 0.1226 0.2303 0.2943 0.2024 0.1757 0.2609 0.5219 0.8428
0.1878 0.3534 0.5142 0.2997 0.2905 0.2598 0.7355 0.7547 0.2550 0.2134 0.3059 0.2257
0.3815 0.4869 0.4286 0.7718 0.4925 0.3180 0.2238 0.2787 0.3842 0.2721 0.5280 0.2920
0.4061 0.5200 0.8137 0.3641 0.2628 0.3219 0.2715 0.2383 0.3132 0.4162 0.1983 0.2432
0.5027 0.2662 0.5534 0.5014 0.2000 0.1788 0.3867 0.2810 0.1533 0.2914 0.3876 0.4676
0.3912 0.4528 0.5118 0.5585 0.5175 0.5060 0.5254 0.4576 0.5892 0.4999 0.5136 0.3533
0.6140 0.7094 0.8921 0.7221 0.7306 0.8858 0.8246 0.7461 0.5765 0.4540 0.3992 0.4450
0.3251 0.2917 0.3619 0.2427 0.2906 0.6698 0.7880 0.5702 0.2323 0.2954 0.2121 0.1948
0.2709 0.2536 0.2954 0.6903 0.8367 0.5210 0.3197 0.2184 0.1917 0.2283 0.2562 0.3491
0.4760 0.4531 0.3681 0.4397 0.7515 0.5906 0.6116 0.4622 0.3217 0.2284 0.2907 0.3322
0.7571 0.6026 0.5625 0.5404 0.5154 0.6237 0.7054 0.8114 0.6776 0.4203 0.5909 0.6766
0.7133 0.6429 0.5165 0.5910 0.5580 0.6241 0.5199 0.3996 0.3318 0.4389 0.5932 0.6985
0.7152 0.8874 0.8318 0.7022 0.7427 0.8169 0.6340 0.6906 0.6302 0.6244 0.4818 0.5014
0.3218 0.2871 0.2027 0.2516 0.2840 0.3471 0.5665 0.4516 0.3167 0.6579 0.5235 0.4934
0.4731 0.3432 0.2689 0.3768 0.7390 0.8475 0.6250 0.4398 0.3310 0.3193 0.3092 0.4912
0.4975 0.4255 0.4665 0.7617 0.9012 0.4085 0.4402 0.4139 0.3496 0.3577 0.3887 0.4919
0.6124 0.6937 0.8042 0.8758 0.6412 0.5755 0.6516 0.6533 0.4095 0.6079 0.5393 0.4321
0.4707 0.7129 0.7889 0.7263 0.7351 0.6910 0.9558 0.7624 0.5637 0.5672 0.6595 0.5379
0.7384 0.7177 0.7793 0.7993 0.9677 0.7630 0.7643 0.9389 0.7333 0.6139 0.7527 0.7037
0.6713 0.7695 0.7074 0.5431 0.8191 0.5901 0.7805 0.9880 0.6219 0.6899 0.7259 0.5620
0.6523 0.8990 0.9397 0.6981 0.7550 0.5091 0.7466 0.7270 0.5354 0.5351 0.5630 0.4893
0.5706 0.6810 0.7616 0.7418 0.5722 0.5665 0.7762 0.6675 0.5243 0.5458 0.5455 0.4688
0.6913 0.5980 0.5779 0.4808 0.4605 0.7837 0.5069 0.2857 0.3482 0.5477 0.6002 0.5696
0.7811 0.6638 0.6540 0.5428 0.5171 0.4900 0.3988 0.3383 0.2102 0.3230 0.3689 0.5231
0.3046 0.2094 0.2959 0.2019 0.2086 0.2758 0.2277 0.1667 0.1783 0.2626 0.7858 0.7137
0.4795 0.4732 0.6986 0.7892 0.5379 0.4108 0.5810 0.4298 0.3470 0.4150 0.5497 0.4114
0.5029 0.5601 0.6240 0.7200 0.4166 0.4179 0.5925 0.6163 0.6303 0.5760 0.5363 0.4777
0.4516 0.3467 0.3277 0.3929 0.4164 0.4172 0.5797 0.5345 0.5848 0.7640 0.5689 0.4989
0.3195 0.3915 0.4846 0.2582 0.4093 0.3934 0.6762 0.7823 0.3209 0.3700 0.3010 0.3292
0.6175 0.5313 0.7233 0.6363 0.4801 0.4944 0.6696 0.5241 0.4628 0.4721 0.4600 0.5309
0.4504 0.3213 0.5000 0.7110 0.5999 0.5923 0.5730 0.4064 0.2555 0.3591 0.4876 0.5164
0.6503 0.4534 0.5158 0.8811 0.6720 0.4183 0.3197 0.2889 0.2624 0.2788 0.2689 0.3635
0.6413 0.4334 0.5356 0.5791 0.3195 0.2238 0.4179 0.4297 0.4084 0.5160 0.3832 0.6659
0.3454 0.3390 0.4045 0.4678 0.3223 0.3529 0.6885 0.8238 0.6231 0.4562 0.3303 0.3180
0.1958 0.2690 0.4279 0.3843 0.3488 0.4207 0.5719 0.8442 0.3252 0.1976 0.2248 0.2958
0.6324 0.5010 0.4421 0.5389 0.5867 0.4381 0.5696 0.6155 0.4774 0.4439 0.4287 0.7010
0.2352 0.3304 0.4804 0.3134 0.4243 0.6263 0.3620 0.3124 0.3175 0.5354 0.8453 0.3522
0.5852 0.5648 0.6459 0.3845 0.4425 0.4947 0.6838 0.8799 0.7885 0.5899 0.4475 0.5052
0.4175 0.3378 0.3403 0.2797 0.4000 0.3915 0.4317 0.4778 0.6619 0.7551 0.5455 0.3694
0.4195 0.5505 0.5084 0.3730 0.4097 0.5703 0.3753 0.4002 0.6375 0.6653 0.7842 0.4003
0.2882 0.3370 0.3102 0.3146 0.4195 0.5176 0.3318 0.4679 0.5241 0.6226 0.8106 0.3437
0.6694 0.7650 0.5572 0.3217 0.2323 0.2129 0.2214 0.3084 0.2520 0.3159 0.3364 0.2961
0.5091 0.6775 0.7258 0.3527 0.2358 0.2391 0.3472 0.2953 0.3724 0.7907 0.5267 0.3852
0.6061 0.6958 0.7078 0.3033 0.1764 0.2029 0.2304 0.2660 0.2851 0.5460 0.2839 0.2424
0.6253 0.7362 0.6554 0.5966 0.3765 0.3516 0.3068 0.4123 0.3888 0.5272 0.5540 0.4907
0.5239 0.6607 0.7001 0.5801 0.6042 0.6715 0.5490 0.5129 0.3958 0.5402 0.4543 0.5255
0.4412 0.3778 0.5498 0.6099 0.5902 0.4827 0.4300 0.3820 0.3214 0.3896 0.5285 0.5825
0.4275 0.4202 0.6301 0.7516 0.4720 0.3507 0.5402 0.5103 0.4249 0.5490 0.6391 0.4738
0.5410 0.6004 0.6835 0.5883 0.5349 0.3289 0.3749 0.3520 0.3354 0.5530 0.4127 0.4555
0.4523 0.2759 0.2978 0.5868 0.5300 0.3895 0.4734 0.4890 0.4238 0.4750 0.3338 0.5559
0.4068 0.4790 0.4552 0.6111 0.6140 0.5350 0.4925 0.5797 0.5906 0.4673 0.3127 0.3695
0.3786 0.4103 0.6570 0.8730 0.4681 0.3445 0.5703 0.4276 0.2843 0.5390 0.4493 0.3472
0.4893 0.4035 0.5264 0.5800 0.5256 0.3636 0.4020 0.3620 0.2614 0.3813 0.4503 0.5187
0.6419 0.6019 0.7843 0.4239 0.2761 0.2327 0.3044 0.2754 0.2350 0.3061 0.3537 0.4707
0.3644 0.3749 0.4438 0.3425 0.3981 0.3627 0.4828 0.6820 0.5034 0.5182 0.4766 0.4658
0.3126 0.3947 0.4350 0.4717 0.3257 0.3330 0.5398 0.6261 0.4650 0.3834 0.3475 0.3546
0.3660 0.3512 0.4235 0.5575 0.6817 0.4211 0.6831 0.3652 0.4478 0.2593 0.2788 0.4568
0.5346 0.4460 0.4462 0.5949 0.3594 0.2055 0.5160 0.6572 0.3284 0.2883 0.3128 0.4344
0.6681 0.8317 0.7195 0.7583 0.6763 0.5771 0.7479 0.7958 0.5305 0.4383 0.4174 0.5749
0.6344 1.0000 0.7563 0.4707 0.5636 0.4241 0.5499 0.6230 0.5139 0.3358 0.4522 0.3120
0.5063 0.5391 0.5049 0.6464 0.4930 0.3595 0.4579 0.6788 0.6398 0.5858 0.4306 0.2964
0.3944 0.4311 0.6341 0.4645 0.2550 0.4380 0.4760 0.8713 0.4121 0.2801 0.2419 0.4420
0.5952 0.4853 0.3807 0.5607 0.4648 0.4777 0.5111 0.5200 0.4282 0.3919 0.5255 0.6685
0.4689 0.3854 0.4079 0.4818 0.6206 0.4960 0.7019 0.4400 0.3835 0.2332 0.3160 0.5101
0.3386 0.2232 0.2504 0.6065 0.6570 0.4846 0.3266 0.3382 0.3739 0.3137 0.3834 0.5330
0.5302 0.6456 0.7100 0.7110 0.5633 0.5214 0.6800 0.7630 0.5901 0.4014 0.5954 0.4212
0.6613 0.8552 0.7487 0.5675 0.4367 0.5411 0.5032 0.6298 0.4977 0.3837 0.4956 0.5462
0.8877 0.5030 0.2797 0.2450 0.2843 0.2811 0.3153 0.2979 0.2687 0.2676 0.4050 0.5571
0.4917 0.6815 0.7917 0.5594 0.4497 0.3787 0.5596 0.6975 0.5187 0.4403 0.4941 0.5709
0.5011 0.5989 0.9476 0.5946 0.4340 0.5351 0.5258 0.5880 0.5551 0.5362 0.4019 0.4247
0.4048 0.4839 0.6828 0.6311 0.4443 0.5405 0.6989 0.8015 0.5555 0.3925 0.4298 0.5612
0.4210 0.4764 0.5808 0.5813 0.4988 0.4279 0.6223 0.5490 0.8588 0.6815 0.4794 0.3755
0.3426 0.3854 0.6827 0.7765 0.4106 0.2791 0.4112 0.3964 0.3614 0.4039 0.4253 0.3328
0.5535 0.6221 0.7745 0.7119 0.7337 0.5870 0.6720 0.6549 0.5451 0.4981 0.6437 0.5507
0.6926 0.7420 0.8540 0.7127 0.6831 0.6596 0.8019 0.8704 0.5903 0.4954 0.7582 0.6515
0.8201 0.7137 0.4453 0.5535 0.4812 0.4390 0.5747 0.7968 0.5337 0.4155 0.5261 0.6573
0.4359 0.4498 0.3315 0.4472 0.4617 0.7435 0.7554 0.3666 0.3098 0.3666 0.3669 0.4069
0.4180 0.5829 0.5419 0.5920 0.7947 0.7439 0.5686 0.2997 0.2874 0.2669 0.4055 0.5097
0.5100 0.6848 0.6106 0.5795 0.6581 0.7706 0.7823 0.4215 0.2912 0.2584 0.2955 0.3589
0.3347 0.4544 0.3277 0.3349 0.4581 0.9373 0.6655 0.3214 0.1624 0.2596 0.2765 0.2490
0.4110 0.6267 0.5944 0.4981 0.5767 0.5598 0.5681 0.5368 0.3055 0.3382 0.4413 0.5382
0.3078 0.4991 0.4613 0.4520 0.6533 0.3646 0.3846 0.5352 0.4359 0.5774 0.2457 0.2119
0.3455 0.4942 0.4594 0.2645 0.2862 0.6588 0.7465 0.5062 0.2202 0.2978 0.3942 0.3496
0.7025 0.7137 0.4683 0.6584 0.5509 0.4443 0.5865 0.5095 0.3799 0.4056 0.3816 0.6792
0.1894 0.2495 0.3798 0.2378 0.2713 0.3639 0.7360 0.7723 0.4525 0.2132 0.1442 0.1350
0.3968 0.5078 0.5746 0.4860 0.4063 0.5673 0.6990 0.5700 0.2911 0.3360 0.2696 0.3333
