0.092880
0.534059
0.998458
1.532517
2.043356
2.507755
2.972154
3.366893
3.854512
4.272472
4.713651
5.178050
5.642449
6.106848
6.594467
7.082086
7.569705
8.057324
8.498503
8.962902
9.473741
9.938141
10.425760
10.936599
11.424218
11.911837
12.399456
12.863855
13.328254
13.815873
14.233832
14.721451
15.185850
15.627029
16.044989
16.509388
16.950567
17.391746
17.832925
18.297324
18.715283
19.133243
19.574422
20.015601
20.503220
20.944399
21.432018
21.919637
22.407256
22.871655
23.336054
23.870113
24.380952
24.822132
25.240091
25.634830
26.099229
26.586848
27.028027
27.469206
27.933605
28.398005
28.862404
29.280363
29.721542
30.209161
30.696780
31.184399
31.672018
32.113197
32.554376
32.995556
33.413515
33.877914
34.342313
34.783492
35.271111
35.758730
36.223129
36.664308
37.128707
37.593107
38.057506
38.475465
38.870204
39.264943
39.682902
40.100862
40.518821
40.936780
41.377959
41.819138
42.237098
42.655057
43.165896
43.607075
44.071474
44.489433
44.907392
45.325351
45.743311
46.138050
46.625669
47.066848
47.577687
48.111746
48.622585
49.110204
49.621043
50.039002
50.456961
50.874921
51.292880
51.710839
52.105578
52.593197
53.057596
53.498776
53.939955
54.357914
54.799093
55.356372
55.867211
56.354830
56.865669
57.306848
57.748027
58.212426
58.630385
59.071565
59.489524
59.977143
60.464762
60.952381
61.416780
61.881179
62.345578
62.926077
63.390476
63.878095
64.365714
64.830113
65.224853
65.666032
66.130431
66.618050
67.105669
67.570068
68.034467
68.475646
68.963265
69.404444
69.868844
70.356463
70.820862
71.262041
71.726440
72.237279
72.724898
73.142857
73.537596
74.001995
74.443175
74.884354
75.348753
75.813152
76.323991
76.765170
77.229569
77.693968
78.135147
78.599546
79.087166
79.551565
80.015964
80.503583
80.991202
81.478821
81.989660
82.454059
82.895238
83.313197
83.754376
84.195556
84.659955
85.147574
85.611973
86.076372
86.517551
86.958730
87.376689
87.817868
88.282268
88.746667
89.187846
89.652245
90.139864
90.557823
90.975782
91.463401
91.951020
92.415420
92.879819
93.320998
93.762177
94.249796
94.737415
95.178594
95.619773
96.060952
96.502132
96.943311
97.384490
97.825669
98.290068
98.754467
99.195646
99.683265
100.240544
100.774603
101.308662
101.796281
102.330340
102.794739
103.328798
103.793197
104.234376
104.698776
105.163175
105.650794
106.115193
106.602812
107.043991
107.485170
107.926349
108.390748
108.924807
109.389206
109.830385
110.294785
110.759184
111.200363
111.641542
112.082721
112.500680
112.941859
113.383039
113.917098
114.427937
114.938776
115.426395
115.914014
116.378413
116.866032
117.307211
117.794830
118.259229
118.746848
119.211247
119.675646
120.093605
120.511565
120.929524
121.324263
121.765442
122.206621
122.647800
123.088980
123.553379
124.017778
124.458957
124.900136
125.364535
125.852154
126.316553
126.757732
127.198912
127.709751
128.197370
128.684989
129.172608
129.660227
130.147846
130.635465
131.123084
131.610703
132.051882
132.539501
132.957460
133.398639
133.793379
134.280998
134.745397
135.256236
135.697415
136.185034
136.649433
137.137052
137.671111
138.205170
138.669569
139.157188
139.621587
140.085986
140.550385
141.014785
141.479184
141.943583
142.407982
142.895601
143.383220
143.870839
144.335238
144.776417
145.194376
145.612336
146.030295
146.448254
146.889433
147.353832
147.864671
148.329070
148.770249
149.257868
149.745488
150.256327
150.720726
151.185125
151.649524
152.137143
152.624762
153.112381
153.553560
154.087619
154.598458
155.109297
155.573696
156.061315
156.502494
156.966893
157.477732
157.918912
158.360091
158.778050
159.196009
159.637188
160.055147
160.473107
160.937506
161.401905
161.843084
162.377143
162.887982
163.398821
163.956100
164.420499
164.884898
165.302857
165.744036
166.231655
166.626395
167.090794
167.555193
168.019592
168.460771
168.901950
169.366349
169.853968
170.295147
170.829206
171.293605
171.758005
172.222404
172.686803
173.127982
173.592381
174.033560
174.567619
175.008798
175.473197
175.937596
176.355556
176.796735
177.237914
177.702313
178.143492
178.584671
179.049070
179.536689
180.001088
180.488707
180.953107
181.417506
181.951565
182.439184
182.926803
183.367982
183.809161
184.273560
184.784399
185.272018
185.736417
186.224036
186.688435
187.152834
187.570794
187.988753
188.476372
189.033651
189.521270
189.985669
190.426848
190.891247
191.332426
191.820045
192.330884
192.795283
193.259683
193.816961
194.304580
194.792200
195.303039
195.790658
196.231837
196.696236
197.160635
197.694694
198.182313
198.623492
199.064671
199.529070
200.028980
