0.092880
0.719819
1.346757
1.927256
2.577415
3.204354
3.784853
4.365351
4.945850
5.549569
6.106848
6.664127
7.267846
7.894785
8.544943
9.171882
9.752381
10.309660
10.913379
11.517098
12.074376
12.701315
13.305034
13.908753
14.373152
14.907211
15.464490
16.021769
16.671927
17.275646
17.832925
18.413424
19.063583
19.644082
20.178141
20.688980
21.199819
21.710658
22.267937
22.894875
23.452154
24.009433
24.613152
25.263311
25.797370
26.424308
27.120907
27.771066
28.328345
28.885624
29.466122
30.046621
30.650340
31.230839
31.811338
32.391837
32.972336
33.552834
34.086893
34.690612
35.247891
35.758730
36.339229
36.942948
37.546667
38.196825
38.800544
39.334603
39.938322
40.542041
41.099320
41.656599
42.190658
42.747937
43.328435
43.978594
44.651973
45.302132
45.882630
46.416689
47.043628
47.647347
48.204626
48.669025
49.179864
49.783583
50.340862
50.898141
51.478639
52.059138
52.639637
53.173696
53.707755
54.241814
54.799093
55.356372
55.983311
56.563810
57.144308
57.748027
58.351746
58.932245
59.559184
60.186122
60.813061
61.393560
61.927619
62.508118
63.042177
63.576236
64.133515
64.690794
65.248073
65.828571
66.432290
67.036009
67.686168
68.266667
68.847166
69.450884
70.147483
70.774422
71.424580
72.051519
72.608798
73.189297
73.816236
74.396735
74.977234
75.580952
76.207891
76.741950
77.299229
77.833288
78.367347
78.901406
79.412245
80.015964
80.596463
81.200181
81.734240
82.314739
82.895238
83.452517
84.056236
84.636735
85.263673
85.937052
86.540771
87.121270
87.701769
88.259048
88.816327
89.373605
89.884444
90.464943
90.999002
91.579501
92.113560
92.694059
93.251338
93.878277
94.458776
94.992834
95.573333
96.177052
96.734331
97.245170
97.802449
98.382948
98.986667
99.567166
100.194104
100.797823
101.378322
101.935601
102.469660
103.073379
103.630658
104.187937
104.721995
105.256054
105.790113
106.277732
106.811791
107.392290
107.949569
108.506848
109.110567
109.621406
110.225125
110.805624
111.316463
111.873741
112.384580
112.918639
113.615238
114.218957
114.776236
115.287075
115.821134
116.331973
116.889252
117.469751
118.003810
118.537868
119.211247
119.814966
120.372245
120.906304
121.533243
122.183401
122.717460
123.344399
123.948118
124.575057
125.178776
125.782494
126.362993
126.804172
127.222132
127.779410
128.290249
128.847528
129.358367
129.915646
130.496145
131.006984
131.541043
132.167982
132.748481
133.352200
133.863039
134.489977
135.070476
135.674195
136.277914
136.881633
137.508571
138.089070
138.669569
139.203628
139.830567
140.411066
141.014785
141.618503
142.199002
142.779501
143.360000
143.940499
144.520998
145.147937
145.751655
146.355374
146.935873
147.562812
148.166531
148.747029
149.373968
150.000907
150.581406
151.185125
151.719184
152.322902
152.926621
153.483900
154.064399
154.644898
155.225397
155.945215
156.618594
157.175873
157.779592
158.360091
158.940590
159.544308
160.148027
160.728526
161.425125
162.005624
162.539683
163.120181
163.770340
164.420499
165.070658
165.697596
166.231655
166.788934
167.369433
167.973152
168.600091
169.134150
169.668209
170.225488
170.759546
171.293605
171.874104
172.454603
172.965442
173.499501
174.033560
174.614059
175.310658
175.984036
176.587755
177.191474
177.795193
178.422132
179.002630
179.536689
180.070748
180.628027
181.254966
181.951565
182.485624
183.042902
183.623401
184.203900
184.807619
185.411338
186.015057
186.618776
187.199274
187.826213
188.360272
188.894331
189.428390
190.055329
190.728707
191.332426
192.005805
192.609524
193.213243
193.793741
194.374240
194.931519
195.488798
196.092517
196.696236
197.299955
197.950113
198.553832
199.180771
199.738050
200.364989
201.038367
201.642086
202.269025
202.849524
203.430023
204.010522
204.660680
205.287619
205.798458
206.355737
206.913016
207.609615
208.213333
208.840272
209.327891
209.838730
210.349569
210.860408
211.324807
211.928526
212.509025
213.066304
213.762902
214.320181
214.877460
215.457959
216.154558
216.711837
217.315556
217.919274
218.522993
219.080272
219.660771
220.218050
220.775329
221.309388
221.843447
222.423946
223.004444
223.584943
224.211882
224.815601
225.419320
226.069478
226.719637
227.369796
227.973515
228.600454
229.180952
229.784671
230.458050
231.038549
231.688707
232.408526
232.989025
233.592744
234.219683
234.823401
235.427120
235.914739
236.495238
237.075737
237.702676
238.352834
238.956553
239.560272
240.117551
240.721270
241.232109
241.789388
242.323447
242.880726
243.391565
243.925624
244.506122
245.086621
245.667120
246.247619
246.828118
247.385397
247.942676
248.523175
249.103673
249.684172
250.264671
250.821950
251.379229
251.890068
252.470567
252.981406
253.561905
254.072744
254.630023
255.210522
255.767800
256.417959
257.068118
257.718277
258.368435
259.018594
259.599093
260.133152
260.667211
261.178050
261.781769
262.292608
262.826667
263.360726
263.871565
264.359184
264.916463
265.496961
266.077460
266.611519
267.192018
267.749297
268.329796
268.910295
269.467574
270.024853
270.628571
271.301950
271.905669
272.509388
273.066667
273.600726
274.134785
274.715283
275.319002
275.853061
276.363900
276.874739
277.455238
278.035737
278.616236
279.127075
279.661134
280.148753
280.845351
281.425850
281.983129
282.517188
283.028027
283.562086
284.119365
284.676644
285.257143
285.814422
286.325261
286.905760
287.416599
287.880998
288.415057
288.972336
289.529615
290.086893
290.667392
291.178231
291.758730
292.362449
292.873288
293.407347
293.941406
294.475465
295.055964
295.613243
296.193741
296.843900
297.401179
298.051338
298.631837
299.258776
299.816054
300.350113
300.930612
301.487891
302.045170
302.672109
303.322268
303.972426
304.576145
305.133424
305.667483
306.224762
306.898141
307.501859
308.152018
308.709297
309.243356
309.800635
310.311474
310.868753
311.426032
312.006531
312.587029
313.167528
313.748027
314.305306
314.862585
315.466304
316.023583
316.650522
317.254240
317.834739
318.508118
319.088617
319.738776
320.342494
320.992653
321.573152
322.107211
322.618050
323.128889
323.686168
324.243447
324.754286
325.311565
325.868844
326.449342
327.053061
327.587120
328.237279
328.887438
329.467937
330.094875
330.698594
331.348753
331.952472
332.509751
333.090249
333.693968
334.320907
334.947846
335.574785
336.108844
336.689342
337.246621
337.757460
338.291519
338.802358
339.336417
339.940136
340.543855
341.101134
341.728073
342.308571
342.889070
343.469569
344.050068
344.677007
345.327166
345.907664
346.464943
347.022222
347.602721
348.206440
348.763719
349.367438
349.971156
350.621315
351.108934
351.666213
352.269932
352.873651
353.454150
354.011429
354.522268
355.102766
355.799365
356.403084
356.960363
357.540862
358.191020
358.794739
359.421678
360.013016
