431 12 302
0.7169 0.6182 0.9394 0.7739 0.3883 0.4919 0.9535 0.8138 0.6977 0.7324 0.5463 0.6060
0.4732 0.4659 0.6747 0.5262 0.4421 0.4754 0.5961 0.5527 0.7210 0.8511 0.4476 0.3929
0.6043 0.5012 0.6926 0.7103 0.6121 0.5084 0.6732 0.5646 0.6691 0.6942 0.6940 0.5345
0.5816 0.4563 0.4499 0.5214 0.6350 0.7742 0.7268 0.7328 0.4367 0.5857 0.4293 0.4574
0.4628 0.6803 0.6351 0.8683 0.8358 0.6652 0.5726 0.6127 0.5027 0.4643 0.5884 0.5786
0.6062 0.6234 0.7621 0.6659 0.5900 0.4060 0.5210 0.6541 0.5983 0.6311 0.5410 0.5544
0.8425 0.8016 0.8688 0.7422 0.7075 0.7220 0.5661 0.5165 0.5040 0.5572 0.5830 0.6058
0.6900 0.9075 0.8397 0.7164 0.6845 0.6110 0.5814 0.5028 0.4917 0.5214 0.5548 0.7069
0.6131 0.7559 0.7343 0.7080 0.6985 0.4817 0.4872 0.5701 0.4560 0.6032 0.5413 0.4427
0.7461 0.5536 0.5738 0.6957 0.6355 0.4167 0.4786 0.3849 0.3044 0.4087 0.4775 0.8421
0.3007 0.3464 0.4449 0.5781 0.4711 0.5471 0.6781 0.4859 0.4143 0.2927 0.3720 0.3814
0.3333 0.5593 0.7414 0.6162 0.4884 0.5838 0.6152 0.4030 0.3048 0.3348 0.2327 0.2671
0.2782 0.3341 0.3939 0.4708 0.4848 0.6059 0.9317 0.6433 0.5415 0.2686 0.2184 0.2875
0.4641 0.6014 0.6478 0.5582 0.6483 0.4727 0.4874 0.4334 0.3771 0.6207 0.6649 0.5429
0.6942 0.3582 0.3503 0.5131 0.4584 0.3465 0.4039 0.3772 0.3337 0.4742 0.5916 0.8437
0.6527 0.6901 0.6626 0.7403 0.4792 0.4450 0.4655 0.5071 0.3954 0.5081 0.6131 0.7260
0.6610 0.6268 0.5028 0.6239 0.6395 0.4386 0.5130 0.4661 0.4213 0.5541 0.5477 0.6800
0.8506 0.7912 0.5515 0.5729 0.6952 0.3562 0.4705 0.4540 0.3909 0.5066 0.4951 0.5597
0.6149 0.8239 0.7435 0.7468 0.7011 0.3012 0.4081 0.4170 0.4580 0.4312 0.4018 0.6165
0.5561 0.7943 0.7247 0.4390 0.3314 0.2741 0.2941 0.3048 0.3527 0.3472 0.2592 0.5063
0.5184 0.6550 0.5383 0.6596 0.6107 0.3484 0.3349 0.3309 0.3470 0.4190 0.6415 0.5417
0.6113 0.7595 0.3938 0.4748 0.4226 0.3427 0.4460 0.6448 0.6027 0.5744 0.4041 0.3490
0.5948 0.6546 0.7334 0.8111 0.5163 0.3144 0.3715 0.3543 0.4479 0.5565 0.6366 0.4419
0.9817 0.6031 0.6170 0.5145 0.5009 0.3701 0.4289 0.5834 0.5166 0.5944 0.5968 0.6078
0.5646 0.5044 0.6281 0.7395 0.7579 0.7846 0.6234 0.6115 0.5411 0.5158 0.6387 0.5213
0.3831 0.3892 0.4911 0.5065 0.6306 0.8140 0.6869 0.3850 0.3396 0.3223 0.5239 0.3663
0.5715 0.7089 0.6916 0.6117 0.4238 0.5444 0.5192 0.4752 0.6371 0.5552 0.6998 0.6277
0.6822 0.7533 0.5658 0.3803 0.4044 0.3847 0.4696 0.4846 0.5446 0.5040 0.2792 0.5255
0.7981 0.7895 0.5696 0.4233 0.4186 0.3508 0.4273 0.6203 0.6236 0.5555 0.4290 0.4922
0.7505 0.3691 0.4992 0.5099 0.3398 0.4292 0.4238 0.3991 0.2985 0.3519 0.5586 0.7589
0.5525 0.5912 0.4809 0.6119 0.7453 0.6874 0.4553 0.3829 0.4967 0.6526 0.4679 0.4181
0.5106 0.6971 0.4759 0.6168 0.6696 0.5073 0.4583 0.5554 0.9096 0.6752 0.5270 0.5365
0.3579 0.4965 0.4952 0.4029 0.5092 0.6793 0.3783 0.2886 0.3427 0.6219 0.9002 0.4636
0.6248 0.4268 0.2742 0.5224 0.3927 0.2853 0.5427 0.4095 0.3446 0.3264 0.3898 0.7914
0.6095 0.6312 0.5675 0.4440 0.4629 0.4124 0.5083 0.7563 0.7328 0.7446 0.7897 0.5851
0.6836 0.5289 0.6893 0.5231 0.3461 0.3123 0.4460 0.4651 0.4160 0.3546 0.5301 0.5394
0.5397 0.5961 0.5987 0.8060 0.6512 0.8027 0.6292 0.5684 0.4647 0.4664 0.3371 0.3394
0.3826 0.7581 0.6625 0.5314 0.6432 0.6372 0.7224 0.5459 0.3089 0.2603 0.3093 0.2980
0.3173 0.4448 0.4491 0.6553 0.8069 0.7138 0.4723 0.5059 0.5677 0.4066 0.3291 0.3013
0.3125 0.2990 0.2800 0.2435 0.3050 0.4703 0.4474 0.5591 0.5393 0.6643 0.5021 0.4457
0.5162 0.3254 0.2470 0.2709 0.2263 0.3289 0.5385 0.3021 0.2833 0.4194 0.5108 0.6875
0.3411 0.5180 0.4476 0.4911 0.3650 0.2892 0.3676 0.5026 0.3807 0.4045 0.2711 0.2182
0.5921 0.5342 0.5546 0.7024 0.7006 0.6495 0.7914 0.2786 0.2294 0.2454 0.2486 0.2983
0.7380 0.5054 0.5825 0.7049 0.5160 0.5389 0.4776 0.5609 0.5275 0.4790 0.5265 0.6423
0.6436 0.3468 0.3436 0.5489 0.3917 0.3502 0.4546 0.4426 0.2380 0.2982 0.3675 0.8424
0.8181 0.3285 0.2222 0.2853 0.3728 0.3036 0.4672 0.4350 0.1988 0.3073 0.5224 0.7770
0.6915 0.4015 0.3069 0.4635 0.4870 0.3521 0.3358 0.4475 0.2207 0.4786 0.5864 0.6626
0.7385 0.4923 0.4185 0.5370 0.4466 0.4680 0.5453 0.5957 0.3401 0.4691 0.5883 0.9516
0.5138 0.6418 0.4159 0.4618 0.5182 0.4238 0.3651 0.4438 0.5256 0.8367 0.8060 0.4499
0.4798 0.5719 0.4077 0.3940 0.3362 0.2568 0.4814 0.4094 0.5374 0.6893 0.6301 0.6051
0.3973 0.5589 0.4262 0.5046 0.4316 0.4479 0.4380 0.4256 0.5505 0.7846 0.6408 0.4941
0.3820 0.3232 0.2327 0.2870 0.2172 0.1810 0.2930 0.1906 0.2241 0.3522 0.4622 0.9327
0.7316 0.7766 0.7645 0.6214 0.4241 0.4199 0.4671 0.4188 0.4544 0.5670 0.4765 0.4860
0.2952 0.3711 0.3976 0.4654 0.4861 0.4321 0.5285 0.6090 0.7097 0.4655 0.2198 0.2037
0.2301 0.2469 0.2698 0.2480 0.4748 0.7130 0.6347 0.3684 0.1585 0.1666 0.1634 0.1674
0.2822 0.3421 0.3808 0.6674 0.6183 0.6444 0.5864 0.4078 0.1761 0.2083 0.2469 0.2465
0.3343 0.4147 0.3672 0.4586 0.5216 0.8389 0.7250 0.3294 0.2678 0.3187 0.2218 0.1982
0.8066 0.6500 0.4952 0.5752 0.7497 0.5601 0.5610 0.5806 0.6593 0.7714 0.6150 0.5196
0.4811 0.5150 0.5649 0.7489 0.7061 0.4540 0.4442 0.3625 0.4477 0.4534 0.6335 0.5580
0.4446 0.6214 0.4982 0.4370 0.5174 0.4995 0.8030 0.5363 0.4124 0.3571 0.3889 0.3523
0.6210 0.7233 0.6347 0.6085 0.7380 0.5566 0.4427 0.4099 0.4851 0.4683 0.4713 0.5084
0.6200 0.6248 0.6212 0.5708 0.7969 0.6702 0.7107 0.6366 0.6391 0.6861 0.5991 0.5910
0.7137 0.7657 0.7296 0.6915 0.8950 0.7146 0.6383 0.6995 0.7351 0.6040 0.6619 0.6312
0.4882 0.5076 0.5422 0.5038 0.8465 0.6707 0.7467 0.7592 0.7817 0.6721 0.4936 0.3724
0.6264 0.8505 0.7945 0.7961 0.6292 0.6373 0.7588 0.6667 0.6898 0.5603 0.6983 0.6972
0.4909 0.5764 0.7062 0.7706 0.4948 0.5982 0.5392 0.6090 0.7383 0.5380 0.5304 0.5637
0.6053 0.5681 0.7425 0.6663 0.6948 0.5337 0.5379 0.4992 0.7214 0.8060 0.7168 0.6132
0.4262 0.4647 0.5651 0.5456 0.5236 0.6050 0.6354 0.3910 0.4531 0.5480 0.5614 0.4584
0.3303 0.3096 0.2555 0.5796 0.5677 0.6768 0.4158 0.2739 0.2292 0.2004 0.3390 0.3017
0.3533 0.4992 0.6076 0.8887 0.5444 0.5395 0.4733 0.5286 0.5726 0.3917 0.4887 0.3743
0.7386 0.3963 0.4952 0.6506 0.5660 0.5056 0.3793 0.5741 0.6313 0.5818 0.7048 0.6936
0.5932 0.3393 0.3124 0.3437 0.3350 0.4934 0.4330 0.3629 0.4706 0.4117 0.6953 0.4810
0.3064 0.3478 0.5040 0.2852 0.2730 0.4468 0.5856 0.8482 0.3241 0.3188 0.2931 0.2533
0.3163 0.2851 0.3846 0.4759 0.3453 0.4883 0.4740 0.7585 0.7627 0.3366 0.2824 0.2745
0.6971 0.8500 0.8385 0.7534 0.6006 0.5528 0.5959 0.6766 0.6819 0.6711 0.6081 0.5452
0.6664 0.8947 0.8224 0.6967 0.5483 0.7617 0.9368 0.7178 0.5743 0.5835 0.6825 0.3478
0.2501 0.3636 0.3726 0.6404 0.5469 0.3765 0.4262 0.4792 0.8174 0.7279 0.3219 0.1612
0.1866 0.2940 0.3417 0.3172 0.2552 0.2397 0.6355 0.6856 0.5293 0.3338 0.2533 0.1804
0.4660 0.4129 0.2225 0.3547 0.4569 0.6440 0.5718 0.3055 0.2829 0.3688 0.3748 0.3447
0.2359 0.2180 0.2290 0.4341 0.3005 0.3903 0.6072 0.4579 0.5520 0.5178 0.5175 0.2297
0.7253 0.8915 0.7170 0.6779 0.7240 0.6110 0.6635 0.6758 0.5917 0.5058 0.4914 0.6756
0.5095 0.9585 0.7009 0.5101 0.4876 0.5157 0.4702 0.4701 0.4869 0.5230 0.3813 0.4173
0.6495 0.5093 0.5035 0.4961 0.4400 0.5449 0.4173 0.3216 0.3721 0.5898 0.6901 0.5729
0.7295 0.4138 0.4261 0.5872 0.7775 0.5937 0.5197 0.3849 0.3620 0.4030 0.4284 0.6217
0.6011 0.3976 0.4347 0.5491 0.6080 0.4207 0.2176 0.2016 0.1840 0.2188 0.4906 0.4352
0.6799 0.6874 0.5795 0.5814 0.5314 0.3506 0.3215 0.2961 0.2255 0.2076 0.2827 0.5849
0.5770 0.5180 0.5755 0.4274 0.5109 0.5360 0.5044 0.4128 0.4433 0.6403 0.9192 0.7300
0.4137 0.4531 0.6964 0.7781 0.3733 0.3222 0.3826 0.5409 0.7994 0.4749 0.3039 0.3232
0.3569 0.3071 0.4169 0.5396 0.5627 0.8623 0.5152 0.3116 0.2793 0.2604 0.2442 0.2794
0.2430 0.4027 0.3012 0.2804 0.2481 0.3582 0.4520 0.4888 0.7169 0.3396 0.1933 0.1602
0.7693 0.6411 0.4391 0.5270 0.4928 0.5477 0.4988 0.5121 0.5457 0.4811 0.4807 0.5220
0.7548 0.8814 0.8131 0.8081 0.9197 0.7147 0.6492 0.7171 0.5914 0.6775 0.6357 0.5175
0.6449 0.5394 0.3494 0.5712 0.5341 0.3940 0.3531 0.4796 0.4452 0.4273 0.4920 0.4706
0.3016 0.3236 0.2933 0.7028 0.5566 0.3491 0.4489 0.5618 0.7562 0.6724 0.3021 0.2029
0.2155 0.4032 0.4156 0.3379 0.3734 0.5152 0.7236 0.5568 0.1608 0.1334 0.1595 0.2006
0.4973 0.8667 0.5773 0.6005 0.7427 0.7021 0.8468 0.6199 0.4146 0.5039 0.4392 0.4060
0.4880 0.9352 0.6589 0.5232 0.6424 0.5901 0.5354 0.4920 0.4954 0.7798 0.5499 0.4036
0.4539 0.5534 0.5727 0.8558 0.8839 0.6837 0.6412 0.5239 0.4200 0.4096 0.4669 0.3766
0.1993 0.2635 0.4375 0.4002 0.5399 0.6800 0.5306 0.7281 0.4843 0.3876 0.4023 0.2218
0.2860 0.3092 0.4619 0.6560 0.5469 0.4256 0.4358 0.6898 0.6627 0.4492 0.2494 0.2230
0.5794 0.4253 0.3819 0.3891 0.4759 0.5445 0.6850 0.6150 0.3760 0.3705 0.4327 0.5127
0.5455 0.6240 0.4933 0.7186 0.6900 0.5658 0.6063 0.6032 0.6050 0.5583 0.5204 0.3368
0.4224 0.3056 0.3067 0.3116 0.4037 0.4530 0.4334 0.5935 0.6737 0.7253 0.7277 0.4392
0.4494 0.5467 0.7204 0.6512 0.6672 0.6682 0.6294 0.5347 0.4835 0.4426 0.5703 0.4188
0.6298 0.7125 0.6183 0.6564 0.5971 0.5883 0.6070 0.5769 0.4343 0.5218 0.6330 0.6663
0.7020 0.6750 0.6028 0.5429 0.5222 0.5030 0.6376 0.6851 0.5664 0.5123 0.6019 0.7005
0.5861 0.5952 0.5850 0.5132 0.4924 0.4823 0.5798 0.5829 0.7111 0.8153 0.7970 0.5633
0.7271 0.8699 0.7797 0.5333 0.4602 0.3043 0.3368 0.3904 0.4251 0.3809 0.4149 0.5408
0.7035 0.8642 0.6431 0.8160 0.7850 0.6576 0.8353 0.7925 0.6583 0.4688 0.6516 0.4493
0.3770 0.5043 0.6550 0.3254 0.2915 0.4040 0.5005 0.2932 0.3723 0.2378 0.1597 0.2442
0.5333 0.5821 0.6202 0.6159 0.5927 0.8149 0.8747 0.6525 0.4761 0.4267 0.4487 0.4541
0.4851 0.4977 0.5276 0.6698 0.6928 0.7921 0.5135 0.4319 0.5981 0.4672 0.4372 0.4635
0.4842 0.4961 0.6202 0.7860 0.5223 0.7093 0.5528 0.5400 0.5762 0.5376 0.7079 0.5068
0.4678 0.4060 0.5124 0.5651 0.6634 0.6947 0.4716 0.4983 0.5518 0.4644 0.5213 0.6988
0.7702 0.7310 0.6228 0.8313 0.7057 0.6534 0.5915 0.7753 0.6550 0.6540 0.5771 0.7554
0.5655 0.5234 0.7425 0.5976 0.5308 0.6822 0.5873 0.5921 0.6133 0.4883 0.5426 0.6175
0.7964 0.7112 0.5201 0.5092 0.5036 0.6061 0.5885 0.6506 0.5646 0.7179 0.7269 0.8250
0.3495 0.3911 0.4609 0.3890 0.3430 0.4215 0.4679 0.4840 0.6369 0.6459 0.4805 0.3194
0.2187 0.3002 0.2668 0.1906 0.2257 0.3363 0.5193 0.6154 0.5079 0.4951 0.4130 0.1731
0.2640 0.3653 0.2930 0.3186 0.6403 0.6710 0.7690 0.3267 0.3363 0.2501 0.2328 0.2297
0.3589 0.5126 0.6003 0.4667 0.4897 0.4043 0.5229 0.1576 0.1834 0.3166 0.3547 0.3180
0.5909 0.5348 0.6979 0.7255 0.5920 0.6248 0.7567 0.7624 0.6025 0.4394 0.4531 0.4061
0.5895 0.5362 0.7287 0.7718 0.7747 0.6341 0.5427 0.4842 0.4682 0.4323 0.4647 0.4232
0.6578 0.5954 0.6570 0.5621 0.6206 0.5977 0.3516 0.4516 0.3746 0.6082 0.5778 0.4780
0.8605 0.6901 0.5541 0.5143 0.3869 0.2900 0.3782 0.4313 0.4334 0.4120 0.3936 0.5891
0.4439 0.5328 0.6655 0.4893 0.7197 0.6540 0.3290 0.2817 0.3782 0.3904 0.3636 0.4757
0.2904 0.6332 0.6422 0.4282 0.3489 0.2389 0.2123 0.2671 0.4407 0.5148 0.3702 0.3184
0.3424 0.5847 0.7251 0.6909 0.4455 0.5829 0.4645 0.3576 0.3457 0.4755 0.5203 0.2856
0.4729 0.4675 0.2009 0.3140 0.5621 0.7772 0.6341 0.1599 0.1531 0.2381 0.2170 0.3523
0.5388 0.6322 0.5879 0.4944 0.5368 0.6928 0.7548 0.6748 0.6378 0.6180 0.5302 0.4698
0.5032 0.8125 0.5072 0.3953 0.5909 0.5113 0.5240 0.4159 0.7147 0.3261 0.4504 0.3667
0.5088 0.4772 0.5621 0.4730 0.5942 0.4410 0.5059 0.3944 0.4447 0.5719 0.5791 0.5356
0.6362 0.8675 0.7228 0.6015 0.5819 0.6495 0.6814 0.4896 0.5013 0.4895 0.4841 0.4864
0.8521 0.8484 0.7771 0.7049 0.6473 0.6359 0.7203 0.6672 0.6939 0.5393 0.6747 0.5715
0.6309 0.5876 0.4511 0.3910 0.3868 0.2617 0.3257 0.3106 0.3002 0.2748 0.4231 0.6789
0.2936 0.2820 0.3719 0.3623 0.4803 0.5905 0.4784 0.3963 0.5634 0.5348 0.5632 0.3809
0.4321 0.3362 0.3112 0.4017 0.6190 0.6130 0.4997 0.4130 0.4236 0.4110 0.6254 0.7217
0.7067 0.6782 0.5199 0.4487 0.4501 0.6485 0.5696 0.5139 0.4212 0.4595 0.6525 0.6413
0.4976 0.3487 0.3880 0.6211 0.7332 0.7571 0.4357 0.3498 0.2540 0.2757 0.3944 0.4689
0.3564 0.5207 0.4792 0.5363 0.8541 0.3011 0.2378 0.2129 0.2972 0.3970 0.5275 0.7871
0.3237 0.5747 0.5493 0.5206 0.5049 0.2655 0.3315 0.2432 0.2702 0.3940 0.4076 0.4330
0.2490 0.3076 0.2464 0.3325 0.3706 0.5642 0.4353 0.4940 0.3534 0.3175 0.4213 0.3282
0.3773 0.2690 0.2401 0.3116 0.5853 0.4784 0.4079 0.4852 0.4595 0.5457 0.4145 0.4342
0.3424 0.5177 0.5242 0.5606 0.5215 0.5710 0.5222 0.4274 0.3680 0.4920 0.3088 0.2196
0.8273 0.8548 0.6101 0.4263 0.5021 0.5944 0.5306 0.4676 0.5988 0.6441 0.6309 0.6563
0.4561 0.4150 0.5727 0.6349 0.7274 0.5782 0.2910 0.2874 0.3314 0.3068 0.3846 0.2870
0.4847 0.3904 0.5482 0.3677 0.5086 0.4229 0.3619 0.3164 0.3833 0.4375 0.5756 0.5874
0.6674 0.6341 0.6100 0.4454 0.4646 0.4822 0.6025 0.4967 0.6264 0.6648 0.6316 0.5584
0.4863 0.6954 0.7866 0.6458 0.5522 0.7084 0.7197 0.5796 0.5326 0.5533 0.4358 0.3816
0.5553 0.6979 0.7818 0.7434 0.5691 0.6178 0.6437 0.6927 0.5051 0.5467 0.4607 0.4372
0.4080 0.5594 0.7284 0.5374 0.6958 0.7552 0.8006 0.5534 0.4793 0.5543 0.3498 0.3025
0.4054 0.4234 0.2775 0.3515 0.7009 0.7039 0.5373 0.3366 0.2900 0.3053 0.3218 0.3203
0.4772 0.5580 0.6617 0.6381 0.5569 0.6250 0.6777 0.4936 0.3781 0.3905 0.3935 0.4481
0.7616 0.8515 0.7137 0.5064 0.5505 0.5613 0.4766 0.4988 0.3507 0.3314 0.4208 0.5397
0.6485 0.6967 1.0000 0.4714 0.5240 0.5550 0.5638 0.4175 0.4763 0.3603 0.3665 0.5181
0.7146 0.6095 0.5270 0.4419 0.4440 0.3006 0.3126 0.3945 0.4204 0.3392 0.3714 0.5691
0.5317 0.5149 0.7175 0.4599 0.3681 0.4480 0.5841 0.5882 0.8354 0.7089 0.6029 0.6389
0.6398 0.6291 0.6982 0.4278 0.3136 0.4813 0.6090 0.4978 0.6315 0.7379 0.7098 0.6904
0.8461 0.8147 0.8870 0.5898 0.5261 0.5049 0.7554 0.4563 0.4803 0.4733 0.5536 0.8014
1.0000 0.7148 0.5040 0.3588 0.3278 0.2893 0.4514 0.4146 0.4231 0.4148 0.4499 0.5413
0.6717 0.4998 0.5947 0.6109 0.4481 0.4489 0.4857 0.5588 0.5795 0.8517 0.8135 0.5050
0.5853 0.5143 0.5940 0.5110 0.3622 0.3888 0.5854 0.7136 0.7431 0.8206 0.6888 0.5753
0.8258 0.7250 0.7534 0.7237 0.5315 0.4415 0.6390 0.5104 0.4604 0.6017 0.7290 0.7868
0.9379 0.8046 0.6957 0.6624 0.4390 0.4580 0.6527 0.6383 0.4878 0.6096 0.5860 0.7425
0.4470 0.3957 0.4010 0.4516 0.3178 0.2449 0.5952 0.6698 0.5119 0.6189 0.4347 0.2776
0.4646 0.4364 0.4971 0.4263 0.3161 0.3700 0.7777 0.8209 0.2739 0.2452 0.2392 0.2408
0.9669 0.5958 0.6439 0.7070 0.4918 0.5099 0.5937 0.7059 0.3454 0.4252 0.4077 0.4281
0.9215 0.6823 0.6619 0.7102 0.4709 0.5062 0.5972 0.7090 0.3901 0.3730 0.4900 0.7225
0.8429 0.5274 0.5972 0.6307 0.4180 0.3744 0.4622 0.5895 0.3037 0.4126 0.6305 0.7945
0.8533 0.9310 0.6147 0.6972 0.5381 0.5380 0.5860 0.7124 0.4843 0.5501 0.6293 0.6490
0.8032 0.7458 0.6610 0.6202 0.4744 0.5397 0.4818 0.7932 0.5922 0.5278 0.5420 0.6619
0.7488 0.8950 0.7115 0.7286 0.8563 0.5945 0.5601 0.8514 0.6064 0.4835 0.5798 0.5695
0.7930 0.9441 0.6288 0.5132 0.8185 0.4548 0.4632 0.6577 0.5552 0.4216 0.4983 0.6116
0.5755 1.0000 0.6160 0.6118 0.7919 0.5184 0.4602 0.6133 0.5465 0.3857 0.4088 0.3868
0.6212 0.9146 0.5127 0.6583 0.7123 0.4671 0.4648 0.5253 0.6618 0.5955 0.5367 0.6324
0.6375 0.7343 0.7300 0.6692 0.5194 0.4518 0.4644 0.5305 0.7915 0.5743 0.6237 0.5918
0.6523 0.6211 0.6978 0.7169 0.5281 0.4739 0.4564 0.5825 0.8683 0.4836 0.5086 0.4277
0.5098 0.5337 0.8609 0.8888 0.4563 0.4566 0.4283 0.4866 0.5867 0.4936 0.7046 0.3506
0.7022 0.6110 0.9071 0.6247 0.4182 0.5218 0.4635 0.4083 0.6343 0.5662 0.6083 0.5599
0.7029 0.7092 0.6511 0.3763 0.3331 0.4125 0.3280 0.3507 0.5051 0.3571 0.4461 0.6675
0.3736 0.4141 0.8150 0.4406 0.3324 0.5064 0.5525 0.6710 0.6640 0.4307 0.2510 0.3058
0.4636 0.4588 0.7310 0.4261 0.3123 0.5001 0.5807 0.5826 0.6610 0.6071 0.5522 0.3759
0.6116 0.6207 1.0000 0.5603 0.4463 0.6384 0.4712 0.3942 0.5425 0.5680 0.3944 0.4077
0.4497 0.3831 1.0000 0.4868 0.4125 0.6150 0.3694 0.2728 0.4047 0.4388 0.2750 0.3055
0.5101 0.4911 0.9851 0.5520 0.4434 0.5378 0.3332 0.3060 0.4099 0.4805 0.3296 0.3632
0.5798 0.6238 0.7019 0.6205 0.5397 0.3123 0.2518 0.3482 0.4011 0.5042 0.6062 0.5369
0.6578 0.7050 0.6647 0.4244 0.3117 0.3990 0.3439 0.4419 0.4666 0.5997 0.5836 0.4027
0.6303 0.6008 0.7547 0.4332 0.3848 0.5509 0.4779 0.6200 0.6106 0.6614 0.6064 0.6125
0.5941 0.3370 0.4980 0.4920 0.3440 0.3571 0.3735 0.4933 0.4444 0.4584 0.5504 0.9508
0.5364 0.4457 0.2887 0.1584 0.1497 0.2982 0.2565 0.2954 0.3227 0.3590 0.6360 0.5173
0.8388 0.5258 0.5749 0.4353 0.5531 0.5305 0.3059 0.3632 0.4556 0.5596 0.5497 0.7903
0.8397 0.6346 0.8135 0.7904 0.6783 0.5433 0.6162 0.7128 0.5835 0.6613 0.4280 0.5378
0.7115 0.6445 0.5629 0.6915 0.5169 0.5934 0.6586 0.5851 0.7198 0.7966 0.5201 0.4902
0.6856 0.6172 0.5850 0.5575 0.4151 0.4286 0.6348 0.6053 0.6706 0.7560 0.6706 0.7262
0.6798 0.5923 0.6147 0.8578 0.4687 0.4460 0.4981 0.5039 0.4802 0.6492 0.6889 0.6683
0.6621 0.7359 0.6901 0.9470 0.5846 0.5925 0.6067 0.6180 0.4043 0.6736 0.5889 0.4772
0.6736 0.6878 0.5817 0.8026 0.4020 0.4259 0.4825 0.6304 0.6376 0.6662 0.7978 0.6796
0.6114 0.4684 0.3788 0.4348 0.2505 0.2881 0.2304 0.2455 0.3685 0.5696 0.6461 0.6603
0.6786 0.8195 0.7657 0.6681 0.3830 0.5092 0.5100 0.3914 0.4901 0.6863 0.6272 0.7011
0.8551 0.6997 0.6022 0.6150 0.4400 0.4973 0.6191 0.6212 0.6348 0.5604 0.7902 0.8821
0.7326 0.8349 0.7128 0.8534 0.6780 0.6087 0.8133 0.5905 0.5102 0.5790 0.8977 0.4026
0.4507 0.3669 0.5286 0.5853 0.4687 0.4559 0.5256 0.5724 0.5292 0.5323 0.5996 0.3543
0.6576 0.6931 0.5537 0.6058 0.8140 0.6734 0.5801 0.6495 0.5762 0.5278 0.9164 0.6066
0.7400 0.5800 0.4384 0.3828 0.6043 0.5849 0.5420 0.4802 0.5433 0.5826 0.6816 0.8271
0.5958 0.6631 0.5181 0.4442 0.6601 0.4900 0.4756 0.3956 0.4452 0.5334 0.7826 0.6794
0.8010 0.6532 0.4648 0.4427 0.5982 0.4455 0.5205 0.5054 0.4473 0.5783 0.7618 0.7622
0.6662 0.8284 0.6515 0.4637 0.5140 0.4655 0.6188 0.5162 0.4299 0.5015 0.6911 0.5060
0.7967 0.7621 0.6785 0.6234 0.8499 0.6043 0.6179 0.6237 0.5405 0.5924 0.7748 0.6814
0.8544 0.7343 0.6550 0.4914 0.7059 0.7089 0.6007 0.7426 0.7187 0.5108 0.5693 0.6405
0.7516 0.7685 0.6808 0.5947 0.9203 0.7505 0.7518 0.7173 0.7028 0.5758 0.6892 0.7713
0.4553 0.6153 0.6287 0.5100 0.9994 0.5746 0.4830 0.5808 0.4467 0.4024 0.4500 0.7037
0.4687 0.5045 0.4805 0.3356 0.7533 0.5108 0.5338 0.4439 0.4189 0.5716 0.7455 0.7980
0.5850 0.5543 0.6211 0.5114 0.7514 0.5825 0.6804 0.5746 0.5905 0.5799 0.5070 0.6785
0.7555 0.7101 0.5952 0.5376 0.8941 0.6953 0.5990 0.6345 0.5079 0.5531 0.5141 0.9690
0.7991 0.5804 0.2895 0.3629 0.4455 0.4557 0.3686 0.4365 0.5660 0.6926 0.7814 0.6530
0.6733 0.7687 0.5579 0.5729 0.7912 0.6633 0.5114 0.5072 0.5628 0.5909 0.4695 0.6963
0.5964 0.9126 0.6245 0.4129 0.7894 0.7927 0.5594 0.5710 0.5177 0.4849 0.4359 0.9873
0.6111 0.8188 0.5955 0.3739 0.5487 0.8258 0.5620 0.5914 0.4405 0.3900 0.3718 0.8812
0.6738 0.6546 0.7775 0.4662 0.5429 0.6393 0.4547 0.3698 0.3986 0.3718 0.3780 0.7267
0.7526 0.6557 0.6399 0.5325 0.7319 0.6486 0.5526 0.6118 0.6501 0.5267 0.5553 0.7303
0.5969 0.6121 0.5939 0.5377 0.4373 0.5939 0.5852 0.5719 0.7040 0.4462 0.4007 0.5713
0.4196 0.4427 0.3945 0.4347 0.4060 0.4741 0.7489 0.5437 0.4649 0.4693 0.3747 0.4390
0.3954 0.4925 0.6057 0.6033 0.5566 0.6691 0.6911 0.4068 0.4554 0.4635 0.5246 0.4170
0.6495 0.6901 0.8019 0.6064 0.4266 0.5095 0.4799 0.3544 0.4292 0.3461 0.3975 0.5042
0.8163 0.6679 0.4994 0.3478 0.3182 0.4458 0.3344 0.3328 0.3694 0.3243 0.4557 0.6962
0.8711 0.7308 0.7748 0.5258 0.5095 0.7155 0.5812 0.6459 0.6646 0.4765 0.5291 0.5943
0.9885 0.6909 0.5942 0.4631 0.4626 0.7038 0.3970 0.4111 0.4860 0.3946 0.5201 0.5267
0.8766 0.6204 0.3455 0.2845 0.3079 0.4035 0.5192 0.5174 0.4033 0.3448 0.3964 0.4520
0.6651 0.5489 0.5808 0.5123 0.3163 0.3447 0.3994 0.4199 0.4826 0.5972 0.7105 0.5030
0.7211 0.4604 0.5095 0.3846 0.3205 0.2982 0.4111 0.4145 0.4494 0.5551 0.6816 0.8040
0.3258 0.3160 0.4878 0.3516 0.2464 0.2982 0.5941 0.5489 0.3886 0.3916 0.5185 0.4172
0.6109 0.4395 0.5714 0.3316 0.3528 0.2910 0.3873 0.6037 0.4762 0.3610 0.3982 0.5074
0.4322 0.4538 0.4102 0.2849 0.3178 0.4295 0.8959 0.6650 0.4054 0.2013 0.2338 0.2080
0.6635 0.5245 0.5589 0.3403 0.4150 0.6631 0.6471 0.5013 0.3560 0.3374 0.3426 0.2985
0.5656 0.6733 0.6591 0.7107 0.7409 0.5151 0.4999 0.5002 0.4152 0.3342 0.6805 0.7214
0.5658 0.5439 0.9729 0.7026 0.4431 0.4611 0.3865 0.3081 0.3216 0.4560 0.4954 0.3869
0.9134 0.7089 0.8899 0.7226 0.6182 0.8132 0.7121 0.6765 0.6569 0.6269 0.6379 0.5828
0.8965 0.7888 0.9307 0.6714 0.5750 0.7555 0.7173 0.6806 0.7073 0.6275 0.5879 0.6389
0.7844 0.9199 0.8837 0.8401 0.7338 0.7415 0.7604 0.6283 0.8053 0.7254 0.5960 0.8304
0.8035 0.6413 0.8788 0.7801 0.6910 0.7734 0.6576 0.6075 0.7142 0.6968 0.6515 0.6800
0.6836 0.7670 0.9743 0.9003 0.8126 0.7879 0.8563 0.7276 0.7123 0.6360 0.6066 0.6121
0.8659 0.8203 0.7246 0.8097 0.9450 0.7871 0.6815 0.6981 0.6427 0.6896 0.7769 0.7078
0.7248 0.9190 0.8383 0.6951 0.7427 0.6296 0.7631 0.8054 0.8309 0.7146 0.8508 0.5938
0.7033 0.7337 0.7041 0.6677 0.6703 0.7949 0.9264 0.6311 0.6597 0.6286 0.5534 0.6100
0.6583 0.7496 0.6357 0.7020 0.7133 0.5269 0.5714 0.6558 0.7069 0.4837 0.5261 0.5318
0.5045 0.7355 0.7885 0.7498 0.5344 0.4448 0.5061 0.3962 0.3737 0.3998 0.3923 0.4248
0.7223 0.8383 0.6828 0.7480 0.8138 0.7793 0.5156 0.8712 0.7859 0.6472 0.6094 0.4762
0.6494 0.6918 0.5933 0.5122 0.5888 0.6216 0.5422 0.5708 0.6394 0.7077 0.6209 0.6244
0.4848 0.7171 0.8585 0.4697 0.3507 0.3265 0.3118 0.2855 0.3976 0.4849 0.3088 0.3436
0.4450 0.4444 0.4991 0.4138 0.5629 0.5358 0.6847 0.6074 0.5363 0.6187 0.5104 0.3766
0.3500 0.3306 0.3272 0.4712 0.8004 0.3755 0.3741 0.3927 0.3493 0.6353 0.3428 0.3554
0.7458 0.8200 0.6850 0.4662 0.5198 0.4158 0.4611 0.4281 0.3984 0.4032 0.4610 0.6500
0.6959 0.7470 0.6411 0.5704 0.5674 0.6051 0.5665 0.4616 0.3729 0.3924 0.5271 0.6106
0.7316 0.8291 0.8761 0.6970 0.7044 0.7980 0.8302 0.6049 0.5038 0.6591 0.6747 0.6431
0.6333 0.8971 0.7885 0.6558 0.6617 0.7549 0.7811 0.6195 0.6317 0.7833 0.9280 0.6052
0.5174 0.7059 0.7229 0.6011 0.6476 0.8363 0.9910 0.5380 0.5994 0.5341 0.7911 0.5184
0.6049 0.5594 0.6543 0.5710 0.6183 0.9085 0.7709 0.5337 0.5021 0.4665 0.9061 0.4507
0.5436 0.5671 0.5192 0.4942 0.5346 0.7581 0.6462 0.4592 0.4070 0.3649 1.0000 0.3849
0.5970 0.5582 0.5058 0.5505 0.6098 0.7478 0.6880 0.6117 0.4453 0.4752 1.0000 0.4500
0.7410 0.7139 0.9168 0.8086 0.6384 0.6008 0.7079 0.6800 0.5369 0.5143 0.6112 0.6007
0.5437 0.7517 0.5328 0.5139 0.4358 0.4216 0.5960 0.5706 0.5396 0.4501 0.5284 0.6235
0.7107 0.2607 0.3198 0.2447 0.3549 0.4024 0.4879 0.6160 0.1972 0.3103 0.5963 0.6351
0.5614 0.2767 0.2776 0.2595 0.3789 0.4124 0.8023 0.3805 0.2136 0.2994 0.5963 0.9004
0.7474 0.3314 0.2898 0.2535 0.2981 0.4009 0.5092 0.5539 0.2472 0.2190 0.5421 0.5569
0.5085 0.3915 0.3812 0.5800 0.5626 0.4428 0.5864 0.3884 0.5466 0.4376 0.5064 0.6991
0.3249 0.3332 0.3195 0.2886 0.4637 0.5875 0.5039 0.3855 0.2490 0.5522 0.6254 0.6933
0.1854 0.2290 0.2850 0.1755 0.6652 0.5706 0.2017 0.1665 0.2256 0.6940 0.6939 0.2527
0.2101 0.2557 0.3617 0.4356 0.6429 0.6648 0.2741 0.4267 0.5715 0.5718 0.6819 0.2887
0.4162 0.5055 0.3899 0.6712 0.7007 0.6206 0.5256 0.4445 0.7626 0.6506 0.4421 0.3226
0.1963 0.3129 0.3858 0.5034 0.8785 0.4718 0.5614 0.3721 0.5847 0.7358 0.3984 0.2222
0.5629 0.3409 0.4095 0.4323 0.6454 0.5873 0.7401 0.5879 0.5308 0.4073 0.3545 0.6477
0.5325 0.5681 0.6176 0.5115 0.6053 0.6295 0.9057 0.6719 0.4767 0.3543 0.3643 0.5519
0.5852 0.9200 0.7339 0.5317 0.6556 0.6129 0.6997 0.6873 0.5441 0.4204 0.3992 0.4455
0.1837 0.2786 0.4507 0.4680 0.6370 0.5141 0.4194 0.5309 0.4014 0.3461 0.2919 0.2091
0.5224 0.5274 0.4593 0.4577 0.5977 0.7119 0.5250 0.5077 0.6601 0.7837 0.7975 0.4901
0.8390 0.8050 0.9644 0.7423 0.6923 0.7946 0.8597 0.7622 0.6901 0.6812 0.9281 0.6828
0.6468 0.7842 0.9279 0.6297 0.6568 0.8621 0.8420 0.6582 0.6678 0.5252 0.6596 0.5317
0.3449 0.5253 0.5702 0.5915 0.6658 0.5786 0.6510 0.5801 0.6397 0.7367 0.6107 0.4150
0.4878 0.4276 0.4590 0.6577 0.6735 0.5988 0.6291 0.7093 0.8273 0.6072 0.4129 0.3898
0.3103 0.3518 0.5388 0.6022 0.7314 0.5890 0.4872 0.4297 0.6196 0.4901 0.5790 0.4327
0.2786 0.3015 0.3575 0.2820 0.4994 0.7125 0.4169 0.2546 0.2501 0.3049 0.8728 0.4623
0.3777 0.6454 0.5936 0.4969 0.7531 0.4728 0.5458 0.4437 0.5905 0.5232 0.3064 0.2608
0.6770 0.8669 0.6602 0.7085 0.6731 0.7206 0.7725 0.5212 0.4310 0.4542 0.4945 0.3959
0.3063 0.3894 0.5030 0.4396 0.3868 0.5996 0.7745 0.7231 0.5108 0.4054 0.4031 0.3309
0.5690 0.6606 0.7644 0.6905 0.8011 0.6536 0.7536 0.6862 0.6849 0.6519 0.5452 0.5898
0.8255 0.8836 0.8365 0.6497 0.6638 0.6761 0.7358 0.6683 0.5383 0.5417 0.6394 0.4812
0.4367 0.5424 0.8336 0.4208 0.5873 0.7011 0.5944 0.6039 0.4511 0.4869 0.6935 0.5096
0.4508 0.2553 0.4200 0.3574 0.4620 0.6669 0.4854 0.3618 0.2288 0.3760 0.7438 0.5004
0.3586 0.3598 0.6193 0.5045 0.7159 0.6881 0.4252 0.3975 0.4687 0.4626 0.6272 0.4586
0.4395 0.3628 0.4384 0.3527 0.3675 0.5884 0.6499 0.3035 0.3093 0.3049 0.7236 0.7589
0.5720 0.3789 0.3258 0.3125 0.6240 0.5502 0.5471 0.5946 0.3835 0.6306 0.6799 0.5869
0.4556 0.4025 0.4727 0.5970 0.5898 0.5426 0.5571 0.3649 0.5081 0.5290 0.4588 0.6159
0.3119 0.2550 0.2421 0.3306 0.6524 0.6560 0.5483 0.3120 0.3927 0.4713 0.7415 0.6467
0.3923 0.4071 0.3564 0.3073 0.3961 0.5829 0.5911 0.2539 0.2408 0.3237 0.6427 0.8557
0.2599 0.4809 0.4160 0.3658 0.7916 0.6128 0.4206 0.3575 0.4011 0.7776 0.7258 0.3857
0.2906 0.3511 0.3769 0.3466 0.6760 0.5881 0.4644 0.5046 0.4871 0.7480 0.7489 0.5375
0.2137 0.2260 0.2506 0.3194 0.6146 0.5904 0.2682 0.2691 0.4367 0.5857 0.7306 0.2647
0.3417 0.3681 0.3629 0.4026 0.7910 0.8087 0.5223 0.4232 0.4702 0.5273 0.6626 0.4108
0.7428 0.7149 0.8913 0.7604 0.8391 0.8316 0.8034 0.6060 0.5464 0.5419 0.5954 0.5948
0.6657 0.9174 0.8483 0.9062 0.7418 0.6626 0.5027 0.5586 0.5006 0.4869 0.3913 0.4167
0.4165 0.5271 0.5725 0.7319 0.8609 0.7291 0.7599 0.5262 0.5373 0.4073 0.3610 0.3799
0.4826 0.2897 0.2837 0.3718 0.6231 0.4930 0.4430 0.4730 0.3458 0.6200 0.5602 0.6128
0.4148 0.3795 0.4562 0.4417 0.3963 0.3407 0.5487 0.7504 0.5167 0.2535 0.3666 0.5287
0.2843 0.4078 0.3339 0.2788 0.3427 0.6373 0.9212 0.5569 0.2805 0.3723 0.4750 0.2588
0.3207 0.3257 0.3052 0.4299 0.4663 0.5916 0.7068 0.3646 0.4358 0.3830 0.6588 0.5400
0.2311 0.3174 0.4103 0.5349 0.6350 0.3626 0.3712 0.7340 0.6687 0.3689 0.2314 0.2571
0.4415 0.5119 0.2796 0.3833 0.4460 0.6779 0.8682 0.5483 0.3778 0.5620 0.3572 0.2269
0.4255 0.4313 0.3410 0.4086 0.9055 0.6473 0.4759 0.5075 0.5605 0.3763 0.3129 0.5319
0.6114 0.6955 0.8809 0.8713 0.8292 0.6453 0.6912 0.6302 0.4933 0.4557 0.4491 0.4800
0.7878 0.9405 0.9374 0.7424 0.7147 0.6890 0.8934 0.7656 0.5375 0.7640 0.8959 0.6301
0.6410 1.0000 0.7099 0.6810 0.6827 0.5474 0.6693 0.6780 0.6004 0.5117 0.6072 0.5078
0.7344 1.0000 0.7254 0.5083 0.6994 0.5439 0.6102 0.4766 0.3733 0.3168 0.4355 0.3878
0.5137 0.7190 0.5013 0.8176 0.9122 0.6904 0.7377 0.6147 0.5309 0.4464 0.4831 0.4234
0.4046 0.5042 0.3786 0.5581 0.6272 0.7498 0.8526 0.4218 0.4580 0.3461 0.3521 0.3728
0.6942 0.8565 0.8058 0.7201 0.8443 0.7764 0.7554 0.6702 0.6226 0.4701 0.6051 0.5458
0.5719 0.8373 0.7543 0.6454 0.6062 0.5932 0.8000 0.5890 0.4572 0.4274 0.5818 0.4069
0.9082 0.8786 0.8974 0.6604 0.6255 0.6263 0.7493 0.6124 0.4737 0.5773 0.7753 0.6429
0.8145 0.9307 0.8767 0.6610 0.5918 0.5599 0.8072 0.6555 0.5198 0.5575 0.6066 0.5180
0.3940 0.4534 0.5470 0.7275 0.4237 0.6953 0.6680 0.7425 0.6110 0.3772 0.3538 0.3392
0.5925 0.6974 0.7808 0.8554 0.6668 0.5416 0.7600 0.7906 0.4917 0.4786 0.5008 0.4659
0.4423 0.3857 0.2767 0.3452 0.4363 0.7512 0.8152 0.3619 0.2379 0.3747 0.4079 0.2630
0.4600 0.3028 0.4018 0.3717 0.5801 0.6520 0.5489 0.6491 0.3874 0.3736 0.2035 0.3058
0.4472 0.4486 0.5359 0.5667 0.5137 0.7175 0.6380 0.6371 0.6368 0.4554 0.6301 0.3920
0.3898 0.4341 0.4729 0.6005 0.5146 0.5721 0.6753 0.5808 0.6447 0.3414 0.3811 0.2774
0.4640 0.5197 0.6458 0.6283 0.4935 0.4760 0.6550 0.7512 0.6620 0.3769 0.4870 0.4246
0.3941 0.5796 0.7910 0.7466 0.3744 0.3807 0.4245 0.3483 0.3308 0.4271 0.4186 0.2955
0.4947 0.6182 0.8046 0.4815 0.3146 0.3649 0.6004 0.7146 0.3831 0.4909 0.5937 0.5512
0.6085 0.5615 0.4454 0.4256 0.4745 0.4135 0.4798 0.6298 0.4801 0.6803 0.7393 0.7003
0.4072 0.3618 0.4346 0.7144 0.6814 0.5988 0.4437 0.6776 0.4824 0.4842 0.6009 0.4178
0.5182 0.5562 0.7163 0.5903 0.7139 0.7548 0.8089 0.5706 0.5095 0.6229 0.5459 0.4377
0.5178 0.7374 0.8002 0.6303 0.8665 0.9581 0.6286 0.4724 0.4102 0.4119 0.4817 0.3868
0.4721 0.5839 0.6280 0.4800 0.5651 0.5593 0.4917 0.4290 0.3883 0.5137 0.4334 0.3686
0.7695 0.8428 0.6766 0.6378 0.4088 0.3762 0.3866 0.4301 0.7431 0.6465 0.3538 0.4478
0.7928 0.9288 0.6461 0.7079 0.5686 0.5863 0.7052 0.6886 0.6617 0.7089 0.5402 0.5577
0.7855 0.7971 0.8057 0.7945 0.7191 0.7749 0.8725 0.7894 0.6867 0.5591 0.5810 0.5593
0.3942 0.5666 0.4536 0.4954 0.3089 0.3413 0.6004 0.4995 0.7246 0.4348 0.3985 0.3110
0.6037 0.7232 0.4871 0.5226 0.5782 0.6456 0.8057 0.5460 0.5865 0.6170 0.4820 0.4975
0.6247 0.5619 0.6407 0.6149 0.7005 0.5159 0.4907 0.4665 0.4292 0.5841 0.5677 0.6462
0.7023 0.9279 0.9228 0.5446 0.6928 0.6561 0.6153 0.5797 0.5572 0.5197 0.4818 0.5086
0.5224 0.9439 0.7589 0.6298 0.5905 0.5299 0.7724 0.5621 0.5119 0.5068 0.3896 0.3175
0.5168 0.5934 0.5634 0.4931 0.3669 0.3647 0.3786 0.4807 0.7091 0.8453 0.3763 0.3479
0.4442 0.7682 0.5836 0.5535 0.4811 0.3179 0.3621 0.5546 0.6199 0.3094 0.2852 0.3297
0.7349 0.5534 0.4833 0.6034 0.5983 0.4375 0.6287 0.7098 0.5978 0.6399 0.5372 0.6001
0.3718 0.6724 0.5381 0.3861 0.4691 0.3575 0.6042 0.7129 0.4546 0.5852 0.4347 0.3300
0.3985 0.4666 0.6495 0.5634 0.4712 0.3786 0.5388 0.7645 0.7558 0.5493 0.3007 0.3603
0.5845 0.6097 0.6776 0.6124 0.3842 0.3581 0.5061 0.6884 0.7980 0.5212 0.4415 0.4162
0.4087 0.4741 0.3722 0.4994 0.6138 0.6500 0.5974 0.6313 0.3619 0.2839 0.2434 0.2917
0.5015 0.5921 0.6426 0.6420 0.3284 0.4342 0.5972 0.7563 0.8241 0.5112 0.3916 0.3571
0.4677 0.6037 0.5576 0.5874 0.7096 0.5813 0.7270 0.7888 0.5186 0.4542 0.4310 0.4549
0.3142 0.3818 0.3906 0.4179 0.6514 0.4761 0.7142 0.6601 0.4298 0.3131 0.2933 0.3188
0.4167 0.6516 0.6559 0.6523 0.5927 0.5859 0.7550 0.8092 0.6925 0.5692 0.4345 0.3713
0.6366 0.9067 0.8337 0.5998 0.6667 0.6437 0.8617 0.7147 0.6803 0.5551 0.7027 0.5523
0.8337 0.8309 0.9627 0.5172 0.7382 0.6854 0.7495 0.7240 0.6674 0.5354 0.7332 0.5454
0.3891 0.5206 0.4904 0.5350 0.7296 0.4768 0.7034 0.6777 0.6493 0.5145 0.4384 0.4490
0.5904 0.6104 0.6209 0.5446 0.7609 0.5882 0.6126 0.6543 0.5735 0.4326 0.4453 0.5508
0.4794 0.4484 0.4955 0.4128 0.4134 0.7351 0.8467 0.7124 0.4965 0.4272 0.3270 0.4336
0.4731 0.3929 0.5319 0.4879 0.7024 0.8007 0.3980 0.3838 0.5276 0.5088 0.2451 0.3357
0.4074 0.4535 0.4153 0.5034 0.4096 0.7557 0.6182 0.5751 0.6929 0.6930 0.5652 0.4150
0.5127 0.5904 0.6538 0.5770 0.6271 0.6676 0.7945 0.8248 0.4701 0.4893 0.3617 0.3637
0.6411 0.5216 0.4603 0.3621 0.4041 0.3109 0.6580 0.8635 0.5055 0.4294 0.4969 0.4541
0.4422 0.6936 0.5393 0.2590 0.2668 0.3059 0.3471 0.4778 0.7109 0.6729 0.5708 0.3719
0.5039 0.6748 0.5019 0.5264 0.6118 0.5868 0.5261 0.5774 0.4681 0.5940 0.6665 0.3964
0.7143 0.9125 0.8138 0.7749 0.5963 0.5659 0.6525 0.6267 0.5341 0.6353 0.7584 0.5297
0.5314 0.4969 0.6777 0.4571 0.3701 0.3693 0.3452 0.3625 0.6642 0.5962 0.4898 0.4545
0.3839 0.4002 0.3667 0.3857 0.4238 0.3979 0.2706 0.5047 0.4979 0.6711 0.6330 0.3437
0.5328 0.4385 0.3497 0.3596 0.3893 0.4461 0.2900 0.2861 0.3545 0.4653 0.5713 0.6833
0.3747 0.3988 0.4261 0.4528 0.4194 0.4054 0.4075 0.6666 0.9404 0.7263 0.5205 0.3391
0.4286 0.6027 0.6002 0.5749 0.4996 0.5771 0.6664 0.5264 0.3904 0.5012 0.6334 0.4467
0.5712 0.4538 0.4566 0.2890 0.3076 0.3972 0.4850 0.3441 0.2448 0.3427 0.6483 0.7261
0.4455 0.7050 0.8989 0.6932 0.5996 0.5855 0.6002 0.4748 0.4285 0.5707 0.5826 0.3584
0.6382 0.9556 0.8226 0.6050 0.7370 0.7035 0.7066 0.6535 0.6102 0.5183 0.6835 0.4253
0.6351 0.6998 0.6730 0.6041 0.5411 0.5230 0.4672 0.4938 0.3605 0.3372 0.3786 0.3251
0.7294 0.8697 0.9313 0.8123 0.6038 0.9530 0.7717 0.7151 0.5898 0.5255 0.5666 0.4333
0.8017 0.9275 0.8550 0.8629 0.7555 0.5799 0.6879 0.5875 0.6233 0.6175 0.7808 0.5317
0.6093 0.4052 0.2348 0.1876 0.1778 0.2592 0.3832 0.3045 0.3474 0.2688 0.5440 0.6823
0.2119 0.3266 0.2704 0.3043 0.3683 0.3392 0.4968 0.4352 0.5611 0.7899 0.7450 0.2623
0.4880 0.3171 0.3793 0.3576 0.4114 0.3634 0.4631 0.3485 0.3643 0.4646 0.7966 0.8329
0.4642 0.5830 0.6731 0.6797 0.8223 0.6960 0.5982 0.5644 0.5342 0.5856 0.6104 0.4767
0.7472 0.6088 0.6689 0.6052 0.6215 0.4490 0.6583 0.7796 0.5770 0.5911 0.5982 0.6860
0.5965 0.4214 0.3245 0.4098 0.8376 0.6070 0.5937 0.5598 0.5433 0.5175 0.4413 0.6388
0.4561 0.4864 0.4495 0.4282 0.4829 0.5862 0.7797 0.6629 0.5521 0.6235 0.4543 0.3840
0.5006 0.5544 0.6325 0.6730 0.7024 0.6562 0.4935 0.5340 0.7077 0.6960 0.6472 0.3728
0.4542 0.4114 0.6226 0.5244 0.5711 0.5566 0.5023 0.5303 0.6948 0.6002 0.7162 0.4157
0.4860 0.4945 0.5766 0.5181 0.4289 0.3932 0.4769 0.5005 0.5896 0.5604 0.5959 0.4185
0.4883 0.5723 0.5441 0.3789 0.4735 0.6267 0.6420 0.3891 0.4272 0.4720 0.5707 0.6857
0.4020 0.6117 0.7947 0.6793 0.5086 0.6140 0.7885 0.6168 0.4751 0.4980 0.4678 0.3591
0.4837 0.6291 0.9198 0.6220 0.5639 0.6375 0.7710 0.7018 0.5461 0.4135 0.6193 0.4639
0.2514 0.2324 0.2799 0.1961 0.4587 0.4532 0.4897 0.5183 0.6494 0.5654 0.4337 0.2272
0.2779 0.2700 0.4235 0.4196 0.3438 0.5707 0.6310 0.5601 0.3812 0.3632 0.3253 0.1924
0.6591 0.6117 0.9858 0.8620 0.6868 0.7403 0.6528 0.5859 0.5473 0.5425 0.6023 0.5585
0.7187 0.6692 0.5918 0.7094 0.7867 0.5931 0.7288 0.6738 0.7088 0.7504 0.6379 0.5543
0.5346 0.4872 0.3530 0.4438 0.7705 0.5125 0.4919 0.4879 0.3976 0.3838 0.4390 0.5399
0.6041 0.4794 0.4614 0.4767 0.6213 0.7695 0.5163 0.3587 0.3882 0.5036 0.4468 0.3256
0.5223 0.8197 0.8775 0.4097 0.2825 0.3931 0.3355 0.3866 0.4200 0.4653 0.3595 0.3258
0.7195 0.8671 0.9255 0.7114 0.6120 0.7582 0.6840 0.6679 0.6695 0.5946 0.5385 0.4754
0.4575 0.5296 0.5025 0.5192 0.4378 0.7426 0.7066 0.6349 0.5756 0.5276 0.3416 0.3413
0.4394 0.3997 0.2888 0.2734 0.2557 0.2600 0.1697 0.2067 0.3368 0.5749 0.5927 0.3284
0.2637 0.4048 0.3884 0.6047 0.4237 0.4158 0.3431 0.2927 0.2479 0.3483 0.4704 0.2237
0.2307 0.5237 0.3184 0.2432 0.3054 0.5735 0.7361 0.7924 0.4388 0.2717 0.2449 0.2064
0.5928 0.7397 0.6816 0.4655 0.5918 0.9025 0.7608 0.5977 0.5234 0.5083 0.7139 0.5877
0.5767 0.7234 0.9554 0.8749 0.7007 0.5308 0.7034 0.6683 0.6798 0.5076 0.7350 0.5129
0.2952 0.3796 0.5386 0.8091 0.4355 0.2527 0.2464 0.2971 0.3281 0.3621 0.3572 0.2469
0.3673 0.4761 0.8030 0.6511 0.5288 0.5999 0.4250 0.3773 0.4132 0.4638 0.4279 0.2880
0.6309 0.6219 0.6996 0.5388 0.3687 0.3578 0.6369 0.6320 0.3584 0.4358 0.4686 0.5545
0.6448 0.4630 0.4602 0.6154 0.3927 0.2392 0.2125 0.3057 0.3102 0.2474 0.2642 0.2579
0.4627 0.6102 0.6571 0.6835 0.5924 0.4325 0.3329 0.4540 0.5838 0.5982 0.4271 0.3361
0.6364 0.9931 0.6659 0.5267 0.5506 0.5476 0.5457 0.5249 0.5391 0.5064 0.4586 0.3551
0.5939 0.7117 0.5492 0.5121 0.3690 0.4356 0.4644 0.4183 0.4368 0.4289 0.6964 0.5399
0.3519 0.4106 0.3514 0.3164 0.3960 0.3017 0.4199 0.3955 0.2958 0.4032 0.5407 0.4275
0.2041 0.2814 0.2983 0.5682 0.5672 0.3485 0.4760 0.6763 0.4219 0.2399 0.3750 0.2734
0.2109 0.2472 0.3042 0.3297 0.2294 0.4029 0.3226 0.7738 0.6509 0.3865 0.2708 0.1926
0.3335 0.2605 0.2662 0.3051 0.7033 0.8085 0.3252 0.3726 0.3448 0.2895 0.2723 0.2795
0.3586 0.3511 0.4734 0.9248 0.6796 0.3699 0.3530 0.3520 0.2529 0.2588 0.7142 0.3226
0.8915 0.8720 0.8329 0.8741 0.6366 0.8684 0.6878 0.5705 0.5428 0.5910 0.7394 0.5094
0.6708 0.6888 0.5882 0.5041 0.3105 0.4285 0.4452 0.2955 0.3506 0.5935 0.6658 0.5260
0.3963 0.4474 0.4076 0.4040 0.3741 0.7288 0.5125 0.4927 0.4500 0.5143 0.5695 0.3956
0.3117 0.3116 0.3991 0.5347 0.3896 0.4380 0.4598 0.6444 0.6173 0.5909 0.4439 0.3110
0.5747 0.7784 0.8539 0.6678 0.7808 0.6759 0.5806 0.5302 0.4522 0.4626 0.4686 0.4754
0.4804 0.6011 0.6885 0.4381 0.6214 0.5942 0.5554 0.4955 0.5874 0.5295 0.5309 0.5528
0.5946 0.7848 0.5233 0.4884 0.5545 0.5106 0.4886 0.4102 0.3461 0.3785 0.3646 0.4100
0.6817 0.9969 0.6690 0.7203 0.7308 0.6828 0.6071 0.5591 0.7205 0.6099 0.7377 0.5835
0.5016 0.9336 0.9112 0.7448 0.7528 0.6035 0.6574 0.6071 0.5691 0.5486 0.5809 0.3934
0.4865 0.5448 0.5735 0.4806 0.6534 0.6105 0.5741 0.6690 0.4912 0.5086 0.5516 0.5474
0.4070 0.4537 0.4661 0.7202 0.7415 0.4987 0.4405 0.3435 0.2552 0.2520 0.2850 0.4465
0.3441 0.4612 0.4524 0.8709 0.8409 0.4482 0.3884 0.3706 0.3540 0.2586 0.4012 0.5361
0.4292 0.5074 0.4881 0.5004 0.7724 0.5958 0.5461 0.5094 0.5361 0.4658 0.4142 0.4552
0.4152 0.4174 0.3678 0.7272 0.7939 0.5977 0.3749 0.3320 0.2879 0.2282 0.3942 0.4917
0.6055 0.7070 0.4945 0.4800 0.3823 0.5401 0.5294 0.4993 0.5974 0.7112 0.5708 0.4035
0.2024 0.2220 0.1839 0.5532 0.5284 0.2788 0.4264 0.5432 0.4351 0.3914 0.3751 0.2966
0.1296 0.1507 0.2248 0.3809 0.2835 0.2594 0.4534 0.5778 0.3782 0.2451 0.2836 0.2258
0.5857 0.2702 0.1764 0.1462 0.1312 0.1424 0.2090 0.2085 0.2796 0.3837 0.5477 0.7457
