431 12 302
-553.9593 67.1096 -23.4368 24.3997 8.7340 5.2521 -0.4865 -8.4022 -8.8388 -8.2727 -6.6579 -6.1178
-355.4341 137.4763 -49.2883 33.8161 -30.4986 3.5832 -11.9629 -2.5394 -3.3779 -4.6400 3.1979 -8.3374
-311.9101 127.0115 -76.6379 50.6252 -22.1772 2.3408 -25.0675 -4.5818 13.2476 -1.6103 -12.2959 -2.4348
-382.6139 102.2976 -48.5633 58.6374 -8.3875 9.1905 -23.8380 1.6322 2.1113 -9.4334 -5.8696 -5.2626
-337.2030 140.6308 -65.2416 22.6587 -29.5483 6.3866 -14.3093 -4.6924 -4.0484 8.0331 11.7435 -3.8937
-345.7582 150.6748 -70.0854 14.1528 -24.6135 3.1578 -9.1643 -8.5581 2.5259 8.6300 7.5342 -2.5686
-386.2491 129.3248 -38.8928 25.9566 -28.3826 14.0728 -5.8243 -0.3507 -3.0340 -2.1600 7.3397 -2.1101
-354.8589 99.1775 -40.6154 51.5798 -31.4588 26.8760 -26.2941 -3.7460 -10.5676 -1.4959 11.6992 -3.6370
-377.3391 113.2547 -44.6718 42.0737 -20.3114 16.0605 -15.1154 -0.1097 -8.3345 -3.7893 8.0021 -4.6276
-341.0542 181.2124 -53.6359 6.8061 -18.3789 5.8933 -17.7320 -21.1442 -9.4296 -7.6660 -0.1224 -4.8040
-346.5356 145.2525 -62.3891 36.8998 -15.0020 5.7439 -13.6268 -10.0678 -9.9923 -17.4151 -2.7852 -15.0682
-379.6883 131.4450 -46.3202 43.9905 -6.5489 9.6416 -19.2686 -7.2370 -1.3674 -14.7328 3.4690 -8.2813
-386.2679 115.2500 -51.6901 67.9872 1.5921 -5.0260 -19.4817 -3.0548 -2.8804 -17.0308 -2.7060 -13.7674
-464.7718 132.0364 -16.3777 27.7017 -12.0145 -9.7596 5.2424 4.4652 5.1093 -10.3707 -2.3202 0.6433
-368.5185 127.0634 -61.9650 48.9339 -16.9675 -0.7887 2.2468 -9.9437 -4.2584 -2.4724 2.0345 4.5069
-352.2335 118.4391 -64.2459 52.4773 -13.4823 15.6764 -17.5028 -14.6061 2.6380 1.3299 9.3417 -3.3055
-353.1468 178.6340 -51.6291 8.5196 -29.2653 -10.4807 1.7687 -5.8561 -8.5564 -9.9553 -4.2289 0.4154
-375.3789 146.1718 -62.3986 30.2897 -6.8011 -11.2532 -14.1794 -13.2391 -0.8980 0.6493 -1.2149 6.8695
-379.1212 161.1256 -56.9544 21.1573 -9.8321 -17.2194 -9.9733 -5.3603 2.4721 -8.6382 -4.1695 8.8934
-367.9635 141.7791 -72.4869 45.5523 7.9233 -13.2815 -11.3117 -4.3410 4.5512 -1.6034 -0.1041 2.8632
-373.1358 112.1486 -63.3426 60.6381 -5.7701 0.8351 -11.0348 -9.1024 5.5437 -1.4174 1.2568 -0.4431
-408.1556 105.9472 -45.5736 68.4925 -5.0326 0.3163 -4.1402 -17.6964 -7.6466 -6.7546 -1.9227 -0.3175
-413.9809 117.8339 -39.0861 68.4107 9.3894 0.5758 -8.7174 -12.9113 -1.5081 -12.8674 -6.2802 -2.5356
-400.4997 123.7544 -51.7299 56.9389 9.6217 -1.9309 -14.3185 -17.9534 -9.7583 -6.3873 0.9390 -8.7558
-383.0803 144.1935 -60.4545 36.3815 3.1211 -3.8179 -7.7031 -16.5102 -11.0289 -6.6371 -1.8066 -1.5975
-365.8051 143.4565 -71.6875 34.4807 15.3147 12.8424 -12.1920 -21.9826 -15.1244 -4.8777 -5.5423 -13.7198
-352.0598 140.4800 -64.4384 37.7455 -12.4014 3.3247 -12.2766 -17.5259 -10.9716 -2.4311 -7.0803 -11.6083
-336.9716 145.0174 -81.0124 32.1210 -6.7753 -4.2626 -17.5035 -11.7530 -4.9353 -1.9721 -4.8759 -0.9767
-356.4908 111.8405 -76.6003 63.3388 11.4343 10.4079 -22.1771 -16.8753 -9.0509 -5.8603 -7.6137 -13.2164
-382.9609 150.0656 -55.0166 21.1523 -7.2824 1.5289 -3.5051 -10.8983 -13.0969 -4.1526 -6.7300 -12.8894
-355.5334 134.3060 -70.3279 45.3082 0.9383 2.0606 -19.9155 -12.8697 -2.7697 -3.7702 -2.0587 -7.4387
-398.8408 133.1770 -47.1546 50.6688 10.0974 -5.9620 -19.4273 -12.0434 -0.0574 -0.9777 -5.1128 -8.1292
-376.6574 170.4993 -30.4566 16.6220 -42.5230 -9.9481 4.5580 -4.3227 6.0550 -6.1308 -0.3790 -1.7705
-379.3614 169.0522 -31.4206 14.5736 -36.9673 -4.6346 -1.6261 -9.6419 8.5145 -0.2460 0.1308 -3.0741
-415.0521 141.6768 -34.1873 51.1694 16.2520 -6.3178 -21.0221 -13.4807 3.7858 -3.7952 -2.6908 -5.4306
-366.1219 164.2614 -39.0597 37.8537 -9.7993 -9.0569 -17.9512 -15.1046 -6.6261 -7.4048 3.5371 4.3721
-386.6065 145.9382 -49.6886 8.5471 -22.7312 4.0463 -9.8804 -4.6021 0.4167 2.9517 13.0905 7.4312
-349.7076 136.5501 -61.7123 26.6116 -32.9357 -0.2773 1.0511 -3.2343 -15.8813 -3.0244 4.0462 5.6893
-351.2405 144.0307 -74.3294 15.2415 -9.2248 -4.7609 -31.1846 -1.2420 3.0046 5.5085 8.7005 -0.2647
-365.4688 126.0877 -53.3474 38.6580 -20.8238 7.3481 -11.9048 -10.9221 -12.4294 -5.4758 -1.0758 -0.2265
-365.7495 132.6093 -60.2124 39.2389 -4.3851 2.0210 -17.6138 -11.3784 -13.4829 -2.8626 -0.1828 -6.3864
-360.2602 151.4808 -41.0037 44.3789 -13.9337 -2.8376 -2.3490 -14.2259 -31.6453 -5.9385 1.0303 -5.5855
-373.1812 158.2237 -44.7725 24.3755 -11.5246 2.2273 -5.7785 -10.7121 -18.0910 -14.2096 1.3261 2.8491
-392.5381 117.3423 -47.1076 78.9277 -5.3041 -17.4605 -5.5434 -11.5173 -3.5935 -14.0673 -6.4721 -0.6031
-354.1549 153.6198 -67.5730 24.0479 -21.9851 -5.7803 1.6131 -2.1542 -0.4049 -5.3422 10.5604 2.7755
-370.3551 165.6442 -43.6299 35.1334 -23.1468 -15.1086 10.1626 -8.8533 -6.9148 -7.3727 -4.6074 -4.2254
-386.5119 155.6850 -57.2441 26.0623 3.1991 -2.2332 -2.0251 -11.7484 -7.1353 -8.8296 -2.9081 0.3445
-379.5243 151.6955 -59.9986 39.0299 4.3135 -10.7049 -3.1470 -10.1703 -1.6439 1.0153 -4.0536 -7.0084
-424.4889 144.6322 -27.3209 28.3294 -12.8445 -3.5475 -1.6546 -15.1083 -10.5618 -7.5302 1.2678 -4.7594
-374.8868 172.5495 -42.8258 23.4761 -19.2816 -19.1144 -1.0587 -11.7109 -9.9289 -6.2018 -11.5914 -9.5923
-368.2987 166.9422 -53.0405 17.5154 -15.8982 -3.0018 4.9673 -5.3205 -13.0930 -11.0122 5.1735 -8.6353
-388.8968 131.3182 -45.0312 55.4094 0.3101 3.4002 -8.7757 -9.8601 -5.7810 -8.7366 6.6714 -13.6404
-414.3919 142.6994 -43.4090 36.4084 4.6479 -11.1824 -9.2350 -6.9481 -0.5436 -4.8148 -0.2133 -4.0941
-382.7690 139.2494 -48.7159 42.0312 -15.0560 -15.3890 -8.3723 1.3204 -5.4129 -12.5750 0.6682 -5.5604
-381.2988 127.0777 -68.5363 58.0541 13.0413 -14.3321 -15.5753 -8.6571 -3.5698 -4.8802 -3.5981 -6.9551
-389.6450 109.2648 -47.3386 73.4964 -10.7607 -10.1373 -12.5732 -2.4592 4.0542 -11.4222 -0.2408 -4.8937
-379.8568 111.9593 -50.8161 69.1975 -4.7068 4.3080 -12.8788 -12.8707 -7.3557 -13.0523 2.5748 0.3242
-428.6919 96.9627 -36.1249 57.7109 -11.2111 7.0807 -4.3819 -4.3068 -1.8610 -7.4248 8.0273 -4.0472
-403.0671 86.8951 -44.6583 73.4826 -15.4322 16.2016 3.6806 -7.1302 -5.4447 1.8850 5.6679 -12.1279
-365.5508 93.9929 -62.0457 79.8393 -15.9264 0.6668 -8.5472 -10.1550 -4.4126 2.4653 7.0424 -7.8376
-349.0191 142.6856 -77.3803 39.2506 2.0683 -6.1924 -22.0759 -11.9319 -3.6487 1.8379 14.5556 3.1454
-343.7277 128.1904 -69.6735 49.7526 -16.4128 0.2054 -17.7033 -8.5928 0.2439 -2.2216 6.5409 -12.5749
-342.5181 143.5309 -72.4005 39.9150 -14.0766 2.4699 -10.6128 -9.9260 9.1340 3.7598 12.7081 -13.5596
-357.1103 153.1876 -62.2344 22.8448 -19.8855 2.6174 -3.1296 2.3581 12.4318 1.5555 13.6739 -7.1034
-401.4101 152.7208 -35.3793 32.8723 -5.2732 -2.6537 -3.6651 -3.5516 -3.9890 -14.8394 1.3788 -5.6125
-354.4854 156.7266 -70.8529 28.8283 -11.5785 -17.0200 6.7148 5.2348 -13.1745 -3.9585 11.0376 -5.1491
-374.8673 104.2463 -51.7450 79.3190 -5.8357 4.4428 -14.4740 -8.0958 0.5118 -16.1531 -7.5348 -6.9060
-363.8136 140.4818 -64.3227 33.4932 -17.8145 -4.0663 -6.4080 -12.2517 -3.5346 -4.0193 4.8733 1.7104
-382.7214 144.3945 -49.4828 29.7598 -21.6044 -10.0287 -4.9360 -7.0378 -7.2345 -8.2697 -1.3739 1.4339
-340.1767 123.4691 -66.2931 55.4233 -17.8416 10.3398 -12.3878 -16.3225 -5.8904 2.4118 5.6613 -11.8196
-379.0128 126.6738 -47.8023 62.5431 -13.3412 -19.2371 -7.7931 2.8205 -3.7735 -12.9258 -0.4688 -3.8179
-395.1173 129.9373 -47.4563 41.6211 -11.3307 0.3343 1.4594 -10.2772 -18.8102 -7.6190 8.2357 -2.0103
-416.1910 141.9079 -29.5468 27.1063 -23.2482 -2.8954 4.1564 -8.9993 -9.2261 -15.1561 -6.4627 3.2317
-379.4647 113.7160 -62.1673 51.8147 -4.1472 4.6864 -14.2399 -15.2839 -2.8355 -1.5403 -3.4172 -3.8000
-400.6507 119.6023 -43.1127 52.8845 -1.9395 -10.4936 -19.1663 -7.9832 -3.5715 -6.7300 1.4547 1.9935
-447.7738 71.2048 -57.7762 52.7984 -9.1647 15.9662 1.7332 -8.2456 8.3419 3.4916 12.6009 -4.2959
-341.1285 140.4891 -72.5168 31.5833 -24.0206 -1.8047 -7.0101 -8.2997 -3.6681 -2.1268 7.0039 6.7755
-370.6066 150.4769 -55.3461 31.8969 -18.9037 -15.4189 -3.5702 -3.8328 -12.1274 -7.4819 10.8799 0.4209
-376.2372 135.0896 -69.7690 41.0088 -6.6056 -19.3554 -7.5477 -5.8043 -13.6095 -4.8921 11.6741 0.8844
-355.8675 137.8073 -73.7044 40.2030 -6.3067 -4.6362 -12.6365 -17.1624 -16.4790 -4.3299 13.7377 -1.7627
-398.8223 131.1309 -54.8061 42.0689 9.6416 2.9509 -20.0962 -21.0683 -3.8683 -4.8933 -1.3495 -3.2025
-390.8132 141.7941 -57.9687 27.0422 3.1833 5.2270 -11.6646 -9.9305 -0.0798 -0.6585 8.9436 -1.8147
-372.8969 149.3421 -51.5480 30.2882 -23.3629 -5.9904 -3.7684 -12.7331 -1.8792 -3.7776 -0.0147 0.3374
-399.5851 109.1011 -47.0926 61.1973 -14.7268 -0.5687 -8.2916 -14.7699 -2.9084 -1.3881 7.1797 -5.1233
-373.1757 120.1268 -47.2216 80.7195 -3.4119 -9.0133 -13.8300 -11.1802 -1.2463 -5.8712 -1.7515 -6.0324
-388.5580 126.0487 -45.0464 66.7614 -0.5868 -10.9100 -10.8917 -7.1014 -4.4795 -9.8304 -1.1995 -2.7661
-367.5483 127.5296 -52.6183 67.4909 -12.2534 -18.5873 -10.6567 0.9501 -2.8297 -13.9687 6.7916 -4.2692
-335.5870 168.2742 -67.8149 12.3620 -29.1374 -10.3149 -17.3124 -8.7846 -2.1755 -13.7381 7.7634 0.2008
-380.9607 136.1981 -48.0254 46.9619 -5.1991 -0.0861 -16.5110 -7.6013 -3.9194 -17.9297 2.6764 -6.4093
-328.1348 159.4589 -66.8217 27.0672 -22.0477 -4.1644 -23.6791 -8.2622 -1.9519 -21.8709 -1.4342 -3.0491
-377.6395 167.1804 -51.9478 13.2745 -0.9954 0.9547 -26.8315 -23.9326 -3.7218 -7.1712 6.3124 -2.4119
-457.7260 110.1595 -41.4418 29.6673 -2.3883 4.0363 -2.6269 -10.7647 5.0794 -0.4440 6.2279 1.7140
-355.9715 125.9255 -60.7329 61.9852 -7.7245 -9.7889 -15.7107 -7.5851 -1.2912 -6.5892 -1.5045 -3.4601
-382.2155 125.2240 -47.5032 40.0132 -25.3355 2.9505 -6.0204 -7.1701 -4.6492 -5.5389 4.1251 -2.7755
-384.5039 126.2263 -47.1881 53.7480 -20.8657 -16.5311 -4.9431 0.2288 -6.6153 -12.0017 2.5564 -1.9626
-375.8581 120.2103 -47.7786 69.8365 -8.7080 -13.3629 -4.3436 4.4147 -14.6352 -11.9840 11.6419 -8.0954
-423.8418 141.3636 -47.8698 8.7874 -2.6328 2.1573 -11.4389 -8.9908 0.4768 1.5624 11.0550 -2.6667
-444.7776 106.6887 -40.4136 46.4654 5.7913 3.1194 -7.8780 -5.2541 1.5246 -5.1815 0.9718 -2.8680
-323.4851 143.7698 -80.4423 23.4484 -27.8610 5.4054 -13.1238 -9.7099 0.6150 -6.6048 11.4848 6.2034
-350.3798 128.2175 -73.3712 50.1967 -17.8525 -18.4569 -15.6786 -5.8538 -2.5806 -2.4809 9.5638 -1.2820
-418.0929 90.0881 -26.9190 81.5816 -16.4580 1.8688 -5.8320 -2.5900 -0.8189 -9.3734 1.5904 -6.8072
-409.0540 109.3384 -47.3718 58.9873 -11.9592 -6.8744 -8.1589 -13.5067 -3.1191 0.4464 7.7882 -5.7002
-353.6810 125.7389 -70.7081 63.4925 -1.2921 -9.2901 -10.5047 -9.4817 -6.6368 -12.0695 -4.2738 -3.0483
-326.9930 150.9021 -77.6400 14.4493 -25.6294 9.1331 -5.1606 -5.5656 -2.4386 0.8248 4.7000 -1.7437
-394.3252 135.6300 -37.1037 29.5940 -28.8377 -3.0014 -6.8744 -7.2008 -5.3992 -4.1005 7.8985 6.0622
-357.7664 153.3976 -37.7090 33.0596 -23.2844 -5.3792 -13.6530 3.0539 -7.2151 -5.8928 -2.8300 -6.3373
-342.1421 144.4988 -49.2230 44.5015 -29.8170 -12.4119 -16.5103 -4.6116 -7.5605 -2.4573 -5.1171 -16.9712
-441.7880 115.4847 -31.1333 40.9254 -1.7107 9.2886 3.7591 1.6380 4.1406 1.2388 4.8820 -3.1972
-555.1396 84.6960 -7.2048 20.7314 5.0831 4.6625 7.0493 5.7477 8.2356 4.1778 3.6763 1.4391
-354.9391 157.5075 -59.7960 10.8816 -0.8082 19.5910 -19.8733 -2.0462 -7.4618 -9.6385 5.3559 -12.3039
-332.4015 121.7243 -50.9047 50.2087 -25.2052 15.6250 -10.5692 1.3133 -18.8566 -4.3904 13.0026 -15.3367
-345.7641 153.7949 -48.3331 36.4493 -3.8456 14.3284 -23.9049 -11.1243 -7.0603 -11.1005 1.5047 -14.0859
-369.3052 147.4873 -41.3015 25.9227 -9.2733 10.1390 -22.1038 1.2920 -11.6857 -12.4805 -1.1927 -14.9676
-298.3741 156.1183 -70.1508 21.2056 -14.9301 14.7742 -38.4656 -8.3377 -6.8979 -9.7322 1.4942 -10.0687
-298.7314 99.2002 -61.5038 44.5326 -35.4083 30.7328 -19.2144 11.0241 -15.9095 -0.4893 11.9216 -11.2710
-360.8799 175.0489 -24.0206 15.3713 -40.1137 -18.8756 -23.0784 4.4922 0.6706 -9.7414 1.8697 -6.8407
-335.4943 135.3173 -69.4761 17.5674 -29.6777 16.0824 -9.5560 13.6638 4.8609 -4.4803 1.2494 -10.7285
-314.7826 175.8960 -65.1163 6.7908 -23.5333 -3.5897 -18.3197 7.8236 -12.2084 -10.5704 1.9355 -9.2877
-421.5906 128.2995 -25.9208 46.6784 1.6485 -3.5177 -23.0723 -5.6860 -6.5520 -13.9124 -1.6644 -6.2370
-392.0142 128.4794 -36.7228 42.0175 -12.8193 5.3010 -16.7279 -3.6455 -0.3092 -3.2849 3.8811 -12.1902
-342.7944 149.7285 -48.3376 51.4468 -6.6199 -5.5999 -22.4712 -3.7705 -4.6735 -10.0763 -0.4632 -3.1879
-326.0457 160.3595 -77.8094 3.4523 -27.2224 -0.2369 -10.9591 2.3054 5.9196 3.8194 9.0162 0.9617
-360.5752 162.0455 -53.4872 3.2668 -29.5678 1.1782 -3.5700 3.1508 -2.1658 3.3846 12.1407 -3.4245
-332.2323 162.3073 -58.5734 34.7963 -2.6999 -1.6263 -39.0393 -9.8387 8.2066 -1.9876 4.4348 -7.7669
-397.3702 123.2642 -36.3004 64.8305 12.4437 7.4899 -26.1130 -8.8620 1.6359 -20.9819 -12.1238 -4.3723
-341.4729 127.6835 -47.1902 59.9737 -16.4240 23.3746 -9.1329 -14.5215 -12.3911 -12.1082 -8.3107 -12.2080
-363.4115 179.1239 -39.3328 8.9696 -15.0171 1.7503 -19.3699 -10.4093 0.0306 -12.5624 -7.8785 -3.1034
-361.9295 145.0957 -51.8914 31.8758 -14.2219 8.9603 -15.9791 -12.3567 -2.3452 -4.2245 5.4757 -4.2016
-342.9405 173.7437 -52.3156 5.1961 -37.6409 6.0473 -0.9675 -5.2316 4.4246 -16.3292 -3.9436 6.4542
-352.0454 147.8510 -55.2343 33.2765 -16.3964 8.2729 -9.6933 -4.8887 0.2554 -9.6054 1.5968 -1.1883
-296.6578 158.4695 -83.5279 25.4686 -17.2566 1.4659 -23.4758 1.4520 3.7793 -4.3131 6.2870 -5.7880
-327.2399 136.4180 -55.0761 39.9207 -27.3879 13.3145 -19.5156 -4.9358 -10.0604 -11.0033 -1.9290 -8.8071
-406.0079 119.2243 -38.6190 30.8448 -17.0663 14.7152 -17.3034 -6.5670 0.3074 -11.9457 0.1760 -4.0343
-452.0334 85.4323 -49.6096 34.0145 -7.8866 10.3769 -3.2507 7.7278 8.1663 -2.7611 4.0104 -2.7881
-338.8499 137.9033 -61.9991 36.5509 -29.2195 -2.0947 -6.9599 -1.0729 -7.4291 -3.7528 0.9639 -9.5982
-352.0307 135.5382 -56.0046 35.3594 -15.3250 5.7925 -17.3602 2.7424 5.8134 2.8379 -0.5022 -19.7896
-388.8161 155.4369 -41.2339 22.4529 -3.6370 -4.2473 -17.6221 -3.3973 -2.7799 -1.4635 -0.9927 -11.4128
-348.7636 143.8287 -53.5853 26.0137 -24.5130 1.5519 -18.8097 10.1066 -1.6204 -11.7251 5.3520 -3.0993
-319.0441 174.7716 -57.5366 11.3728 -31.9909 2.2868 -17.4195 -1.1077 1.8542 -5.9396 9.2472 -1.6459
-354.7043 151.0802 -48.6786 34.9768 -18.9797 2.9507 -15.0612 -10.8201 -2.8240 -7.9902 4.2723 -1.5550
-343.7441 159.8455 -62.5915 21.4085 -11.4257 -0.4775 -20.3867 -4.0482 0.5010 -4.6258 3.7389 -9.0225
-397.2504 141.3354 -43.7281 40.5059 -5.6674 -15.5259 -12.7231 -1.2390 -4.6049 -14.7916 1.8346 -1.4286
-353.2113 177.4237 -65.5880 -5.0099 -29.1023 -10.6643 6.9798 -2.0363 -3.2185 13.1162 10.9359 -6.1630
-348.8832 162.4478 -70.5328 -6.4972 -30.6750 -0.7978 -1.9220 7.5971 2.0813 4.1207 9.9346 1.8086
-396.3105 160.1472 -21.0065 22.3290 -26.1020 -6.4144 -11.2899 -0.6642 2.5402 -10.5012 4.5275 2.3794
-341.0097 133.5245 -77.3874 16.9989 -33.0201 4.6324 -7.1873 10.0591 4.8648 -3.7315 6.4474 -8.2118
-352.2206 132.2138 -46.6499 21.1921 -49.9114 8.2658 -13.5137 7.4119 7.5970 -1.4173 2.7266 -15.4021
-365.8745 115.6956 -54.7891 51.1954 -16.4939 1.7765 -18.3826 1.4000 -9.0762 -11.5100 3.2426 -6.9534
-364.9262 130.0837 -58.6114 20.8836 -34.9457 -0.0575 -11.6005 13.8190 10.8452 -0.3780 8.3101 -5.5056
-406.8931 133.5350 -53.4054 14.5987 -15.3025 -3.6952 -7.2571 4.6559 10.5279 8.7486 3.8935 -11.7214
-436.3524 129.9368 -45.9963 3.9698 -12.7653 0.3351 -3.8811 1.0867 6.0076 9.2698 9.5723 2.3927
-372.8735 131.9780 -59.5160 39.9466 -7.2045 -6.7674 -19.4647 0.5791 7.7670 1.4381 1.9447 -1.3975
-355.7276 138.6856 -48.5561 36.0353 -20.8917 8.8232 -17.1952 -4.1248 -3.2210 -4.0336 8.7707 -8.0452
-402.1904 128.6632 -55.5894 29.7449 -14.5693 -9.3840 -1.1857 12.8788 10.6652 -6.2250 0.6885 -2.2345
-424.6694 130.2996 -35.4957 28.4269 -1.5705 8.0052 -4.6772 9.7067 7.2843 -6.2865 1.8619 -2.6594
-309.0253 159.2470 -72.0025 33.1162 -12.5463 7.6507 -19.7017 -4.3725 -5.2882 -11.7187 1.0246 -1.5705
-386.8875 136.2105 -39.9248 41.4612 2.6350 12.2427 -12.8638 5.0776 -2.7221 -12.4875 -3.6130 -8.5822
-381.8740 149.0067 -28.8680 32.8957 -13.4451 8.7800 -13.9348 1.8761 -2.6364 -14.5731 -5.3177 -9.5412
-401.1947 148.8545 -41.4070 21.4255 0.5965 11.5571 -10.9939 -4.9357 5.3218 -3.5245 4.4185 0.5868
-380.3769 148.4768 -40.1936 43.1700 10.9637 2.8554 -17.8870 10.0471 1.6076 -15.9780 -5.6683 -1.7964
-335.5649 146.2643 -65.9188 33.7338 -5.1533 17.1551 -19.7249 -3.7133 4.1007 -5.5199 4.9815 0.7072
-365.7431 152.1696 -55.4736 37.9932 15.4225 8.5702 -24.8407 -16.6042 -4.5430 -6.0256 -3.3744 0.3868
-376.5023 148.3638 -41.6550 31.9403 3.5890 15.0513 -24.0366 -9.4593 -4.9651 -9.9917 5.0623 2.7186
-376.7509 151.6190 -58.2292 22.5065 7.5179 -0.6226 -29.0571 -1.5288 7.2886 -3.0210 7.7870 2.0701
-385.5820 120.2487 -40.2658 56.5564 -10.5202 10.7672 -10.3333 2.3337 5.5687 -13.4805 4.0554 -0.6252
-359.4755 143.3697 -46.5724 47.9805 -14.3762 -6.1983 -15.2397 6.8640 5.1920 -12.8591 4.7152 -3.5625
-401.4641 137.3142 -35.8946 37.2315 -3.2367 12.2354 -2.8115 2.6251 3.3118 -5.4618 2.7274 -5.9666
-364.4677 129.5375 -50.1162 45.0523 -19.3744 14.1706 -3.8678 0.9517 5.3568 -3.2078 8.5476 -6.5527
-376.3234 137.6849 -41.4502 53.7749 -3.4617 1.0579 -11.4300 6.6253 5.8221 -10.3959 6.5407 -1.1281
-368.8023 138.4519 -41.6053 43.8871 -8.0856 13.1570 -15.1859 -7.1479 -3.8906 -3.5254 4.8632 -3.3974
-355.3407 153.7603 -47.2050 34.9081 -0.7512 16.2354 -22.4000 -14.9685 -10.0387 -11.7629 2.6874 -1.5703
-382.9687 135.9465 -35.0349 41.2133 -9.3605 16.9212 -10.1579 -4.9593 -4.0374 -4.0021 7.7591 -5.1353
-377.5194 128.5703 -45.5811 38.9819 -5.4641 22.1432 -9.0462 5.4102 4.0339 -0.9605 6.5593 -6.5552
-376.8128 118.8754 -51.3182 48.2203 -6.0246 17.9977 -9.4406 5.5063 5.5410 -1.8025 6.3428 -7.2311
-373.7204 135.9410 -27.6121 39.4149 -13.5902 28.0811 -15.4919 -4.1722 -8.6812 -10.0532 10.7110 -1.4149
-368.3770 138.1193 -32.0704 50.1500 -11.7065 18.0861 -13.5623 -7.5153 0.9928 -10.7774 -9.5642 0.2979
-356.4432 120.0476 -46.8528 64.8720 -6.5246 20.2509 -16.6397 -9.9531 -4.7050 -6.0051 -1.6209 -8.1830
-384.5203 131.5393 -42.4300 50.6176 7.9336 17.4530 -13.8021 -6.2303 -7.9798 -11.6193 1.7617 -9.0225
-385.9011 145.0384 -38.9397 34.4015 3.1089 18.3034 -11.0448 -6.9778 -7.2777 -9.3501 -1.4664 -6.7501
-338.4399 152.6083 -54.5396 27.9107 -18.5672 10.7018 -21.1872 -12.0469 -13.7514 -8.2533 11.1081 2.8761
-402.9324 108.9456 -32.1442 52.4056 -9.6899 18.3264 -10.9337 5.8152 2.2002 -2.3747 5.0641 -8.0647
-374.4772 116.0796 -34.3338 48.6956 -14.4870 22.4900 -20.9293 7.9472 -0.7083 -3.8178 6.7305 -15.9187
-385.3347 116.6107 -48.0809 41.7913 -14.2024 20.2238 -0.6200 8.9599 2.3880 -1.9500 10.2560 -4.8968
-435.4701 121.7959 -29.8565 39.5863 3.3383 13.2999 -2.1725 1.1502 4.8099 -0.0903 4.8547 -4.9743
-398.8209 125.6651 -42.0212 36.4038 -11.1624 12.3002 -4.6558 4.6628 3.2026 -5.3571 5.4853 -4.4844
-361.5824 147.8959 -45.9635 29.5367 -14.1281 6.2180 -18.5912 1.7247 -7.0836 -18.2683 1.5066 -1.7595
-344.5323 133.6130 -49.8646 38.0419 -21.9360 21.7518 -17.9168 -6.9743 -10.2534 -14.4580 2.5333 -6.6764
-358.3978 126.5828 -40.3555 36.6313 -23.9014 20.7335 -16.5679 0.3868 -14.2480 -9.2353 4.1206 -5.4523
-360.5274 167.5663 -43.6660 19.2233 -10.4435 8.8566 -17.1099 -15.2881 -12.1467 -12.4351 5.0953 4.1453
-380.4753 170.8526 -27.8864 24.9905 1.1053 0.8792 -27.7847 -6.9963 3.6216 -9.6047 -11.8741 -8.6681
-391.0397 161.7444 -26.1079 19.0640 -8.4425 9.0054 -13.2837 -9.5838 -13.1651 -9.1009 -5.0368 -7.9285
-399.2217 147.4736 -35.6800 28.3040 -1.4550 4.7925 -18.1281 -7.1157 -2.3087 -4.3695 5.8392 -3.3244
-364.9031 127.7541 -43.1547 42.1558 -17.2219 19.9869 -16.8989 -7.2844 -7.0172 -1.8138 10.1827 -4.3396
-330.9292 148.2839 -49.9013 44.6579 -17.9198 12.4581 -16.0594 -7.2881 -12.8614 -15.0115 -2.8745 -11.5983
-384.3667 135.8264 -37.9215 36.1508 -11.4406 17.0012 -9.9183 -7.2618 -9.4433 -10.5391 6.1308 0.2508
-399.6457 125.3578 -39.1325 39.6735 -11.6364 14.7539 -5.4633 -3.4984 0.1167 -5.0548 5.5233 -2.8805
-383.0882 139.3461 -32.7884 34.3136 -19.5053 13.3073 -6.2065 -9.2128 -10.4489 -7.2780 -1.7637 2.3600
-352.1663 183.8668 -38.9284 4.2030 -21.7147 6.5895 -18.5459 -21.3254 -14.1707 -13.3068 -7.9357 -0.0425
-366.0035 132.5367 -43.3624 42.3867 -13.8354 18.2310 -17.7799 -11.9054 -6.0988 -6.4519 -0.0142 -6.8545
-345.0944 142.1523 -49.8491 42.5038 -14.6835 17.0648 -14.1904 -5.9702 -6.9964 -9.1876 7.5056 -4.7703
-393.2491 131.5127 -35.2382 38.6397 -13.0659 14.0199 -7.2370 -1.3317 0.2354 -3.4875 5.4336 -6.4615
-324.6013 150.9995 -66.2318 13.6057 -36.8916 1.6968 -10.1710 7.3787 3.4456 0.9030 2.9456 -9.8792
-421.8218 135.2346 -25.6095 35.5738 -2.0653 9.7324 -8.3695 -1.6425 1.1874 -9.9439 -1.5381 -2.9622
-352.0945 157.4649 -41.5545 22.9071 -12.4383 22.1974 -24.6594 -16.5820 -8.5829 -10.2123 0.2887 -1.0871
-349.6868 147.4282 -40.1885 27.0369 -28.7383 10.0041 -20.9232 -2.6853 -4.7377 -6.8120 1.0169 -3.9115
-391.2964 158.7256 -25.5931 22.0376 -14.7324 2.7761 -16.2936 -2.2520 -3.4926 -13.5631 -0.5795 -1.6520
-405.0189 160.1515 -20.2263 23.1779 -17.8125 -9.6501 -14.7107 -3.4628 -0.6190 -6.5023 -0.2165 -4.0455
-384.2627 132.7393 -37.3471 34.8911 -18.3192 14.2633 -10.9480 -7.6543 -7.5963 -3.8643 6.0608 -2.8758
-342.5958 155.2025 -53.0053 19.9667 -24.0595 12.5960 -13.1726 -0.9158 -4.0199 -8.4783 5.2833 -3.3516
-358.7393 138.5278 -45.8495 36.6071 -24.0608 12.4306 -6.9832 2.8145 -1.0186 -5.1115 8.1237 -6.5349
-430.2992 128.6712 -24.8103 34.8361 -4.9399 11.7087 -2.5725 1.0164 3.5014 -1.9545 3.2273 -5.6451
-392.2307 121.8193 -29.3373 38.6871 -21.8267 20.9593 -10.2391 4.8445 3.1190 -3.2825 8.4388 -10.5008
-372.6472 138.8791 -48.9114 28.3553 -18.0160 9.1122 -12.5990 -2.9590 3.1988 3.2486 7.0595 -10.8257
-405.4970 138.2772 -33.2592 26.7502 -10.9495 11.5845 -3.3800 1.6217 -1.4575 -5.7699 4.5886 -3.0559
-360.4545 169.3271 -28.4388 17.9710 -26.7135 2.6902 -18.7839 -0.2271 -2.5738 -8.0397 -1.0418 -12.4297
-356.4906 165.6892 -45.9392 11.9833 -32.1603 -10.1958 -17.5707 2.8447 -1.8794 -10.1872 7.9889 0.3042
-416.9066 123.2666 -35.3270 36.8389 -7.9969 12.5639 -1.6404 2.7445 2.7901 -2.4640 3.6541 -7.9013
-422.4289 130.5592 -35.4170 35.9774 1.2001 5.6508 -5.3610 0.0087 3.3920 -6.1686 -2.8198 -3.2206
-374.8407 128.2160 -48.5499 39.2267 -13.4373 5.5579 -22.3984 -5.6704 1.2185 -2.6984 7.5668 1.3362
-356.6298 139.1309 -50.7030 34.4113 -22.3492 10.0130 -9.5459 -4.4388 -3.3334 -5.2841 5.3275 -2.8401
-374.9189 148.2436 -43.0654 18.7526 -25.9267 6.9961 -4.4764 -9.6036 -7.7830 -6.0592 3.7685 4.0877
-360.2072 144.1583 -55.4232 23.4442 -20.0925 16.9330 -7.2047 -11.4671 -4.4572 -9.2419 2.3099 2.7431
-321.8494 162.5371 -59.4838 22.8297 -25.0513 7.7959 -11.8890 -3.0108 -2.3370 4.2370 12.9494 -2.4488
-337.1039 130.8691 -65.8071 49.5146 -10.9862 2.2270 -19.1641 0.7250 -2.2531 -7.3225 3.4992 -3.5566
-370.5410 124.9849 -55.5618 47.7703 -4.6226 3.3641 -16.4520 4.9958 -4.5608 -12.7801 5.8080 -0.7543
-380.3225 121.8138 -46.6139 45.6595 -10.7064 10.0354 -14.0721 3.9418 0.1442 -7.7624 2.5217 -5.3038
-429.3425 123.0430 -28.0419 36.1071 -4.3987 12.9010 -3.6828 3.3376 1.2607 -3.0811 6.8776 -5.5861
-368.0291 147.3539 -37.7761 41.3806 -9.0380 10.6090 -18.1207 -8.9682 -2.1558 -10.3065 3.0433 -1.4747
-380.2081 140.7960 -30.8514 32.8890 -17.7710 12.3304 -18.9721 -8.9282 -11.3501 -11.3380 -0.7388 -7.8079
-390.2721 119.6954 -29.9714 55.2455 -11.4466 16.8400 -9.6067 -1.7108 -7.1923 -9.7471 2.6252 -5.6225
-343.4416 161.1297 -44.7562 32.7711 -16.0103 11.6851 -14.8643 -13.6995 -12.2686 -21.3593 -9.1931 -7.9035
-319.9576 154.1680 -64.1182 8.2205 -39.4445 6.2157 -4.6480 4.4716 -10.1116 -2.3803 0.9939 -3.2556
-362.4767 138.0369 -52.5373 30.0667 -13.2947 14.3160 -13.4869 -5.3609 -12.0203 -14.1358 -2.8880 -3.1801
-371.9935 153.8917 -45.1848 13.3049 -27.2200 8.1300 -1.4471 -2.0145 -6.6463 -10.0716 2.0217 -0.4803
-363.8103 146.1177 -46.0474 16.8854 -26.6529 14.8183 -10.0854 -1.7453 -5.4166 -8.5905 8.0090 -0.0973
-363.7574 126.7003 -39.2603 44.4881 -21.8712 13.8760 -20.5938 1.9611 -2.1953 -11.1808 3.3319 -11.1358
-349.6479 121.3049 -56.5801 41.5877 -26.7361 17.1496 -12.5653 3.1841 -0.8813 -6.6266 3.6189 -14.2651
-364.4488 125.2543 -49.8242 42.8017 -20.8750 15.8440 -8.2146 1.4678 -1.2690 -7.0142 4.7988 -10.2471
-363.1119 131.6334 -44.8228 42.9712 -19.4603 14.8072 -7.8675 2.8244 3.5744 -1.8607 3.9458 -6.1610
-367.3532 133.9707 -34.7046 39.5141 -21.6700 18.2515 -7.8748 0.6895 2.4707 4.3878 3.8905 -3.8592
-357.6336 131.0113 -34.1638 44.3476 -22.4302 23.4097 -5.5531 4.1945 1.2289 4.5851 4.7856 -8.6649
-360.0516 152.0527 -28.9318 42.2824 -13.9895 16.7520 -2.8233 2.8028 1.4308 1.8359 3.9448 -5.1825
-363.8849 150.4087 -25.6868 45.5554 -9.4756 19.0593 -1.3226 4.8253 0.3930 0.7269 0.8683 -7.1299
-373.3221 139.6431 -31.8582 44.7178 -13.7193 12.8681 -2.4195 0.3741 -4.1538 1.8182 3.7695 -9.6347
-331.4702 124.4082 -43.3363 62.4365 -15.5542 21.3222 -11.8620 14.0397 -0.5664 -7.6657 6.6859 -2.8297
-326.4814 141.3400 -52.4629 62.7147 -8.1663 8.0621 -4.1916 12.9704 0.1949 -7.8453 5.9088 -7.4710
-342.6158 145.2371 -47.2338 45.8281 -10.2623 9.9149 -12.3862 5.6621 4.6101 3.4313 9.2443 -5.9668
-328.7637 150.9892 -48.4337 45.0758 -21.8836 11.0175 -7.1647 3.1430 -0.5954 -7.3494 10.0851 -7.7624
-315.2796 137.0820 -63.6236 54.9121 -22.1817 0.5130 -10.6773 8.8804 3.2935 -9.0625 4.0147 -10.5277
-341.0526 144.1652 -53.4625 32.5016 -25.6701 9.0916 -19.3845 -1.8936 11.3835 -2.0736 -0.0643 -11.0375
-345.4403 131.6817 -67.7067 54.3393 -4.6283 -0.0684 -14.8335 -8.5486 6.7984 6.8494 -0.3649 -14.5352
-361.5838 132.9383 -51.0094 51.0766 -8.6621 1.9175 -16.0096 5.1540 3.7145 -11.1700 5.2239 -7.9865
-333.1013 132.9021 -65.9589 47.2445 -16.1623 2.6088 -20.1526 7.4249 12.4982 -9.5063 2.4304 -7.9652
-365.2132 153.7175 -35.6773 45.9588 -9.7304 1.8052 -9.8171 0.8979 2.0036 -7.4996 2.0961 -9.4772
-354.8836 156.9924 -44.5519 32.8901 -14.5440 11.1855 -4.7733 3.6507 7.4600 -2.8070 4.4238 -5.8283
-364.0303 151.7689 -45.4792 33.1849 -8.1000 15.4890 -4.9880 3.3178 8.0685 -3.8659 5.0012 -5.7365
-413.2523 148.3589 -34.4417 25.4385 5.2930 15.6887 -1.3444 -0.6003 7.7008 -2.3437 4.0258 0.2129
-454.1146 141.1224 -24.9333 19.0366 12.0881 12.4304 -0.9918 -2.1838 6.7007 1.7503 6.3612 1.0596
-491.4669 124.6967 -12.0120 21.1841 7.1380 8.3506 5.1899 2.6464 6.1482 0.5120 2.4691 -0.2127
-511.8981 110.3122 -7.0863 27.8528 7.8298 5.0641 3.5944 2.4451 5.5661 1.5339 3.0750 0.7793
-359.9391 124.0621 -42.1799 48.3458 -21.4320 13.6385 -8.8478 -10.4093 -14.2118 -0.8008 -1.5210 -4.7653
-386.6562 176.4022 -26.7932 18.2970 -16.2005 -10.8071 -6.4277 -13.5269 -13.7279 -7.2760 -13.0769 -7.9856
-406.5941 131.8829 -24.3215 40.4127 -6.2714 19.1428 -6.0991 -19.0005 -20.7942 -10.5204 -3.8459 0.1165
-419.9059 141.5228 -18.6605 30.1716 -10.8148 2.8710 -5.0234 -5.5236 -11.7588 -6.2122 -11.7645 -8.9332
-387.0442 157.7858 -33.5802 22.5786 -1.4189 7.8470 -9.0300 -5.4509 -21.3049 -10.2242 -4.9236 -16.2321
-364.8211 163.5665 -52.5780 24.7942 -0.3002 -3.6449 -13.7880 -9.9360 -12.4257 -8.4008 -6.4154 -5.7103
-352.6777 165.9374 -60.1970 27.7566 4.7337 -4.2672 -19.2683 -18.2740 -13.6308 -6.5864 -13.6773 -7.5030
-374.0876 149.9804 -48.7260 49.1910 10.1802 -7.9346 -17.9218 -21.5954 -17.4947 -4.7303 -13.8735 -6.5360
-391.9443 162.7509 -38.5893 24.4453 3.8192 1.3749 -14.0507 -26.8816 -16.1759 0.5503 -3.0741 1.8500
-429.2616 155.0252 -13.2509 33.7924 10.6094 6.6648 -9.2218 -15.1672 -18.3858 -16.7351 -4.1450 -3.1512
-395.2280 131.1041 -29.6909 41.1262 0.7066 22.1671 -4.6283 -10.3468 -32.6059 -10.5629 3.0766 -11.0298
-393.3664 124.1458 -38.7769 63.5069 12.9592 4.5449 -4.3598 -6.8657 -30.5224 -7.7934 -7.0806 -15.4381
-456.5627 75.6228 -34.7077 50.5685 -8.2720 9.7161 1.3666 6.6144 -15.6501 5.0869 15.1041 -10.2138
-392.7361 145.0139 -42.3849 54.0168 20.4991 -5.2805 -11.2306 -11.6143 -26.7317 -14.2705 -6.4271 -14.4605
-413.2188 142.3811 -31.6453 51.2139 18.4957 -5.2321 -17.2823 -15.6235 -16.2832 -8.3217 -5.5332 -11.3481
-508.7794 98.9624 -13.7969 25.9744 -1.3040 5.9050 1.0689 0.7455 1.0121 -4.3461 0.9673 -1.4667
-487.9860 104.5412 -18.3942 31.1757 -1.1841 5.3872 0.2325 -2.3793 -1.5357 -3.2027 0.8017 0.2312
-370.9634 122.6569 -38.1081 57.8511 -7.0361 11.0597 -17.3898 -16.9264 -21.4792 -5.8343 -3.4773 -3.1756
-379.6855 155.8223 -41.3994 28.3948 4.2763 12.3709 -15.5886 -23.2996 -21.2122 -8.1636 0.1409 -3.1651
-373.1276 140.2493 -45.5286 45.2372 0.1267 5.1501 -10.7898 -12.7958 -24.9964 -9.5037 -2.9891 -11.3363
-370.8018 137.8258 -50.9523 39.7000 -4.5353 1.6392 -6.6313 -2.6396 -19.7424 -6.8090 -3.0435 -9.7240
-407.0129 152.3505 -12.1258 42.3618 -8.4116 -3.5737 -3.4357 -2.7512 -21.8305 -17.6694 -8.4432 -10.2947
-502.2155 101.0935 -15.6975 28.5042 1.6443 5.2031 -2.5794 0.1194 2.4586 -3.8126 -0.3402 -3.7702
-355.6588 152.7623 -55.8977 33.4484 0.1493 8.3303 -23.1091 -28.4134 -12.6634 -0.8962 -4.5366 -4.2428
-404.6781 147.6137 -35.6404 18.8494 -15.1081 0.3096 -4.4586 -13.5882 -15.6854 -3.4021 -2.3444 -2.2255
-475.9774 98.8569 -32.7517 30.0019 -1.6554 7.7001 -2.3001 -8.0280 -2.6189 2.2455 5.0962 -2.7296
-368.2633 130.3920 -40.9925 43.1561 -15.5998 11.9132 -14.6579 -16.0833 -22.3082 -7.0132 3.0425 1.8070
-349.2247 162.0958 -64.2933 29.9164 1.6937 -10.4026 -14.8754 -11.7088 -18.8477 -3.8540 -7.1092 -4.9938
-385.2205 152.3904 -27.9216 31.1042 -17.8881 3.9145 -2.8613 -8.7441 -23.5119 -16.3216 -2.8756 -0.3523
-400.1377 159.4152 -37.4659 17.3735 5.0009 13.0318 -5.8720 -22.0049 -22.8851 -5.3243 -3.7969 -7.6912
-357.4179 158.4163 -50.9442 17.3181 -3.4771 23.3835 -11.6307 -29.3367 -32.2097 -3.4264 1.2270 -12.8934
-367.6079 171.6613 -48.7601 14.8805 -5.5659 -4.3219 -16.3294 -22.3236 -17.4831 -0.9442 -4.3807 -0.5383
-414.6438 145.7814 -12.4999 51.7335 -1.0751 -8.5873 -4.6836 -2.8504 -17.2578 -11.2708 -14.4187 -11.5587
-395.6865 113.1672 -25.8279 53.6174 -15.6692 19.5891 0.0559 -2.2930 -24.9659 -11.1684 -1.4511 -8.8681
-390.6950 166.4136 -38.4534 14.0209 3.7415 9.3207 -12.4219 -19.5415 -20.6465 -11.9894 -7.3299 -8.7763
-384.4616 147.6223 -20.2934 32.0786 -23.9490 0.2070 -8.3793 0.4570 -18.7070 -9.8181 -8.0733 -14.7051
-391.1030 179.3791 -23.9506 14.1476 -10.2504 -2.4219 -3.4012 -16.8024 -26.9200 -12.2826 -9.5182 -13.2517
-406.9772 130.1158 -19.9611 48.3022 -12.1181 5.8035 0.0035 -2.4416 -26.6043 -14.3825 -1.1698 -11.4697
-439.1117 136.5636 -27.4184 29.0895 -3.0766 -5.0245 -6.8381 -6.4832 -3.9819 -9.7276 -3.7778 2.0322
-501.2623 102.2218 -19.8838 24.8746 1.4342 7.1980 2.8266 -2.4327 -1.2182 -2.4473 2.8358 0.4327
-369.3736 187.3325 -35.6266 9.8047 -15.2439 -10.2503 -2.2337 -4.6601 -15.8635 -14.1328 -8.2202 -2.4382
-377.7195 193.7456 -22.5922 7.3075 -22.1418 -20.5244 -8.3601 -1.9914 -13.4724 -11.8081 -9.4428 -8.5921
-372.9357 161.7580 -37.6493 26.4808 -11.4594 0.4063 -11.7419 -16.2162 -19.2948 -11.7307 -7.8506 -5.1809
-407.4229 166.8377 -9.6880 24.3006 -20.5454 -6.3578 -1.2183 -7.0259 -13.4949 -17.0417 -23.8614 -10.9186
-405.9015 171.1435 -16.8280 20.6451 -11.4496 -10.0755 -8.4279 -5.7706 -13.4925 -18.3071 -10.6506 0.0926
-383.4141 153.8436 -40.8607 23.9759 -3.2316 8.3407 -11.7168 -13.3957 -15.2222 -8.2342 -7.1646 -9.6511
-396.5925 128.4580 -22.1763 49.5218 -20.3662 1.5041 -12.2041 -1.5336 -12.7538 -13.5704 -2.1163 -16.9372
-396.3610 166.0764 -35.1275 30.7374 12.1382 -1.3246 -10.3305 -17.7024 -23.1053 -16.3784 -8.3463 -9.8251
-469.4642 120.4410 -15.8806 35.2275 0.2330 4.3035 3.0195 -2.6488 -5.9584 -10.9488 -3.8482 -4.0810
-520.2952 94.9405 -11.8782 26.0131 2.0747 8.4327 5.0348 5.0999 6.3027 -0.8031 3.1602 0.7281
-519.7882 93.2191 -13.3702 25.2335 -0.4547 7.1109 4.3809 3.6590 5.5197 -0.5680 2.9253 0.1164
-508.0954 87.0609 -15.2653 32.1750 0.1403 11.6702 2.3880 6.0585 5.2981 1.3932 3.7409 -0.0146
-413.2184 107.8131 -22.1964 46.6793 -17.4572 24.7412 -9.8332 -8.3406 -8.3681 -3.8070 -1.1029 -11.2377
-357.9793 132.6698 -48.9170 46.7804 -7.8119 14.6151 -16.2794 -12.7234 -16.7325 -9.5723 -3.0324 -15.0962
-415.0441 127.1405 -40.7333 26.6965 -8.7106 7.8306 -9.4862 -13.4162 -8.6729 -0.2463 3.7240 0.5040
-471.9161 104.8926 -32.3062 18.3010 -0.5755 20.4001 2.4639 -7.3812 -13.1012 -4.5002 11.0964 3.9867
-482.3129 106.0749 -31.3122 17.3817 -2.2228 11.7832 6.7013 -0.1764 -5.3860 -5.9428 4.9921 1.6322
-471.5805 105.8728 -30.5029 23.0207 -5.2554 8.6982 0.9010 -0.0217 -0.4118 -1.7901 3.3001 1.4870
-333.6834 138.2938 -70.2155 33.7487 -10.8021 4.1441 -15.3846 -7.4341 -12.6986 5.8139 -0.5625 -1.7948
-384.9137 134.5094 -51.5618 40.7903 7.3838 6.5801 -22.6204 -18.4008 -5.0086 -0.4456 -6.3740 -4.4008
-386.0404 174.2977 -33.4396 16.2895 -3.0366 4.3526 -5.9944 -22.1989 -20.4914 -5.0359 -7.3256 -10.4375
-404.1324 167.7725 -21.2507 37.2067 18.0080 0.9064 -22.5951 -22.9981 -14.4615 -10.4074 -11.6421 -15.8192
-412.3536 118.3432 -35.0917 54.5315 4.1222 2.2818 -7.5073 -0.2937 -14.8120 -10.5482 -9.9304 -14.5684
-385.8501 139.6510 -24.1113 41.5587 -24.4225 6.1172 6.8340 2.7078 -16.8757 -14.3879 -9.5132 -12.4454
-366.9876 160.7075 -50.6230 25.4142 -11.7851 -5.5183 -1.3204 -4.1289 -11.0436 -9.0435 -8.4695 -3.3122
-413.0755 160.9910 -21.8023 11.8829 -22.9786 -5.3184 6.5494 9.3306 -5.0064 -13.2642 -6.4913 -6.8031
-401.4811 139.2004 -26.4444 36.0832 -4.4438 11.2977 -15.5552 -7.3796 -9.2628 -10.0433 -0.4511 -8.8033
-342.2014 159.6851 -44.3247 31.6806 -10.1135 -5.8083 -34.6815 -1.8485 -6.4590 -7.1027 -8.8558 -13.4531
-402.3808 162.4107 -24.9868 32.2945 -0.4772 -9.1603 -10.8578 -4.4320 -15.3554 -20.7672 -9.4921 -7.7844
-438.9430 130.2915 -11.4035 39.5945 -1.2764 8.0789 -12.2492 -5.1416 -7.2886 -14.4958 -7.7702 -9.2127
-466.6297 121.2177 -18.9536 22.9967 -4.7929 5.2093 -7.0162 -4.2954 1.7495 3.6845 8.3146 -0.3321
-384.7822 150.9094 -35.2954 48.3529 11.0073 1.3366 -22.7022 -16.1172 -6.6158 -16.3816 -13.5036 -1.4231
-400.2895 142.2256 -18.6158 47.1492 -2.6737 0.6461 -28.8640 -10.1290 -3.4996 -13.0047 0.3340 2.0427
-371.3086 107.6408 -46.4445 56.2170 -11.5850 10.4437 -30.8052 -4.6820 -0.3546 -3.6223 -1.1462 -1.6427
-432.0467 121.0924 -22.8273 37.7136 2.5965 11.6763 -15.2633 -0.3398 -5.4810 -4.9745 3.3821 -0.0083
-399.0401 152.7165 -13.4210 41.5015 -4.3332 5.2403 -16.2801 -11.6086 -13.9664 -14.6717 -10.2153 -7.4555
-337.3057 133.7043 -41.2603 46.7843 -28.6540 7.8342 -8.3822 0.0038 -21.2041 -6.5930 -4.8900 -9.1126
-360.4149 151.0011 -31.6902 45.6737 -4.3759 -0.8053 -37.5475 -10.7340 -5.8934 -5.9134 -0.3650 -6.6259
-429.2350 109.3073 -37.8637 39.1967 -5.8155 7.5498 -9.2488 -3.7438 -3.5444 -0.2552 3.3481 -4.5863
-368.9541 116.1251 -39.4800 41.3291 -24.4674 18.9289 -15.0947 -1.2106 -8.3413 0.0944 0.7910 -8.3095
-340.2828 140.4929 -45.7168 40.4743 -17.9030 9.2252 -18.4380 -11.7870 -23.7648 -6.3010 -9.4744 -9.2476
-321.5905 163.1593 -60.4073 36.3515 3.0020 -7.2684 -26.6950 -5.1420 -24.2524 -9.1496 -12.3035 -8.3576
-369.7093 168.9144 -48.5140 16.4207 -0.4575 -5.3652 -17.4666 -7.0666 -14.8196 -11.4952 -10.3606 -6.1957
-369.7870 159.5737 -61.7077 21.6859 8.8166 -3.2997 -21.5203 -22.0169 -16.2002 -2.7463 -9.9923 -2.9457
-369.2264 157.1810 -46.0686 44.7179 9.7840 -10.3821 -17.4173 -9.1328 -14.9432 -13.5879 -21.8092 -4.9694
-385.6064 160.2318 -40.7642 14.1995 -6.6559 4.8379 -7.1881 -11.3678 -23.9013 -12.1059 -5.2733 0.0146
-383.1816 167.4772 -32.0501 26.5646 0.9083 6.3077 -3.0299 -12.7155 -28.2580 -17.5297 -9.1843 -10.5648
-342.6370 108.2317 -43.1020 51.7814 -33.1963 19.3678 -5.2506 1.3477 -31.9841 -3.1471 -6.9501 -7.9678
-346.5822 150.3851 -58.7976 23.3474 -7.7914 10.0676 -17.8573 -16.3210 -23.4491 -2.6405 -2.8914 -5.9559
-354.5803 146.1304 -64.6884 43.8541 7.9377 -8.3068 -22.4560 -12.0141 -15.1101 -3.3837 -11.3899 -16.8729
-385.5677 133.0948 -39.6418 35.4976 -6.9879 11.9318 -10.7510 -11.4279 -24.2497 -6.2693 -4.7520 -14.1471
-439.0129 90.3282 -35.3029 44.7751 -5.0752 11.5628 -3.0178 4.2400 -16.5619 2.9536 6.0623 -7.3949
-433.2587 98.9470 -46.3166 33.1340 -7.3570 11.8205 -3.9543 6.9879 -2.5284 -2.8435 7.3530 -6.0943
-354.9066 169.0451 -56.2562 18.0280 -7.6404 -4.7720 -11.5908 -8.3536 -11.3257 -8.5786 -6.1559 -0.7435
-345.0947 135.6504 -53.9788 34.0728 -11.1387 13.3897 -17.3851 -3.6778 -17.0685 -5.9680 -2.9721 -12.1703
-323.0163 154.1577 -50.0351 37.8598 -14.9528 0.8999 -13.2873 -1.2881 -23.5806 -13.6973 -15.6899 -7.9362
-360.5233 163.4533 -44.9868 25.2840 -8.3668 -2.7529 -13.4992 -6.4366 -13.9202 -10.9701 -11.6596 -4.5392
-371.2706 169.0627 -30.2805 27.7034 -6.7424 -2.8617 -13.9492 -6.0034 -18.9236 -13.0018 -6.8453 -11.4065
-366.6987 150.1212 -49.2733 45.2710 3.0784 -6.7354 -17.1205 -5.1048 -5.9545 -9.2892 -10.8786 -10.0305
-365.2195 136.4847 -52.2635 46.3095 2.6007 4.4034 -15.6710 -10.7341 -12.0297 -0.2232 -10.0770 -13.9864
-343.5404 158.6746 -48.6564 19.9569 -28.7351 -2.5817 -13.9744 -1.1770 -5.4686 -0.7803 3.4833 -5.4959
-379.2877 146.3351 -38.4741 25.2658 -17.8327 0.2297 -22.6563 -3.4089 6.0883 6.5884 7.7789 -6.1262
-435.0143 114.1264 -21.8367 41.7191 -5.1782 14.8787 -4.3836 4.2950 0.3105 -0.0333 6.4712 -4.1245
-388.9615 114.7022 -33.4750 48.5274 -10.1958 3.6214 -31.9209 9.9767 1.6329 -10.8944 3.0876 -4.7970
-352.9307 152.8113 -60.9476 17.3685 -11.7810 7.2040 -15.9078 -7.6232 -3.4154 -2.0701 6.8276 2.1508
-331.3325 152.7198 -56.6623 28.4330 -13.0202 5.7201 -17.2095 -2.0008 -8.6955 -7.4036 -3.6961 -1.3372
-352.9803 138.9154 -41.6514 31.4623 -23.3090 5.6631 -20.8760 5.6095 -7.1053 -3.5874 1.6819 -10.1819
-338.7256 136.3145 -58.8429 20.9425 -28.7108 7.5204 -20.6009 2.8732 -0.4024 0.9604 2.6609 -6.6694
-362.0109 129.2106 -40.3882 34.0156 -41.5567 -5.1929 -4.5006 4.3493 -6.8785 9.3956 -4.3843 -8.6999
-427.5088 95.3511 -30.6940 45.8407 -14.9423 -2.0049 -20.2288 9.8670 -6.4372 -6.2088 2.8535 -4.5504
-480.9103 94.3191 -26.4250 26.3973 -8.8595 8.5946 2.8403 6.5207 -0.4923 2.1720 6.3760 -1.6111
-355.7280 145.4749 -42.6115 4.6372 -46.6479 6.2861 -3.1067 6.9953 -13.9771 -0.7881 7.5708 5.8807
-462.7834 90.9574 -24.8775 31.7683 -16.0592 14.1955 -5.2340 4.3020 1.8756 -0.9545 6.0020 -0.5430
-487.6735 95.7130 -27.3569 26.0594 -4.2745 3.0863 -3.1259 4.9226 2.2107 -2.3349 2.3139 -0.7953
-358.6021 143.5678 -57.8438 29.0778 -13.6689 -18.0900 -22.3404 6.3066 -4.5092 -3.0026 -4.4583 -5.1545
-360.8422 154.6154 -45.6615 21.8488 -22.0819 -4.9273 -25.2665 -15.9003 -4.5946 1.2094 -4.7153 -8.2770
-431.2706 109.3453 -29.0150 41.5587 -6.1873 2.8163 -15.2822 4.4563 -2.4091 -7.6924 -2.8391 -6.6351
-382.9043 173.3101 -45.4808 5.6612 -11.7720 -7.6590 -0.3826 -3.9658 -12.7886 -8.6961 -9.0326 -1.1747
-343.4586 147.3081 -48.8707 24.9341 -24.8405 14.7642 -6.3951 -10.9805 -18.5144 -3.3161 -13.9108 -9.9716
-409.0045 157.5545 -33.5748 22.3689 3.1670 4.7709 -7.1249 -20.2930 -10.8137 -9.2822 -21.0518 -6.6192
-410.2398 167.2266 -28.8268 9.5049 -4.9853 2.2323 -1.2433 -12.0360 -18.0418 -14.9670 -17.9229 -10.0218
-345.8751 131.3702 -50.2773 42.7467 -15.5879 15.7089 -17.0710 -16.1407 -15.4672 1.8330 -12.3459 -7.2742
-386.8133 154.6254 -34.4799 18.6802 -16.0084 6.5380 0.0018 -5.5709 -16.2084 -6.8010 -14.4566 -14.6340
-352.7307 170.7301 -57.9700 16.8938 -10.7176 -7.7410 -2.8372 -10.4879 -24.4857 -5.1163 -14.0222 -14.6001
-390.8354 170.8456 -34.2454 14.5395 -1.7123 -5.3942 -3.2316 3.7657 -17.0778 -18.5084 -19.5228 -5.7472
-379.2010 103.4803 -42.3047 63.3146 -8.8183 15.9346 -14.8047 -10.6677 -11.0423 -2.9372 -13.6780 -10.9915
-494.0325 107.6884 -13.7600 35.2473 4.8853 3.4394 -2.5147 0.5195 7.0667 -6.4368 -4.6914 -3.6445
-404.7625 125.0988 -20.2298 29.3403 -12.8870 18.1112 -23.3590 0.4214 -7.5510 -3.6554 1.1660 -15.4539
-361.3907 138.0513 -46.9067 25.5093 -21.9574 5.5446 -26.4606 -4.6679 0.2587 1.7534 -2.1614 -8.0181
-425.9120 99.7969 -48.4625 34.1761 -8.8087 7.2907 -5.2456 5.6195 6.9628 -1.2320 -3.9878 -5.8406
-365.6449 143.3802 -49.0375 30.1947 -26.1443 -8.3633 -4.5460 2.4535 -1.3011 -6.7761 3.4462 2.3365
-386.4052 155.5868 -39.8243 11.1734 -24.9370 -1.3011 -4.4950 -7.9989 -10.4400 -4.5863 4.9766 7.9322
-378.1177 131.0578 -29.7248 31.0396 -29.0182 3.1016 -24.1822 0.5553 -1.7369 -0.4010 1.6796 -5.1596
-379.6340 145.0856 -40.3510 19.4302 -24.5077 1.4687 -8.7744 -0.4139 -12.0215 -11.2687 -0.5930 1.7164
-429.8130 116.6032 -38.2202 29.5393 -10.1042 4.3240 -7.4660 -1.8053 -0.0637 2.4943 7.0442 -0.8676
-409.3854 142.3637 -39.2925 14.8587 -17.4858 -0.5793 -2.6753 -3.0030 -8.2970 -3.4679 4.2860 -3.0145
-388.3664 128.8745 -49.2898 39.3749 -15.2126 -9.0291 -9.8878 3.2317 -4.2163 -9.1518 3.9053 -5.7645
-376.2670 133.8004 -35.9507 56.6160 -14.8152 -18.8622 -19.2594 2.5910 -11.3330 -12.4389 -6.0435 -13.6396
-396.7754 114.8804 -38.9629 46.2816 -13.5932 -1.7734 -16.5584 0.6053 -5.5598 -3.8443 -4.9485 -8.3637
-437.3026 102.4220 -27.9795 36.1124 -16.9806 9.6626 -9.8142 -0.8369 1.1364 3.1646 -0.1732 -7.2961
-498.4986 90.5396 -24.4588 27.0274 0.1673 11.7197 -0.5409 3.2945 4.5780 -0.8956 3.3522 -0.0297
-365.4653 118.8657 -54.5542 32.8732 -21.7689 2.9531 -23.0454 0.6478 3.9877 3.0770 -6.2810 -9.8644
-419.1568 113.1228 -51.9173 22.0113 -17.9209 -1.7416 -10.0802 -1.1519 8.3961 9.8932 -4.0292 -12.1914
-367.0119 141.1986 -63.7787 5.9319 -27.9575 -0.0897 -9.4151 -0.4001 -1.1310 6.5766 3.6539 -8.6255
-397.3768 106.0225 -32.9771 46.9528 -16.6263 8.1243 -17.6736 7.6229 -2.0785 -4.6576 -8.7792 -13.9697
-413.8140 142.3228 -32.2472 17.7317 -10.6944 -5.6044 -17.6302 -2.3804 -6.1053 -7.0444 -1.1591 4.3654
-481.1682 100.6653 -26.4856 28.6113 -6.1917 2.1451 0.5923 -0.8461 -1.6159 -2.8775 -0.0584 -2.5411
-349.6204 116.8094 -52.4351 35.6061 -25.8798 -6.5266 -30.0586 15.1606 -4.1287 -1.3565 0.4171 -3.7347
-402.3779 139.4379 -28.4405 32.0257 -13.2705 -9.0144 -16.9643 4.2723 -6.6092 -6.5875 -5.4931 -11.2468
-385.2352 155.4366 -40.1425 3.1417 -20.0108 -12.7488 -28.3592 7.4336 4.9508 4.6605 0.7194 -1.2752
-393.9268 145.4378 -35.0906 11.8798 -17.7246 -1.5937 -15.6392 3.4585 -10.7927 -0.5771 1.4767 -8.1607
-422.7226 140.5251 -12.0835 30.7313 -19.3615 -7.7454 -9.6300 7.4135 -5.9095 -9.4600 -3.8665 -6.9500
-460.3676 95.5301 -15.0563 47.4831 -2.6015 9.9207 -18.3019 3.5914 0.6370 -7.7939 -1.5093 -8.1542
-482.8947 99.3774 -33.3499 27.6536 2.1063 0.5861 -5.5976 5.2544 7.0903 -4.5009 0.6152 0.1789
-343.7479 138.1341 -63.4695 36.8761 -7.5461 -8.5551 -31.5762 1.2536 5.0794 2.0613 -8.0719 -5.3493
-371.3251 137.2426 -32.2907 32.5986 -20.0639 2.1844 -27.4924 3.8859 1.7518 -2.8426 -3.9898 -10.5197
-359.3152 149.1678 -42.0988 26.1373 -25.1225 -6.0201 -21.6226 0.3801 -3.5285 -7.0686 -3.3809 -3.4923
-484.6529 105.4630 -21.1286 20.7435 -6.0944 8.2363 -0.3591 3.1125 4.9993 2.8565 2.6280 -2.7283
-425.3474 128.2932 -40.9548 9.7867 -17.7141 -0.1151 -7.3069 5.9892 3.9906 5.5483 0.6135 -7.5061
-416.4662 115.4158 -41.4434 37.6650 -9.9898 -13.2473 -17.4833 7.0810 -6.9993 -1.4929 5.6445 -7.2149
-488.0340 87.0011 -24.5441 33.3905 -5.1570 9.1730 -0.9546 4.2524 -1.3327 -3.2623 3.6590 -3.7110
-477.9315 99.4865 -29.7666 25.3506 -2.1175 9.2079 -0.0923 2.8745 2.0785 1.3851 2.8106 -3.6785
-364.6656 130.0968 -61.6513 24.4584 -15.0863 -2.4128 -18.3928 -0.6838 -1.9377 2.8497 7.2089 -4.4816
-400.5274 112.0431 -20.1475 52.7069 -12.5125 12.9182 -19.7725 -0.7488 -12.3042 -7.3822 -4.6293 -10.1900
-378.5782 153.0465 -28.5795 2.7137 -30.5786 7.1408 -18.2556 -2.0609 -13.7901 3.7345 4.0631 -4.7782
-393.3575 119.4737 -16.0216 61.1205 -11.1372 3.6970 -19.7705 -0.0519 -15.4016 -9.2669 -3.5836 -8.7049
-414.8515 122.2314 -18.8340 46.2567 -5.9515 -7.1478 -23.9336 6.6760 -14.1002 -6.2015 -4.6744 -11.2743
-433.8993 122.7178 -41.3681 33.3832 1.3883 -5.6183 -7.4875 -0.4626 -4.8676 -3.2999 5.1889 -2.3342
-382.1258 140.0583 -23.0496 54.2782 -9.4905 -14.1502 -17.6451 4.9832 -21.9245 -5.8207 1.3673 -21.6508
-382.8139 143.9072 -33.5505 37.9699 -3.8394 -10.6492 -25.0319 6.8014 -8.7853 -5.0727 -5.1634 -13.9518
-386.6425 130.1234 -26.5226 43.9551 -7.1504 6.4551 -20.7896 4.3703 -13.1311 -8.6680 1.3021 -14.8520
