0.092880
0.673379
1.184218
1.695057
2.182676
2.623855
3.134694
3.552653
4.017052
4.504671
4.945850
5.410249
5.851429
6.269388
6.733787
7.221406
7.685805
8.196644
8.707483
9.195102
9.705941
10.216780
10.704399
11.192018
11.679637
12.120816
12.538776
12.979955
13.444354
13.955193
14.442812
14.930431
15.418050
15.859229
16.300408
16.811247
17.275646
17.716825
18.158005
18.599184
19.086803
19.527982
19.992381
20.503220
20.990839
21.524898
22.058957
22.593016
23.127075
23.637914
24.055873
24.497052
24.961451
25.425850
25.890249
26.377868
26.842268
27.306667
27.724626
28.258685
28.769524
29.280363
29.791202
30.302041
30.766440
31.230839
31.741678
32.229297
32.716916
33.158095
33.599274
34.086893
34.504853
34.969252
35.433651
35.898050
36.385669
36.850068
37.384127
37.871746
38.336145
38.800544
39.264943
39.729342
40.263401
40.751020
41.261859
41.749478
42.237098
42.724717
43.212336
43.792834
44.280454
44.814512
45.325351
45.836190
46.347029
46.857868
47.391927
47.879546
48.367166
48.878005
49.365624
49.853243
50.340862
50.851701
51.362540
51.850159
52.384218
52.918277
53.382676
53.870295
54.311474
54.822313
55.263492
55.774331
56.285170
56.772789
57.399728
57.910567
58.398186
58.909025
59.396644
59.977143
60.441542
60.975601
61.486440
61.997279
62.508118
62.995737
63.483356
63.947755
64.435374
64.946213
65.457052
65.944671
66.432290
66.896689
67.407528
67.941587
68.429206
68.916825
69.404444
69.868844
70.356463
70.844082
71.331701
71.819320
72.353379
72.840998
73.235737
73.746576
74.280635
74.745034
75.255873
75.743492
76.254331
76.741950
77.276009
77.786848
78.251247
78.692426
79.156825
79.621224
80.132063
80.573243
81.014422
81.455601
82.012880
82.500499
83.011338
83.498957
83.986576
84.474195
84.961814
85.449433
86.006712
86.610431
87.098050
87.585669
88.073288
88.537687
89.048526
90.013016
