183 12 128
-515.5809 93.0870 -5.1261 35.2445 1.1567 -17.5613 -15.8339 2.2261 7.0606 0.1659 -3.8182 -2.6715
-381.8071 109.0999 -40.8920 45.3337 -18.5235 4.0659 -23.9701 1.5016 5.7202 -2.5478 5.5437 -3.7536
-402.3477 120.8935 -34.5256 45.6293 -0.5792 -5.2698 -22.7049 6.0257 1.1240 -6.7734 -0.0827 -12.3538
-507.0676 99.9311 -8.6678 23.5810 0.0067 6.0173 2.4064 2.2593 3.9111 -0.9092 2.5559 -3.4227
-493.5049 85.7915 -24.8660 27.1351 -2.5245 8.9706 0.0294 2.1842 5.3726 0.8359 6.6252 -0.5825
-399.8491 122.2779 -45.8379 47.9457 15.0348 4.3794 -19.0833 -13.8374 -5.9513 -2.2011 -9.7477 -12.8764
-338.6524 115.7671 -54.7008 52.3245 -15.6963 15.1436 -24.8563 -20.6979 -16.9023 -4.4726 1.6761 -2.8341
-351.0414 130.2687 -60.4204 52.5380 5.8002 2.5413 -25.6399 -21.8431 -17.9171 -9.0345 -4.9910 -7.5340
-444.4615 95.5453 -29.6398 50.1681 8.3757 10.5600 -15.8522 -2.3481 0.5675 -8.9327 -3.2082 -6.6722
-362.6149 96.6863 -46.6064 74.6089 0.5986 17.6359 -23.2241 -1.7795 1.9320 -7.3714 -8.5114 -10.0514
-364.5103 115.9927 -45.8564 69.8732 10.9152 9.3337 -23.4321 -0.6224 -1.1193 -10.3910 -7.8173 -10.4513
-414.1004 105.1676 -29.6568 59.9160 6.5506 18.0694 -8.6393 -7.2507 -1.0835 -3.0178 -6.9733 -9.5391
-475.4532 71.6179 -30.7032 38.1487 -5.7172 19.7939 -2.4333 -0.5358 3.4163 4.7536 8.5511 -3.5055
-431.6651 104.0163 -33.8980 31.1947 -8.2607 11.7937 -10.3782 -0.4147 3.0894 1.0129 4.7734 -5.6317
-349.9597 153.2250 -49.9885 -1.4389 -39.1400 -5.3276 -12.6329 8.8581 -3.1079 10.0323 13.8064 -4.5775
-323.3741 155.1338 -69.7187 1.4343 -35.9867 -0.0080 -2.3252 2.7344 -7.0674 6.7130 10.7924 1.7391
-383.4266 137.0749 -34.5735 27.1980 -11.9307 3.5347 -22.0622 -1.5297 -1.5171 -3.4905 3.9845 -3.9377
-347.4746 147.7517 -42.3778 27.9882 -31.3164 -8.9127 -19.2168 2.4823 1.6870 -4.8924 -0.1776 -3.3966
-353.5735 151.2698 -36.4709 23.8976 -30.1383 -7.8444 -15.1041 -2.3326 -9.4919 2.2900 -0.6650 -8.4041
-360.0078 150.2320 -39.2803 17.8025 -22.7100 0.8914 -23.7261 -7.2755 -5.0616 -3.5691 -0.5861 -5.6950
-329.3074 157.3305 -62.4413 12.1381 -25.5872 8.9780 -13.8372 -9.8918 -2.3590 -1.5738 8.6874 2.5073
-353.9879 119.5836 -51.9775 43.9878 -13.5756 18.3144 -27.8330 -10.8379 -0.2940 -10.1607 7.1901 -4.9205
-326.7474 160.4252 -57.0319 20.0457 -19.1170 6.8555 -15.1749 -7.4123 -13.8126 -15.7392 1.1707 -1.3449
-366.0641 141.9826 -51.3770 36.2088 2.2822 6.8972 -19.2460 -16.3920 -10.8833 -9.3417 -3.6920 -5.9068
-355.8887 129.7526 -46.6385 52.0881 -5.0551 6.3510 -16.8212 -1.5170 -9.1377 -13.7415 -2.6023 -10.2344
-269.0118 141.7718 -85.2543 40.0211 -27.1762 0.8377 -19.0226 -4.6558 -10.2324 -1.3096 4.4364 -6.6141
-332.4395 119.7495 -63.6521 70.9448 -2.6697 -15.4388 -18.2720 -5.1057 -5.8966 -2.6338 -11.5910 -6.8921
-305.8138 131.2395 -75.0811 57.8590 -17.1476 -15.1476 -28.0990 -1.6118 -5.7866 -5.2670 6.3042 -8.4530
-353.8727 121.0047 -56.8839 53.4744 -13.5105 -22.6566 -22.4595 6.5405 -10.3202 0.4194 7.4381 -9.0659
-444.0416 103.9852 -37.8837 33.0571 -7.5061 -12.3957 -14.4623 9.9164 8.3283 0.1745 11.4291 0.5316
-363.7309 148.4414 -60.8419 -7.1390 -29.8897 4.9953 -4.1566 7.6338 3.1098 11.4954 19.3260 -6.7354
-364.8289 134.9332 -55.2820 39.5651 3.1279 -5.8871 -35.7786 -5.9504 2.4721 -5.3033 2.3195 -1.3290
-372.0453 123.3915 -26.9867 60.9018 -10.6960 -2.6292 -25.4231 4.7553 -5.4548 -12.1031 3.0809 -10.0573
-358.5887 149.7694 -32.6763 18.8302 -37.7791 -2.9847 -15.0114 2.9509 -1.4426 2.3633 11.1283 -3.2075
-374.6127 118.3117 -35.6577 41.0276 -15.9934 3.4336 -28.3085 5.5743 -3.2809 -1.3864 5.4774 -9.0444
-337.4101 117.5792 -60.3991 62.5611 -11.0597 -7.4961 -21.7797 3.2776 1.1409 -1.4866 1.0978 -2.7691
-360.3704 114.4886 -53.9913 39.2699 -23.7506 6.2787 -13.8152 5.5429 4.4760 -4.9235 4.2209 -1.6389
-324.3463 153.0158 -50.8458 20.4620 -42.1045 0.1451 -10.0296 -4.6735 -12.0413 -9.6547 6.1856 4.4431
-351.9344 125.7484 -44.6706 41.1325 -12.6114 19.8366 -23.5800 -7.4901 -10.3276 -8.9462 4.8963 -6.1214
-356.3779 105.1770 -50.6992 55.2072 -7.6979 27.1890 -20.0377 -1.6307 -2.6899 -14.6052 -7.5996 -13.1117
-336.1581 143.5796 -64.9782 36.6678 -0.3356 12.8377 -12.9400 -8.9994 -9.4534 -12.6616 -2.8927 -7.2088
-334.5505 158.6268 -59.9430 3.6932 -27.3732 8.0769 -24.8522 -15.3941 3.3402 4.0624 16.1501 6.0544
-378.3266 138.0131 -40.4686 27.8163 -9.1110 11.7310 -21.3414 -12.4311 1.5253 -1.6852 2.9751 -6.8006
-340.8377 156.6324 -69.1915 18.6283 -2.5067 -2.1104 -27.0968 -10.6876 6.9689 4.3117 2.2628 -7.4453
-352.8301 142.2987 -60.9021 26.4364 -12.4539 0.3164 -13.3900 -11.0241 -6.0750 6.1746 8.4528 -0.1223
-389.9380 125.5913 -28.1143 30.9935 -28.5523 10.4611 -14.2348 -5.3611 0.1966 -10.3018 1.7271 -2.7119
-479.5184 92.8452 -24.9336 29.4498 0.6174 12.8432 -1.7683 1.3043 3.3545 -2.4159 3.0707 -4.7978
-391.1388 127.6956 -28.2380 48.4503 1.8830 10.3023 -25.9831 -16.5835 -12.3225 -13.5204 -4.7403 -4.6397
-352.5547 149.4599 -34.4501 42.8859 -5.9529 7.1140 -27.1569 -18.9055 -14.2802 -9.7005 1.3036 -2.4729
-341.4273 147.0173 -53.9132 42.2900 0.6763 9.2317 -27.3018 -27.8460 -14.9750 -9.6720 -4.2968 -4.2186
-320.6398 154.0077 -50.1792 17.4949 -41.2990 -3.1412 -15.5434 4.8688 -6.0782 6.0555 7.9849 -11.6047
-429.7185 118.3985 -34.2817 19.7148 -16.7737 2.4533 -7.3021 -0.2118 0.6703 -1.2804 8.9269 -3.4261
-319.0424 138.1943 -45.8762 36.3238 -39.3825 7.4184 -17.8929 0.7170 -13.4554 -13.1444 0.4235 -7.4791
-387.5753 108.9315 -47.4778 56.4938 1.1577 10.2190 -16.3789 -6.9476 -1.8395 -6.7584 -1.0908 -6.5657
-421.9283 82.3541 -49.2648 44.3574 -13.6741 16.9390 -5.1663 0.2975 3.6724 -2.9755 8.9336 -3.7584
-352.9559 142.6983 -39.5869 38.4875 -16.4445 12.5315 -13.6359 -11.8460 -7.4433 -12.9154 -8.4688 -4.4766
-322.9771 143.7862 -53.4631 35.2918 -33.4013 1.4400 -11.1723 -8.0883 -11.4853 -8.0870 -9.3319 -4.8747
-351.6590 113.2004 -55.0468 55.5917 -3.0116 14.2918 -18.2871 -8.7635 -9.7227 -7.5626 -7.8521 -5.5239
-373.8002 136.7984 -51.0221 27.9879 -18.5451 -2.0721 -2.5356 -5.7328 -10.6840 -7.9340 -1.9853 5.6935
-343.2894 143.5603 -55.8256 34.6868 -12.8595 8.2793 -10.4915 -12.5341 -14.0943 -10.4239 -2.3526 2.6896
-478.6061 96.1420 -22.2267 28.5047 -2.3501 12.0593 -0.0697 1.5117 3.2982 -2.8274 3.6645 -4.5197
-361.4580 124.8657 -44.6651 33.2057 -30.3778 4.7221 -7.9477 6.7715 -8.5151 -12.9708 -0.0464 0.1594
-341.5503 127.2945 -50.5832 51.0215 -2.8140 17.2901 -27.0284 -3.4348 -6.0071 -17.6575 -6.9360 -8.3733
-363.9633 140.3184 -34.5841 42.2094 -15.8172 1.7722 -15.1071 2.9951 -5.0967 -19.5331 -8.9964 -7.7640
-356.6711 159.0535 -50.9952 18.8062 -21.1024 -5.3390 -0.4717 -3.1264 -9.5246 -7.9808 -2.4152 -0.1251
-322.2543 161.1410 -58.3784 -4.5282 -43.3509 6.4969 -1.9682 4.4070 -7.6093 8.1985 13.0218 -6.6715
-347.6355 130.1014 -46.2639 49.0000 -20.9931 -5.4013 -23.6566 -4.5368 -4.3637 -9.9485 -1.2374 -0.3651
-376.3927 136.5636 -33.5752 29.9181 -26.0687 3.0055 -17.6302 -5.0077 7.1188 -1.7198 1.1231 -11.5583
-388.5742 131.6650 -15.5588 23.5815 -33.9558 10.6250 -18.7206 1.1978 -6.8549 -5.6877 7.7508 -7.5056
-359.0184 168.4894 -40.9444 -0.8123 -43.4729 -14.6854 -3.0144 8.3477 -1.1082 -1.8695 6.6457 -4.3224
-340.0013 122.6139 -57.1081 33.3090 -26.0819 14.9656 -3.9720 5.8413 -15.8174 -7.0830 7.6158 4.1113
-364.9331 120.0027 -48.6350 56.4567 1.4141 15.9962 -17.4948 -16.1120 -9.7795 -8.7278 -7.3702 -6.7004
-363.4968 152.0515 -32.3062 29.4355 -19.6925 3.0002 -14.9044 -8.8976 -13.1552 -15.9404 -5.4022 -3.4604
-337.2485 134.8269 -61.2084 48.4813 0.1681 11.6808 -19.8218 -18.4110 -13.5102 -6.1519 -4.8799 -4.9107
-347.8603 146.0503 -39.5468 32.1984 -20.1173 12.2066 -15.9392 -9.8910 -16.1475 -14.5142 -3.2957 -7.1030
-346.1273 145.6411 -49.8022 30.2480 -3.4283 19.5331 -23.6249 -18.3522 -14.9421 -9.5632 -5.7102 -7.5931
-329.9191 150.9965 -63.5599 25.4044 -7.2745 18.5953 -21.8811 -23.1363 -14.0596 -9.7328 7.3819 4.8355
-372.9396 150.9882 -40.9246 33.5922 4.5223 10.2741 -20.9632 -22.4662 -13.2027 -11.0136 2.8463 -2.6291
-354.4407 132.4952 -44.1196 41.0566 -17.4968 13.2691 -17.6513 -11.6766 -8.4893 -11.5689 1.3362 -4.6081
-351.1551 165.4686 -43.8229 9.4497 -34.3238 -6.2266 -8.7676 -5.1224 -4.3115 -7.6220 -0.9283 7.0858
-357.9519 160.4453 -47.1527 19.8886 -18.7367 -4.3938 -11.5398 -13.1565 -4.9282 -2.2440 -3.4027 1.8786
-326.1685 133.4669 -52.1089 49.8909 -12.2439 17.1070 -24.0233 -13.4070 -9.9525 -13.5087 -2.0001 -1.1541
-342.3098 137.8791 -65.4229 57.0500 15.6091 1.6137 -24.0735 -16.8325 -5.9764 -4.4559 -12.8480 -9.4795
-341.4006 138.1723 -62.7822 44.8964 2.5025 8.9155 -23.4582 -17.3123 -6.1104 -6.8338 -5.5964 -2.1291
-370.5785 125.4437 -53.6393 54.1195 5.2813 5.0602 -16.4407 -16.4510 -8.6311 -11.2484 -12.0572 -1.9800
-342.7994 152.0887 -45.1135 36.6405 -6.4814 11.3309 -24.4279 -13.8594 0.0531 -8.5394 -7.2965 -9.7399
-319.4510 151.2507 -57.2274 28.2403 -31.3061 10.6392 -11.6264 -13.2095 -11.8430 -15.9414 -3.5777 -3.6975
-330.0435 139.9490 -56.6152 33.9766 -20.8275 14.5350 -16.6232 -11.3213 -11.8731 -11.6868 0.7626 -4.2936
-368.3047 119.2535 -47.7066 41.8233 -10.8651 14.7158 -21.3613 -11.1708 -12.0853 -6.7532 7.7874 -6.2567
-489.0059 80.7945 -25.6409 34.4463 0.5346 13.5997 1.2355 3.1504 3.3053 1.3353 7.8827 -2.7827
-418.6700 115.7181 -37.5059 40.9354 10.4996 15.5072 -12.2007 -4.7070 0.2920 -7.7146 -5.5572 -10.0090
-338.6289 130.3053 -58.7176 47.5129 -4.3153 17.4268 -16.3104 -10.9066 -9.5967 -7.6850 -4.0496 -7.7214
-347.7089 127.0667 -54.5504 48.8636 -5.1465 14.8939 -18.9671 -8.9233 -9.2004 -13.1846 0.8461 -2.7933
-351.0722 117.7677 -52.5057 60.6328 -5.5087 10.9374 -16.8683 -4.5107 -8.9623 -12.1648 -3.3315 -10.7978
-388.6138 108.7010 -50.8344 70.7505 13.7817 -6.7627 -15.6337 3.6640 -0.2599 -8.6627 -9.9821 -10.3869
-457.7375 86.4809 -38.4311 33.4245 -4.8773 13.7600 -1.1483 2.0408 1.2707 -1.4198 8.7344 -5.6595
-442.6066 108.1885 -30.2145 28.3157 -9.2256 10.7494 2.7649 6.7248 3.0985 -3.5924 0.4608 -6.8423
-428.6930 137.0066 -15.3383 27.1577 -11.3916 -2.2392 -4.9099 5.5730 5.8412 -3.9032 -6.3133 -10.4658
-355.7202 132.2296 -53.6470 22.9041 -27.7236 -0.6845 -16.6321 3.7784 7.3332 9.5839 4.7359 -5.1450
-353.1523 151.9331 -38.3752 20.7889 -21.9326 6.4036 -14.9408 -1.9445 -6.9162 -9.8882 -6.4767 0.5291
-374.2499 142.0683 -41.2545 29.7393 -11.3127 -5.2255 -23.9373 -0.7474 1.8921 -9.5687 -1.2803 -2.9890
-343.5221 152.3170 -48.2859 31.2582 -19.4950 2.7055 -7.0803 -4.8488 -9.2845 -8.4920 0.2623 -2.6210
-359.0338 155.3983 -67.4258 10.8670 -11.0057 2.3628 1.3481 -12.7591 -8.7024 -0.2521 1.5452 5.7049
-459.3433 100.9150 -31.7934 19.8349 -9.0050 12.3914 -0.8299 2.2308 2.6541 0.7412 7.0401 -2.6070
-357.7015 130.2055 -65.1536 19.2087 -16.9776 -3.8682 -16.4494 17.7193 5.7944 2.8269 9.3163 -3.9918
-404.7773 131.7672 -29.5418 33.3950 -5.4701 -0.4337 -15.5512 8.4162 3.2135 -7.7760 1.8663 -5.5198
-419.4334 106.5154 -37.1202 38.6072 -9.5603 9.7508 -3.6806 8.3512 5.4027 -3.7215 6.6261 -4.7869
-379.8377 136.4214 -42.3620 41.5961 9.0233 14.3699 -18.6321 -18.3005 -8.2541 -1.4964 -2.0125 -11.8740
-346.7540 160.8641 -51.5412 22.1623 -11.9210 5.2493 -8.1146 -12.8085 -13.4496 -8.3263 -0.7285 -1.3807
-464.0406 92.7455 -28.5070 28.4129 -7.3316 14.4125 -0.1398 4.3596 1.7974 -1.7463 7.7359 -2.5757
-372.6439 117.8740 -40.0755 35.0316 -25.8846 6.7024 -3.3167 12.0476 -1.7814 -0.3854 9.9318 3.0289
-385.1349 129.3898 -24.2375 41.0164 -17.2920 5.5350 -23.4508 -3.3513 1.7303 -3.6676 5.0470 -9.9924
-363.8010 107.8401 -31.1080 59.6288 -15.9353 10.3580 -31.6340 10.1032 7.4809 -11.4022 -0.8474 -9.4246
-434.6098 101.0561 -29.4266 48.1124 -4.0397 7.3395 -11.9128 -2.6586 6.8345 -4.3520 -1.2013 -5.4526
-403.6988 107.1134 -44.5730 46.0769 -0.3307 10.1784 -10.9776 -0.8379 -3.9576 -6.9113 -1.2708 -8.2084
-384.7404 82.6043 -55.6700 43.6436 -21.4475 25.3588 -9.3156 4.7874 -2.1853 -1.0459 9.3954 -6.3977
-444.5468 80.5048 -36.9854 38.9262 -11.3347 19.3326 -1.7877 5.6183 3.7921 -0.5888 6.9837 -3.0630
-414.4163 95.2185 -42.0512 38.7030 -11.8194 17.9262 -4.8289 0.6914 -1.0216 0.7138 7.5869 -6.4527
-310.2963 133.9080 -73.0824 39.3795 -11.8157 7.4371 -23.2313 -0.7532 -8.8747 -5.4531 9.7854 -7.8921
-343.6146 150.6448 -45.2287 42.9175 -12.0044 -4.6328 -6.2689 8.4139 -12.1661 -21.5246 -10.2696 -1.8463
-329.2642 148.4887 -48.3173 27.2741 -25.4287 10.6375 -11.5512 8.6042 -3.8830 -12.9957 5.5642 3.1144
-352.2070 147.6689 -51.1924 43.8357 -2.4798 -2.8707 -2.3393 8.5109 -9.3907 -13.7925 0.7402 -2.6466
-348.7870 136.9954 -51.1058 47.7560 -13.4363 1.4620 -9.5115 -8.1716 -13.0396 -9.0613 8.1132 -1.0734
-285.5269 150.9795 -89.0865 12.7624 -24.4522 0.0711 -22.5681 -2.7531 -1.4624 -1.0730 6.0430 -7.6331
-341.2115 121.4642 -54.4992 50.0382 -13.1798 5.5685 -27.3773 -6.3808 -8.7598 -8.4229 -2.9168 -7.8269
-334.5442 143.1022 -55.9824 13.9616 -29.1947 10.5113 -12.7894 1.6682 -1.3378 5.4168 5.6654 -9.2575
-334.3921 146.7348 -60.0063 7.9757 -30.7031 6.6251 -16.2230 5.0072 6.5365 1.8858 6.3850 -11.1694
-379.8135 143.8558 -16.4689 26.3985 -30.5796 -1.7114 -21.9593 0.6545 -2.9285 -0.7535 1.5628 -11.1945
-345.6074 139.3567 -53.6119 32.0005 -15.7184 -8.0028 -21.0575 8.3289 -4.1752 -11.6173 4.4057 -4.3151
-365.7845 121.4923 -48.3750 27.5585 -28.3430 6.3248 -3.0455 12.4591 -3.8542 -6.0911 1.0667 -8.2236
-356.7647 142.3754 -47.4945 37.3104 -5.5145 2.1181 -24.3464 -8.1530 -4.6139 -9.3574 -3.5573 -13.9185
-353.5338 159.7104 -36.1253 8.4212 -49.4125 -6.5673 -0.0287 -0.9724 -6.5212 2.0979 5.0450 2.7113
-336.6401 152.3107 -36.0688 22.2124 -31.4243 6.9699 -25.1072 -9.1941 -8.7016 -6.2326 -1.0089 0.1251
-330.5921 150.3009 -72.9953 29.3375 -12.2632 1.2110 -0.9000 -9.8112 -15.1685 -2.1796 13.7935 2.6237
-353.7610 125.7639 -52.0254 58.4690 -3.8166 13.1715 -11.3915 -21.5684 -11.5965 -5.2863 -1.9912 -3.5720
-334.0459 145.5201 -67.0330 53.5465 0.5485 -3.2612 -6.7022 -23.6685 -17.1041 -5.8982 -11.4040 -8.9127
-325.6877 151.4998 -66.4670 38.1879 -18.8383 -4.9540 0.3351 -8.6864 -12.6040 -5.4544 -1.2761 -2.3285
-322.3196 122.0736 -71.9096 69.7412 -0.6405 4.2665 -13.7099 -20.6025 -12.8803 -1.1646 -8.0752 -12.5665
-339.5330 142.7021 -43.1144 42.0912 -25.9865 3.1212 -3.6332 -6.5201 -14.6318 -7.4354 -5.3360 0.4072
-313.8792 132.9949 -60.8409 54.5470 -30.4387 -1.5330 0.5094 -11.1191 -13.2089 -3.5929 -12.3642 -1.6110
-325.8849 156.8330 -67.9332 25.1934 -31.4280 -17.9728 10.8907 1.9097 -15.6197 -6.0494 -9.7548 2.3659
-321.1229 133.1281 -71.3998 32.7429 -26.3787 5.8516 1.5072 0.2756 -13.7142 -6.4193 -2.3637 1.3022
-353.7015 158.8400 -58.6285 16.9821 -21.4849 -15.3119 -6.8089 -3.2327 -0.7420 -2.9000 0.2484 8.1509
-307.3493 130.0573 -62.5996 54.2880 -18.6363 -10.7657 -20.2307 12.9918 -4.4046 -15.5814 0.6098 4.0910
-320.6440 157.8731 -58.2117 17.6498 -32.7778 1.4588 -2.7829 -1.5441 0.2962 -4.4432 -3.1531 0.4311
-316.1035 140.9321 -48.2133 47.8302 -18.1403 5.5482 -23.0095 7.9099 6.5424 -1.5963 0.6864 -11.3499
-311.3678 132.1240 -81.4101 26.0986 -15.1168 9.2667 -13.2699 7.0564 5.6742 2.0129 -1.6650 -8.1255
-344.8496 135.8825 -73.9929 24.5299 -7.6916 -13.3944 -31.0140 3.7887 3.5936 6.2766 10.0041 1.5116
-321.4155 131.9374 -70.5823 36.7286 -17.7623 -11.1227 -20.4926 7.3775 2.0892 0.6171 3.1030 -0.4346
-370.7067 123.1617 -35.3292 48.4429 -20.5595 1.1099 -15.8808 -1.9199 -9.2594 -11.3755 -1.2769 -3.0480
-395.6696 124.0230 -40.3317 29.1337 -18.8654 4.2826 -1.2518 -0.0860 -5.5745 1.2049 1.9821 -3.4864
-375.0451 91.3909 -35.3178 74.6980 -29.9007 -1.6768 -4.4083 6.9731 -9.0834 -5.1554 7.6012 -7.8423
-331.9956 150.8652 -61.2196 34.4090 -4.4959 -2.5923 -21.5043 -3.8507 -3.4618 0.7572 -0.2443 -6.8424
-311.6931 139.3883 -67.9760 30.5496 -25.0729 -5.6033 -9.7501 8.1274 -5.7222 5.6947 6.4583 -1.4520
-401.8724 149.9769 -5.2556 34.8985 -28.7274 -15.8713 -19.4908 -6.6942 1.7713 3.4006 3.6585 -7.0089
-379.7639 156.5174 -13.9021 20.3716 -41.6039 -6.4017 -18.1207 -11.0277 4.9615 13.9484 18.6386 -0.0071
-481.6852 84.1513 -25.2670 31.4074 -7.2612 10.7597 -2.4331 1.5635 5.4210 -0.3242 6.4116 -1.5600
-355.8883 115.6628 -60.0870 49.1178 -7.5495 -5.5629 -21.1833 1.7830 -0.8447 -3.0752 1.0249 -4.5603
-322.6642 128.0650 -61.4899 20.7510 -38.3496 11.9445 -9.9234 4.7077 -2.1984 6.5502 6.6145 -4.0442
-325.3315 126.6970 -65.1960 42.0310 -16.5452 -2.1974 -28.3127 6.7708 4.3080 3.2536 -1.4170 -9.1893
-348.8676 131.7354 -49.7610 29.8980 -24.5001 8.2728 -15.6552 -3.1615 -4.3560 6.5257 5.2228 -1.9701
-364.9694 148.6620 -45.3239 5.1608 -33.6834 -2.8716 -3.9734 7.5091 -7.7931 10.5967 11.9147 -5.5311
-422.9073 112.9364 -23.2968 31.3631 -21.8649 2.9419 -11.9764 5.0947 2.2010 -3.4473 2.9664 -4.0836
-378.6731 147.7448 -34.5857 20.1882 -20.5183 6.7658 -11.6010 -7.5346 -4.8741 -6.2673 8.8491 3.1625
-364.3735 154.8089 -25.6175 26.6358 -26.4182 5.2417 -12.5138 -3.6296 -9.3287 -15.9796 3.3991 -1.5850
-352.9501 154.7825 -60.5870 20.2057 -4.6287 0.3329 -22.7769 -17.6764 -5.0864 -1.0319 2.9838 -0.3182
-356.1647 123.3022 -49.7118 41.0866 -14.1604 15.7806 -20.5827 -12.4904 -3.8857 0.3877 1.2694 -5.1629
-304.6612 148.3610 -66.0897 40.2285 -20.2056 2.8010 -10.2830 -3.8436 -14.4626 -6.3165 7.2874 -7.7781
-333.6408 140.5622 -60.2362 45.7021 -14.4762 -2.5801 -11.2431 -2.0418 -4.3186 -5.4001 -3.7392 -12.6855
-341.7697 117.7677 -55.8264 61.6324 -10.3778 7.9409 -17.3229 -6.8866 -5.2946 -8.7157 -3.8161 -6.2583
-350.5037 109.4722 -63.7627 54.6946 -11.4425 1.6332 -22.3935 -10.8636 -0.6616 -3.5712 -6.8524 -4.9205
-407.8757 92.5826 -44.8841 42.6463 -18.7085 14.8597 -4.1445 2.0510 -2.5921 -4.2366 6.7085 -5.0095
-297.2309 127.8892 -80.6225 56.3670 -19.5960 -5.6770 -1.8548 -8.9355 -18.5049 -6.5298 -7.9220 3.3583
-275.6680 113.6865 -103.5108 56.2828 -11.6552 -6.9083 -4.8186 -7.2926 -13.7207 9.7964 -9.1545 0.1977
-324.5325 121.4867 -81.3193 61.8057 1.7013 -0.6601 -11.2820 -13.8860 0.3981 -1.0737 -17.1708 6.3833
-340.2400 136.0876 -61.3397 44.9728 -12.9924 8.8995 2.6534 -12.6383 -14.2482 -7.2549 -0.4667 5.0077
-351.3619 119.9263 -52.9396 53.7609 -15.1175 9.4014 -6.4003 -5.5053 -6.2306 -9.0146 -7.4800 -2.5930
-338.8374 152.6156 -45.4997 36.6549 -29.0073 -5.3579 -4.2276 -4.1121 -2.5219 -1.6168 -5.8761 -4.7536
-323.5308 151.0806 -69.1421 19.8445 -30.1810 -0.3908 5.2936 0.8943 -7.3938 4.4398 12.6441 4.6501
-388.7195 144.7287 -29.3782 18.3190 -39.0671 -13.5907 4.9342 9.8632 -3.7817 5.9359 0.0776 -10.5377
-321.4547 159.4533 -61.9844 28.0436 -29.7795 -9.1885 3.5607 -0.7168 -9.9758 -1.6537 4.6194 -4.0294
-374.5854 134.0112 -43.7995 46.2271 8.2558 13.1668 -16.1705 -16.5852 -13.0026 1.2089 2.3147 -12.6369
-337.5954 169.2455 -42.0856 26.3937 -33.9279 -17.2477 -2.1243 1.3326 -9.4667 -3.4094 -1.3996 -1.9941
