0.069660
0.464399
0.859138
1.230658
1.578957
1.973696
2.345215
2.716735
3.111474
3.482993
3.854512
4.226032
4.597551
4.969070
5.340590
5.712109
6.083628
6.455147
6.826667
7.198186
7.569705
7.941224
8.312744
8.684263
9.055782
9.427302
9.798821
10.147120
10.495420
10.866939
11.238458
11.609977
11.981497
12.353016
12.724535
13.096054
13.467574
13.839093
14.210612
14.582132
14.953651
15.325170
15.696689
16.068209
16.439728
16.811247
17.182766
17.554286
17.925805
18.297324
18.668844
19.040363
19.411882
19.760181
20.108481
20.480000
20.851519
21.223039
21.571338
21.919637
22.267937
22.639456
23.034195
23.382494
23.730794
24.125533
24.543492
24.961451
25.379410
25.727710
26.076009
26.447528
26.842268
27.213787
27.585306
27.956825
28.328345
28.699864
29.071383
29.442902
29.814422
30.185941
30.511020
30.905760
31.277279
31.648798
32.020317
32.391837
32.763356
33.134875
33.483175
33.831474
34.179773
34.528073
34.922812
35.294331
35.665850
36.014150
36.362449
36.733968
37.105488
37.477007
37.848526
38.220045
38.591565
38.939864
39.288163
39.636463
39.984762
40.333061
40.681361
41.029660
41.377959
41.726259
42.074558
42.469297
42.840816
43.212336
43.583855
43.978594
44.350113
44.721633
45.093152
45.534331
45.905850
46.300590
46.695329
47.066848
47.438367
47.809887
48.181406
48.552925
48.924444
49.295964
49.667483
50.039002
50.387302
50.758821
51.107120
51.478639
51.873379
52.268118
52.639637
53.011156
53.405896
53.800635
54.172154
54.566893
54.961633
55.356372
55.727891
56.122630
56.517370
56.888889
57.260408
57.631927
58.003447
58.374966
58.792925
59.187664
59.559184
59.930703
60.302222
60.696961
61.068481
61.463220
61.834739
62.206259
62.577778
62.949297
63.320816
63.669116
64.017415
64.365714
64.760454
65.131973
65.503492
65.875011
66.246531
66.618050
66.989569
67.337868
67.709388
68.080907
68.452426
68.847166
69.241905
69.636644
70.031383
70.426122
70.797642
71.215601
71.610340
71.981859
72.353379
72.724898
73.096417
73.444717
73.816236
74.164535
74.536054
74.907574
75.279093
75.627392
75.998912
76.393651
76.765170
77.136689
77.508209
77.902948
78.274467
78.645986
79.017506
79.389025
79.760544
80.132063
80.503583
80.898322
81.246621
81.618141
81.989660
82.361179
82.732698
83.104218
83.475737
83.847256
84.218776
84.590295
84.938594
85.286893
85.658413
86.029932
86.401451
86.772971
87.144490
87.516009
87.887528
88.259048
88.630567
89.002086
89.373605
89.721905
90.093424
90.464943
90.836463
91.207982
91.579501
91.951020
92.322540
92.694059
93.065578
93.437098
93.808617
94.180136
94.551655
94.899955
95.271474
95.642993
96.037732
96.409252
96.780771
97.152290
97.523810
97.895329
98.290068
98.684807
99.079546
99.451066
99.822585
100.194104
100.565624
100.960363
101.355102
101.749841
102.098141
102.446440
102.817959
103.143039
103.514558
103.862857
104.211156
104.559456
104.907755
105.256054
105.627574
106.022313
106.370612
106.742132
107.113651
107.485170
107.856689
108.228209
108.599728
108.971247
109.319546
109.691066
110.062585
110.434104
110.805624
111.177143
111.548662
111.920181
112.314921
112.686440
113.057959
113.429478
113.800998
114.172517
114.544036
114.915556
115.287075
115.658594
116.053333
116.448073
116.819592
117.214331
117.609070
117.980590
118.352109
118.723628
119.118367
119.513107
119.907846
120.302585
120.697324
121.022404
121.347483
121.788662
122.136961
122.508481
122.880000
123.228299
123.623039
124.017778
124.389297
124.784036
125.178776
125.573515
125.968254
126.339773
126.711293
127.082812
127.454331
127.825850
128.220590
128.615329
129.010068
129.381587
129.753107
130.124626
130.496145
130.867664
131.239184
131.633923
132.028662
132.423401
132.818141
133.212880
133.607619
133.979138
134.350658
134.722177
135.116916
135.511655
135.906395
136.277914
136.626213
136.974512
137.322812
137.694331
138.065850
138.437370
138.785669
139.157188
139.528707
139.900227
140.271746
140.643265
141.014785
141.386304
141.757823
142.199002
142.640181
143.034921
143.360000
143.708299
144.079819
144.451338
144.822857
145.194376
145.565896
145.937415
146.308934
146.657234
147.028753
147.400272
147.771791
148.143311
148.491610
148.979229
149.350748
149.722268
150.093787
150.465306
150.813605
151.161905
151.533424
151.904943
152.299683
152.694422
153.042721
153.391020
153.762540
154.110839
154.482358
154.900317
155.295057
155.689796
156.084535
156.479274
156.804354
157.106213
157.477732
157.895692
158.243991
158.592290
158.940590
159.288889
159.660408
160.031927
160.403447
160.774966
161.146485
161.518005
161.889524
162.261043
162.702222
163.073741
163.422041
163.770340
164.141859
164.513379
164.884898
165.233197
165.604717
165.976236
166.324535
166.649615
167.021134
167.392653
167.740952
168.089252
168.437551
168.785850
169.157370
169.528889
169.900408
170.248707
170.620227
170.991746
171.363265
171.734785
172.129524
172.501043
172.919002
173.336961
173.731701
174.103220
174.474739
174.846259
175.217778
175.566077
175.937596
176.285896
176.657415
177.005714
177.330794
177.655873
177.980952
178.329252
178.700771
179.072290
179.467029
179.884989
180.210068
180.558367
180.883447
181.208526
181.556825
181.881905
182.206984
182.601723
182.996463
183.391202
183.832381
184.157460
184.505760
184.854059
185.202358
185.550658
185.898957
186.200816
186.595556
186.990295
187.408254
187.756553
188.151293
188.546032
188.940771
189.335510
189.730249
190.101769
190.473288
190.868027
191.216327
191.587846
191.936145
192.307664
192.655964
193.004263
193.352562
193.700862
194.025941
194.420680
194.815420
195.326259
195.674558
196.022857
196.394376
196.765896
197.137415
197.532154
197.880454
198.228753
198.530612
198.902132
199.273651
199.645170
199.993469
200.341769
200.736508
201.131247
201.572426
201.920726
202.315465
202.733424
203.151383
203.476463
203.778322
204.080181
204.451701
204.800000
205.148299
205.496599
205.844898
206.193197
206.541497
206.913016
207.261315
207.609615
207.981134
208.329433
208.677732
209.049252
209.397551
209.769070
210.140590
210.512109
210.883628
211.255147
211.626667
211.998186
212.346485
212.694785
213.066304
213.437823
213.809342
214.180862
214.552381
214.923900
215.295420
215.666939
216.038458
216.409977
216.781497
217.153016
217.547755
217.942494
218.314014
218.662313
219.033832
219.405351
219.800091
220.125170
220.473469
220.821769
221.193288
221.564807
221.936327
222.284626
222.609705
223.004444
223.375964
223.747483
224.119002
224.490522
224.862041
225.233560
225.605079
225.953379
226.278458
226.649977
227.067937
227.416236
227.764535
228.112834
228.484354
228.832653
229.180952
229.529252
229.900771
230.272290
230.620590
230.992109
231.363628
231.735147
232.106667
232.524626
232.919365
233.290884
233.662404
234.033923
234.405442
234.776961
235.171701
235.543220
235.937959
236.309478
236.680998
237.052517
237.424036
237.795556
238.143855
238.492154
238.863673
240.001088
