645 12 452
-325.7649 126.6488 -35.9493 -0.6193 12.8339 -13.0599 2.0892 -13.4798 -29.9039 -7.5240 -2.3555 -3.3196
-127.2147 216.1363 -87.4101 24.1715 9.9315 -35.1710 13.2225 -17.7794 -35.2797 4.6354 4.2970 -12.4817
-170.7153 195.3736 -64.7142 53.3072 25.8034 -39.9510 15.1790 -16.4807 -37.6689 -4.5263 -15.8302 -10.3294
-173.7835 212.8241 -51.5924 32.4784 13.3468 -36.3347 26.9170 -2.1673 -43.4504 -14.9239 -12.7126 -9.0578
-148.0344 213.0898 -71.4341 29.2920 6.3859 -37.9877 22.7926 -9.6981 -33.6727 -5.0405 -7.3841 -5.1373
-151.8787 182.2645 -61.2539 55.7139 -4.9884 -19.2896 16.5863 -18.3266 -22.0712 -16.7550 -5.3103 -4.6728
-132.0015 218.0642 -78.4222 24.3082 1.5051 -34.7233 20.4081 -18.2634 -34.2250 -1.0622 -8.2420 -8.3979
-142.6812 202.8140 -89.2302 22.7453 4.0748 -33.8885 20.3855 -16.9188 -33.1370 2.2991 1.6061 -4.9582
-188.2375 173.3755 -76.8351 42.5378 17.3282 -34.1688 18.9720 -14.6249 -32.6018 -3.2378 -9.0699 -11.2324
-208.2755 161.1460 -71.8929 48.2537 20.8382 -37.0081 15.1568 -15.5584 -37.0171 -9.6289 -13.6849 -14.1299
-202.4067 160.1317 -75.0623 51.3585 17.5740 -37.6007 21.9215 -13.3417 -34.5639 -6.5623 -16.7393 -16.9953
-208.5432 157.3972 -75.4516 47.4033 16.4876 -36.5051 22.4878 -14.0185 -36.1925 -7.8543 -18.9660 -18.1688
-224.7930 151.1097 -69.9613 49.0239 21.9688 -36.5445 16.9811 -14.0759 -35.4738 -8.5361 -19.2857 -15.3908
-154.0529 220.4242 -69.6855 12.2449 7.7375 -29.5608 18.3053 -19.7734 -40.2924 -0.7661 0.6950 0.1155
-171.6499 197.3405 -67.3758 36.8354 21.0510 -25.3074 17.1509 -20.4457 -31.1832 -1.7588 -13.5310 -7.7898
-158.2021 220.4400 -65.2495 13.0608 6.1498 -31.2858 19.6918 -14.1511 -36.6807 -7.4575 -13.9144 -3.2687
-170.5627 190.9471 -66.3353 50.0263 17.7889 -35.6378 17.7350 -13.9190 -28.3553 -6.2977 -14.5566 -6.1473
-193.4500 183.0484 -63.5802 39.5650 15.0629 -37.4477 18.2286 -8.7003 -31.1642 -6.7653 -14.8799 -15.2849
-203.9810 175.0839 -62.6441 40.8935 13.9580 -37.9656 19.3198 -7.9851 -30.1148 -10.1461 -24.0297 -17.8039
-208.8098 174.9370 -55.5672 47.9992 16.3921 -44.9641 12.6078 -5.3127 -25.7021 -7.2149 -21.5096 -14.7872
-214.9170 173.8348 -56.5548 43.0255 20.5999 -40.3109 11.6215 -9.9261 -32.0272 -4.6934 -15.2593 -13.9834
-213.4221 169.0018 -59.9108 49.7580 22.3681 -42.4432 13.8349 -6.4857 -30.3185 -7.8025 -18.4543 -11.6670
-235.6545 155.8635 -52.7010 53.5611 21.4172 -44.5054 12.4317 -1.3227 -24.1866 -5.0378 -16.9214 -14.0115
-233.2392 149.9314 -56.0150 61.1362 22.8943 -42.1553 14.5555 -2.9232 -18.8574 -3.4727 -21.3909 -15.3389
-225.5532 155.6058 -60.9513 52.8428 24.6558 -29.1887 24.4397 -6.7927 -28.2952 -3.8718 -13.1645 -9.1164
-183.3354 198.9147 -66.4879 20.8963 13.4103 -30.1621 24.1508 -6.6673 -36.4046 -8.0354 -12.9468 -7.6882
-156.4880 193.2266 -61.5116 43.9345 -2.3188 -20.9862 22.6098 -21.1727 -25.4221 -7.6596 -10.3643 -4.1545
-167.2008 213.4622 -66.2181 19.4158 17.8381 -26.5638 26.8357 -6.5191 -42.3330 -8.7838 -7.9858 -5.9991
-143.4044 196.6175 -79.8375 40.7841 10.6267 -22.0499 24.7465 -21.9011 -39.5553 -7.1210 -4.7505 -5.9562
-151.6012 216.4095 -73.8536 17.1821 9.9765 -34.5238 15.7127 -9.8840 -32.1171 -7.5156 -9.3405 -4.3792
-149.3590 213.0100 -73.6179 28.8785 13.2591 -37.0924 18.6586 -10.0582 -34.9002 -6.5741 -8.9050 -3.9010
-150.4673 182.7981 -80.6529 54.8839 11.2681 -32.1751 19.5872 -13.9970 -26.7685 -4.1555 -7.3997 -9.9708
-196.4195 162.0241 -77.1758 50.6973 15.0672 -38.0018 21.6309 -15.5102 -34.0490 -7.1285 -19.1006 -15.4754
-202.4802 161.5939 -76.8687 49.8191 21.3149 -38.6953 18.7398 -14.2807 -35.9403 -8.8094 -20.3193 -16.6084
-205.1577 166.7371 -68.0920 47.9731 16.7793 -39.0072 21.7111 -9.0979 -31.8464 -11.0659 -28.4704 -18.7158
-191.4693 173.2330 -72.1739 43.6057 8.4639 -42.5258 18.9545 -18.0950 -37.2419 -11.5892 -24.9489 -16.1861
-174.6866 186.7358 -76.0500 32.7596 5.3398 -39.8036 19.2988 -13.9628 -31.9783 -6.6303 -18.8864 -15.4029
-139.9467 183.8044 -71.0934 42.0332 -24.4655 -21.9055 16.6394 -27.4622 -19.7352 -12.6770 -6.3718 -5.5849
-134.1412 202.8768 -81.0539 34.5353 0.7322 -34.7949 11.0629 -19.6051 -25.8356 -0.5580 -7.5605 -8.9692
-196.6376 181.7117 -54.9144 48.0338 15.3983 -31.6039 25.4992 -7.4539 -31.7311 -14.0406 -19.6105 -5.8249
-208.4301 166.3935 -64.2667 49.5546 15.5263 -39.3220 24.8748 -7.3460 -34.8971 -12.4034 -26.0454 -16.9207
-211.1977 163.1963 -58.6629 60.6656 19.3224 -39.7508 22.9200 -7.6751 -29.9182 -7.3042 -20.6368 -14.4593
-215.5619 155.5576 -58.7369 65.1327 20.1237 -41.6587 14.0327 -10.0754 -24.5667 -6.2224 -23.7544 -19.2358
-163.5378 164.1828 -65.0323 79.0638 10.0791 -35.2524 3.3284 -14.1971 -15.7595 -18.2753 -20.1265 -5.7212
-179.3652 160.1203 -67.1578 67.2464 9.9562 -21.7763 13.8223 -25.7800 -16.5872 -2.1876 -6.3461 -4.4217
-157.0032 193.1043 -61.9294 49.2065 0.6106 -39.0778 11.3798 -13.6009 -25.7940 -13.4942 -18.5310 -7.2459
-198.7243 145.2006 -70.8388 64.8161 0.3415 -28.9091 27.5619 -24.3097 -29.3613 -7.3233 -11.8521 -1.0242
-208.6486 160.3101 -68.8102 56.1237 24.2535 -34.6586 19.0535 -19.3496 -36.3825 -3.0949 -13.0105 -2.4681
-227.2691 148.2731 -66.1558 59.4304 30.4557 -30.8120 18.4701 -18.3676 -38.9373 -7.5945 -10.9828 -0.4979
-189.6313 147.0951 -61.0662 79.1133 8.3642 -25.8793 12.6420 -20.1232 -21.0860 -13.7487 -12.3709 -2.7315
-168.1390 196.5476 -64.5233 40.8379 18.3847 -32.5636 6.3199 -16.5318 -30.0733 -10.2310 -16.1812 -12.7085
-158.1735 186.9938 -75.1261 44.9124 14.0429 -25.5018 15.2183 -14.5785 -28.6361 -11.5607 -15.2850 -10.1517
-173.8260 178.8252 -72.3418 52.3905 13.1689 -33.2562 23.4358 -15.7177 -32.4561 -6.9502 -12.4154 -9.4174
-173.5190 180.3483 -59.3816 48.8646 -2.3561 -26.2151 18.0413 -20.4302 -20.5886 -6.8307 -14.9159 -11.4382
-169.7127 166.5480 -68.6192 54.9868 -8.8952 -24.6067 21.6232 -23.1765 -19.8334 -7.6818 -9.9472 -3.5492
-139.1496 180.2382 -89.9394 42.5435 2.0538 -25.5805 17.0480 -15.2191 -30.5635 -8.8663 -3.3126 -10.3369
-149.5764 200.0537 -79.4186 36.8168 12.8811 -34.7973 16.4051 -11.8637 -27.7168 -4.2913 -6.0246 -1.2782
-148.0507 173.8734 -80.2492 55.0997 1.5193 -33.3666 19.6879 -6.4242 -27.9949 -7.9129 -1.9811 -15.4217
-190.4473 157.8170 -64.3108 66.3877 7.9065 -26.4410 16.5588 -29.9958 -17.9036 7.0668 -8.2442 -8.0356
-222.2341 160.1179 -63.4531 48.1167 23.3880 -40.0144 8.6286 -15.8244 -25.1005 13.6975 -2.1309 -13.3052
-233.8088 156.9176 -56.8741 52.1806 29.8093 -37.2272 10.9092 -9.4180 -22.7763 11.8358 -9.5045 -18.9990
-186.7558 159.7910 -62.2165 67.6537 7.2648 -29.3625 16.5243 -17.7607 -17.5705 -1.3524 -8.3089 -10.7705
-153.7546 186.6504 -79.7266 46.9508 14.7884 -30.1026 11.0419 -17.0881 -21.9538 3.4496 -0.7634 -8.8630
-172.0667 164.1259 -68.0987 63.4729 3.9765 -37.8906 17.1769 -5.6373 -26.3449 -7.3611 -6.3321 -21.7756
-163.7181 204.0593 -73.3970 28.8161 19.6431 -31.2309 16.4506 -15.6237 -34.0342 6.7443 1.5265 -7.1947
-154.4436 210.1222 -74.5327 27.8170 13.5668 -41.3534 9.7870 -14.8105 -24.1927 7.2703 -8.6416 -3.8217
-157.6234 204.7557 -76.4065 32.5597 15.7999 -37.7713 22.0488 -11.4830 -28.8631 11.2263 -4.6756 -3.3111
-171.8995 166.5824 -69.5330 59.2982 4.8429 -21.0137 22.7815 -18.4769 -24.3967 -9.8045 -8.1916 -4.2813
-148.5184 194.4772 -80.2112 39.8661 13.0319 -33.3157 13.4394 -11.2102 -35.7801 -9.7588 1.8250 -5.6166
-154.3906 171.8485 -78.6860 52.3323 -8.2623 -24.2678 28.6660 -20.0769 -26.6423 -7.3155 -2.3398 -3.3611
-187.7880 177.0224 -76.1602 31.8546 13.6497 -25.7790 19.5608 -19.9309 -38.0341 -4.8844 -6.7794 -11.5105
-182.2897 195.0412 -57.3296 37.6197 15.5157 -26.1317 20.4141 -14.9462 -31.5348 -3.9644 -12.4680 -11.4193
-158.7894 181.2643 -83.8473 40.9710 4.1224 -37.6729 12.8755 -13.7067 -18.4421 9.2452 5.3740 -10.8823
-233.8726 159.5091 -52.0898 46.8715 20.6584 -37.3317 6.9085 -14.6695 -22.9238 11.9144 -3.7642 -18.5077
-149.7062 216.4692 -68.3603 20.0881 -3.6039 -40.7990 20.5947 -10.9441 -31.6508 -1.0514 -5.8991 -6.9216
-163.6074 214.3348 -64.8486 16.1624 7.7249 -29.9475 18.5014 -9.5000 -28.7169 -7.6764 -14.6092 -8.5762
-132.0922 191.6945 -86.1191 32.5340 -15.2506 -25.7880 21.5139 -18.5764 -16.2097 -2.0790 3.3981 1.1491
-205.4703 146.4502 -55.5796 65.6261 -0.4028 -18.3387 16.4408 -25.0674 -7.7979 0.6331 -8.4622 -9.1011
-253.3420 155.1547 -45.9263 40.4436 26.5041 -28.9991 6.9516 -10.8487 -22.7516 11.1559 -1.5431 -23.6359
-259.7326 151.3075 -47.1882 37.0507 25.5143 -25.7608 14.2644 -7.4281 -23.1149 15.3771 -0.7070 -27.7507
-282.2557 143.3914 -41.0097 30.6146 28.9273 -14.4857 20.9152 -1.6552 -24.4696 15.8212 5.1313 -34.6511
-266.7076 144.6817 -48.4193 36.1888 24.3995 -19.6884 24.4232 -5.4219 -25.8103 20.0895 6.0409 -29.1515
-159.2507 208.4216 -73.1485 10.6220 -5.5906 -34.9186 19.4283 -16.4155 -39.4970 -6.8397 -8.4392 -9.9325
-207.1199 174.6076 -55.2063 41.5763 9.9768 -25.1923 27.8457 -17.5435 -32.0071 1.7418 -9.7548 -7.9751
-161.5227 201.4019 -78.7421 17.0583 0.3561 -37.3821 15.5751 -18.1232 -33.3520 -4.0780 -10.2179 -5.9175
-194.7505 194.0774 -54.3399 34.8386 17.0548 -33.0124 24.0643 -7.0045 -36.7392 0.4909 -7.4740 -12.1519
-152.8448 174.0789 -81.1797 64.4722 19.5847 -33.0195 8.3294 -15.7603 -32.2162 -14.6859 -13.0842 -14.4189
-181.6652 167.8227 -66.3809 47.1692 -3.4039 -24.3705 16.5900 -28.8301 -32.0214 -5.3553 -0.0060 -5.6542
-183.5096 162.9822 -58.4956 57.9331 -9.7221 -24.4677 22.0298 -28.5401 -28.3147 -1.8979 -1.1092 -8.2996
-151.9675 211.3048 -84.9617 -3.1979 -13.7829 -43.8506 10.7576 -20.7838 -36.9215 -7.5598 -15.1491 -9.5821
-159.6137 194.6544 -79.5386 35.6700 17.7031 -35.0534 8.5228 -20.8763 -36.4627 -2.2172 -10.6748 -20.0881
-246.5046 170.9176 -39.6129 29.3590 19.1138 -25.7532 19.0140 -12.1775 -37.7260 11.5903 -1.4535 -31.1280
-243.5405 177.3396 -37.2431 24.8939 16.5333 -28.5539 16.4616 -11.0812 -39.0618 10.0858 -0.5374 -33.0325
-180.2087 201.1826 -55.9526 20.6953 -6.2161 -33.4507 24.0449 -15.2619 -33.9945 7.1372 -5.3031 -19.2874
-152.0275 191.3937 -73.5916 34.7691 -10.3119 -31.7513 13.8919 -27.2235 -27.7063 -10.7713 -11.7886 -6.2383
-163.1834 197.0407 -74.7415 23.4124 1.9392 -33.6789 12.9008 -20.1164 -37.0625 -6.2669 -5.4239 -13.2639
-172.6595 148.2474 -66.9104 69.9136 -9.0629 -13.5265 14.8711 -30.3827 -14.6147 -11.7352 -5.4111 -13.5415
-131.6961 210.2926 -89.7774 21.5180 1.1022 -39.3158 15.2640 -21.5769 -40.2828 0.3642 -1.2475 -13.2145
-174.5204 184.8027 -62.5822 48.1764 7.3593 -31.3394 26.0860 -14.4329 -42.6659 -4.6326 -4.0132 -16.7933
-160.1545 160.4442 -76.2310 67.3382 7.6577 -17.7304 9.3189 -31.8786 -25.7358 -11.2145 -9.1815 -16.4853
-163.5563 178.8112 -73.9348 39.8970 -8.3562 -32.1047 12.6388 -24.1641 -24.4501 0.2065 4.9688 -4.5125
-262.7332 132.7580 -40.3040 57.7919 21.7300 -13.7591 11.9783 -20.9266 -19.7438 11.9210 -3.1874 -32.4602
-288.4895 138.9335 -40.6254 40.9919 49.1622 -6.6252 15.0778 -7.1402 -28.2872 14.0578 2.0863 -35.1321
-297.3925 144.4670 -30.6449 32.6270 45.6423 -10.1243 6.5565 0.5591 -18.3286 12.6411 3.8214 -34.2331
-249.8713 169.5805 -46.4113 18.7748 23.3008 -26.7001 4.8986 -10.1119 -30.0287 11.6231 7.1460 -20.2144
-141.3254 160.2944 -83.2926 54.6877 -21.7542 -22.5792 8.4065 -31.6388 -22.7877 -12.5987 -1.2510 -8.8026
-149.1810 177.8813 -86.6017 47.0735 4.1315 -39.8549 1.7878 -21.3151 -32.8702 -11.2218 -6.8371 -11.0858
-183.3610 187.3423 -68.5192 32.8500 16.3140 -32.1531 9.2675 -14.6589 -28.4835 -0.3387 -2.1349 -5.5333
-245.0013 165.9886 -46.5357 34.4524 25.0579 -34.0260 6.7039 -11.1548 -29.9874 10.1706 -4.6567 -23.2014
-240.6575 170.7398 -49.3271 28.9566 27.1981 -31.8095 7.6277 -5.4865 -27.2895 9.1727 -4.6281 -27.0990
-213.5160 178.3696 -58.5688 36.9382 28.4416 -32.1077 11.0153 -9.8393 -28.8845 6.9647 -13.5474 -29.2866
-202.2239 155.9380 -59.2962 62.1287 12.4609 -21.7357 12.5061 -20.6850 -10.4814 -3.1676 -16.6974 -17.0522
-222.7538 176.2204 -54.9260 35.8093 30.5088 -29.6924 11.9287 -7.7479 -26.4032 7.1511 -15.6772 -28.2059
-220.5769 182.7776 -47.8310 37.9862 29.3684 -33.4786 10.9632 -3.9574 -24.1012 8.9166 -13.9571 -30.7833
-163.5555 193.6372 -72.7579 36.8400 4.7631 -40.5379 13.1159 -20.4033 -33.1210 -9.4812 -23.6869 -13.3662
-166.7748 182.3268 -67.1872 47.3121 2.7479 -26.2619 12.5961 -28.7964 -23.1244 0.3553 -6.6749 -9.4791
-167.5493 179.9387 -68.5032 53.0290 8.8303 -24.7055 20.2580 -22.6521 -26.0267 -0.0388 -10.0867 -13.3896
-207.6590 171.4561 -55.7483 45.4932 17.9317 -25.8394 12.3485 -14.8429 -22.1825 -1.7972 -10.3854 -16.9864
-225.3507 169.4016 -57.1484 39.9890 29.9810 -29.9274 14.3001 -8.2135 -32.0286 1.9289 -10.4059 -23.7695
-232.7461 166.4270 -56.3481 38.2251 34.1154 -28.6154 8.3850 -6.0585 -26.0295 2.6962 -8.7025 -22.4581
-215.7052 162.0433 -61.4014 51.0046 25.8786 -32.4412 10.5470 -11.4284 -28.0612 -4.2523 -14.9227 -17.1715
-170.1183 153.5394 -67.9696 67.0376 -10.1730 -18.3748 14.9241 -32.9737 -13.0459 -10.8440 -18.3441 -7.8841
-139.9477 162.4863 -89.1339 54.4201 -2.7201 -31.4037 -6.0075 -22.6965 -25.8439 -7.1162 -7.6237 -19.9407
-165.0050 191.5920 -73.7735 27.9455 -7.3091 -39.3842 18.7867 -14.8645 -28.6584 -6.8140 -15.1098 -10.4351
-185.0954 169.8869 -73.9565 41.0741 2.9804 -31.2216 19.6454 -14.0263 -26.0051 -12.4213 -12.7187 -6.1651
-198.7895 193.0748 -55.8860 20.2481 10.4496 -28.1200 19.5536 3.2338 -18.9296 -1.6271 -9.8290 -18.1321
-174.4673 200.3454 -70.4975 25.9675 15.7397 -41.0946 8.7587 -10.8027 -33.8543 -7.4642 -14.7502 -15.6677
-176.6768 150.5757 -69.2089 59.7347 -14.9881 -15.1595 20.2465 -34.6754 -15.4169 2.2268 1.8431 -5.5896
-240.1942 160.3468 -54.1360 36.6257 27.5605 -24.9429 9.5262 -14.8853 -26.1511 8.8337 -3.4819 -22.0257
-243.8767 164.9378 -48.5905 36.0953 31.5046 -24.6344 12.6988 -9.1622 -28.8385 13.8106 3.8682 -24.6287
-251.5706 162.0115 -45.7628 33.6191 27.7170 -26.3477 13.1997 -8.9874 -35.0367 10.6366 10.9663 -22.7035
-218.8475 178.0618 -52.3660 33.1887 18.2193 -33.7569 12.0169 -11.4146 -31.8315 11.0804 10.0739 -19.5974
-184.5752 189.8359 -66.9759 29.3246 8.4206 -35.5249 14.8502 -17.6463 -31.4288 -2.1837 -9.3590 -6.3807
-149.6616 168.7354 -100.3121 38.4579 -1.2327 -37.2780 0.5586 -28.7392 -28.4991 -5.9566 -8.7259 -16.4806
-148.0102 188.2735 -93.9331 22.1993 -9.9330 -42.9356 12.9025 -18.4457 -30.0305 -5.6959 -10.3333 -9.5227
-159.3351 179.9323 -88.9460 27.1018 -4.8752 -33.6683 13.7218 -22.3459 -33.7154 -2.2278 -0.6966 -11.7252
-132.5288 198.8485 -91.0621 30.6834 0.2651 -34.0839 19.0960 -21.5422 -42.1535 -2.1783 3.9872 -6.9448
-186.8375 177.5355 -71.3195 30.4905 -3.1487 -36.1058 19.7868 -18.8663 -31.6146 5.9090 0.1317 -9.4462
-213.0998 170.3100 -65.8331 32.1803 11.9772 -37.0195 18.8887 -12.5757 -32.8511 12.7724 -0.1800 -20.0425
-138.3822 186.8173 -98.4757 24.5105 -11.6066 -42.6374 11.1217 -18.2789 -32.0173 -7.1570 -9.2107 -17.0691
-154.4375 164.1001 -82.7345 49.5384 -17.5475 -31.6278 16.0284 -25.9235 -27.1523 -9.7901 -3.1015 -3.7409
-137.3642 159.1859 -99.7626 47.5526 -18.3044 -27.5574 12.0463 -29.1398 -22.6434 -2.7988 5.1400 -10.7649
-171.8702 165.2625 -72.4882 51.3241 -6.3175 -23.4520 19.3480 -29.5151 -22.9562 2.6627 -1.1475 -5.7500
-162.4396 186.7564 -73.7755 43.3468 4.8915 -33.8224 17.7090 -17.7885 -23.9844 1.4243 -9.6077 -7.9910
-232.8602 166.1002 -51.2202 40.8480 24.6637 -33.7786 11.4993 -8.0665 -26.9285 15.3966 2.9506 -21.0495
-189.5106 156.6819 -69.2961 67.7858 19.6687 -33.1308 11.6174 -12.6278 -28.0142 -6.5162 -10.9721 -19.0911
-158.5216 161.6534 -78.7733 52.4244 -9.4382 -14.5648 18.0512 -31.0450 -22.1444 -5.7510 -2.1956 -9.6558
-138.8573 187.4190 -102.9450 26.5207 2.4426 -38.0978 10.9478 -22.6744 -42.7785 -9.0424 -4.9114 -13.2095
-144.5082 193.7518 -84.3764 27.4823 -12.9286 -40.6576 17.0701 -15.9472 -26.7312 -3.6729 -5.6784 -10.0825
-162.7328 160.6431 -76.8825 59.6886 -3.9174 -22.3982 13.4578 -33.5074 -28.3433 -8.4010 -1.9144 -9.5188
-174.7379 186.2242 -71.2125 25.7395 -3.0208 -25.5721 23.2255 -17.6868 -29.5939 -0.4475 -4.8587 -8.4942
-237.1281 157.7920 -50.9314 51.9737 33.2301 -20.0575 18.3491 -19.7635 -31.7455 10.0939 -6.5289 -16.9203
-245.0026 153.9893 -53.3685 50.4633 38.4616 -26.4826 11.0331 -12.9072 -28.5570 9.4126 -6.3699 -20.1564
-243.6675 160.0244 -51.1860 46.8668 39.6697 -27.9160 11.5395 -6.1688 -31.2280 3.6674 -6.1518 -21.4137
-246.1007 157.0147 -50.1384 52.2320 42.0403 -30.7925 8.5577 -5.2825 -29.0888 -0.4753 -13.4274 -20.8499
-240.7832 158.8889 -51.4590 52.7599 38.1569 -35.0057 9.8787 -2.6220 -26.7334 0.4159 -15.2820 -23.6260
-239.2784 153.9591 -54.0294 55.4535 35.9773 -31.7389 8.1567 -10.4895 -23.2110 1.3868 -16.7052 -18.7013
-193.4517 182.6035 -61.7556 43.0169 19.4861 -34.8561 10.0127 -15.9359 -27.4852 -4.9078 -13.8227 -8.3508
-172.9807 181.4671 -64.2288 48.7646 2.5521 -35.3267 6.2931 -29.4518 -27.0208 -8.1420 -15.5548 -7.7992
-184.8656 163.9941 -66.7287 68.0699 12.8038 -36.6715 14.1389 -21.4110 -18.3787 4.2384 -11.0449 -9.5582
-236.8209 158.2742 -51.5860 54.6798 35.2209 -32.1837 9.1087 -9.0418 -24.1372 1.5812 -14.8544 -21.3116
-241.0019 155.3804 -51.8072 54.2593 36.1561 -32.1140 6.3588 -10.4428 -23.6580 1.4312 -13.3612 -17.8654
-248.5989 149.7783 -52.3871 56.7619 39.9468 -33.3869 7.2773 -8.7238 -28.9114 0.2765 -12.4062 -20.6254
-257.5838 147.4541 -48.5933 57.8534 46.4522 -31.4130 2.3902 -7.2317 -26.0362 0.6389 -10.4829 -18.6415
-261.3222 144.0724 -51.1606 54.4584 46.0282 -29.7811 4.5678 -3.6086 -28.0523 -6.0184 -12.7137 -19.7640
-212.4745 158.4052 -59.8293 56.9048 22.0534 -25.9662 13.0061 -16.1227 -21.9869 -4.4952 -12.2079 -10.4820
-184.2223 191.2874 -62.8612 31.3418 8.0600 -36.0949 11.9443 -14.4861 -30.2081 -13.7222 -17.4126 -6.7895
-200.7770 177.1078 -61.8307 47.7801 27.3104 -34.0107 11.0663 -10.0212 -27.5652 -2.7866 -9.3286 -11.7309
-261.0920 144.5932 -54.0969 50.0937 41.9867 -36.4309 5.1311 4.0835 -23.6420 -5.3814 -16.0919 -23.1163
-238.7478 158.7264 -57.4081 44.9313 28.2331 -48.4841 6.8744 9.0568 -23.1963 -12.7682 -24.9124 -22.9858
-242.9061 160.4353 -53.8289 41.1226 28.2547 -45.1403 7.0180 7.4075 -28.3215 -16.6157 -21.7216 -16.8530
-195.2185 175.8400 -62.1892 40.5322 -2.0627 -45.8939 18.6860 -5.6051 -21.6013 -8.0780 -20.2280 -8.5369
-167.3613 180.1790 -74.0802 48.6752 3.7726 -39.4365 18.1336 -13.7233 -28.6988 -15.6536 -21.3326 -10.7554
-163.9276 194.0182 -75.4676 27.4684 1.2889 -36.1840 12.8087 -19.3051 -31.7657 -10.6822 -16.3900 -12.5598
-150.4437 169.6107 -92.7175 48.8233 1.9225 -38.6082 8.0886 -16.6766 -26.4938 -6.9690 -9.8038 -18.8518
-169.7929 203.0280 -71.5415 21.5790 14.2519 -36.3921 7.8275 -12.9946 -29.8769 -0.5382 -11.4406 -14.0789
-162.5693 196.9167 -80.6397 30.8812 14.3268 -44.6980 10.9665 -8.4208 -29.6372 -0.0795 -8.3357 -12.4223
-175.3310 187.3904 -68.7852 28.0601 -1.4887 -27.6602 17.1502 -20.8684 -30.9736 -13.6406 -16.4165 -7.8722
-185.0442 177.9598 -63.6920 43.8944 2.7770 -38.2928 15.7961 -11.1582 -25.3365 -9.4274 -18.0339 -12.3335
-183.6485 177.4579 -67.5202 41.4666 7.7166 -27.8414 17.4776 -15.6957 -25.2964 -11.5070 -17.8900 -12.4740
-166.6265 194.0226 -78.2631 25.5612 3.3674 -41.9533 14.7369 -12.3904 -34.4649 -11.5644 -18.3776 -14.0426
-177.9469 166.5349 -61.6412 55.7403 -4.7663 -27.0334 10.0044 -19.3014 -13.2775 -17.5213 -18.2494 -7.7973
-162.1107 208.1947 -74.3971 11.3279 -1.9947 -39.3819 18.8513 -7.2525 -31.4669 -10.3713 -15.4925 -5.9410
-156.1735 197.1398 -68.7435 26.7537 -13.5016 -34.1241 17.4695 -10.5567 -17.2385 -12.0935 -15.0339 -4.3854
-179.3563 208.7849 -62.8744 13.3170 8.0334 -39.7742 15.2178 -0.6008 -32.4146 -13.9488 -14.9657 -5.6941
-156.6978 202.3985 -89.2057 18.0154 16.2811 -37.4015 10.7807 -13.8596 -30.3142 -0.0375 -11.4559 -11.3745
-173.0665 161.8896 -70.4997 67.7919 2.6217 -39.3473 10.7167 -14.2971 -16.4031 -12.3286 -16.0888 -10.6243
-193.7291 186.6720 -62.6635 38.4144 17.1743 -41.5785 16.5431 -6.8878 -34.1190 -9.9867 -17.6833 -6.1609
-221.2388 172.1914 -58.7712 40.9710 24.4413 -50.7127 6.6190 3.7185 -32.2072 -14.5252 -17.2906 -14.1371
-223.2511 168.3652 -61.0676 41.2802 22.4031 -53.3414 8.2210 6.8485 -30.9095 -14.4976 -17.6629 -15.2866
-188.8371 179.0343 -67.9000 46.5285 14.8047 -44.2759 15.9697 -8.2696 -31.1324 -5.9671 -14.1262 -11.6234
-167.7868 161.6322 -81.9777 57.1839 -5.4832 -39.8749 13.9833 -25.4381 -25.1609 -14.6278 -16.7232 -4.7683
-157.0308 195.2065 -80.3737 28.8914 -3.2340 -49.6942 12.1078 -11.3492 -28.5692 -6.3615 -13.9818 -9.7636
-171.3802 201.3362 -63.5711 29.8901 1.0739 -47.1166 16.0082 -5.1634 -27.7472 -8.2271 -15.6489 -7.1211
-161.4646 192.8094 -60.3311 36.9382 -15.8246 -38.8045 14.7994 -10.3293 -14.9433 -11.1365 -12.4122 -2.7921
-211.6887 172.1767 -61.3968 37.2059 9.6158 -52.5475 8.9731 5.1415 -27.3799 -16.5766 -17.0345 -17.9204
-221.6189 179.2739 -57.6316 27.0495 17.1403 -53.3828 6.3818 11.0018 -29.5923 -13.9208 -16.7392 -20.9524
-230.0838 173.4852 -56.1522 30.1819 21.7897 -50.1391 7.5661 13.6900 -27.9054 -16.2654 -20.4650 -21.3675
-204.1701 186.1330 -60.7605 30.0523 19.2211 -42.1913 11.9409 5.6333 -24.2088 -12.7379 -22.1592 -16.8869
-131.8786 180.5423 -73.4951 48.4778 -27.9174 -26.5676 13.7594 -22.5069 -14.1054 -11.9617 -3.6887 -7.6366
-188.1964 194.9776 -65.2371 24.8173 18.1053 -34.0338 15.1480 -1.9721 -28.2403 -4.1627 -10.0650 -11.4986
-225.4130 175.2323 -57.9485 32.1057 29.4625 -40.6280 4.2477 0.2323 -28.8598 -7.7767 -18.4432 -20.4170
-228.9498 178.4807 -53.3948 26.5859 27.8416 -35.9249 7.0687 3.7659 -23.1634 -1.8638 -17.5531 -26.0354
-220.9025 175.1594 -52.9267 33.5615 21.1402 -32.8958 9.2351 2.0652 -16.6966 -3.2034 -18.9053 -21.9061
-146.3367 164.1164 -80.0198 53.1789 -12.5485 -24.9188 0.7815 -25.3153 -14.3174 -12.7210 -11.5248 -14.0837
-157.8071 206.2639 -77.3309 13.2179 7.0208 -29.5629 5.3887 -17.5371 -28.7691 -14.0242 -10.8717 -4.5182
-144.7601 202.4527 -86.7333 17.7478 -3.8216 -36.2317 18.0404 -14.4480 -30.1366 -1.8187 -6.0430 -8.3842
-162.5905 199.1587 -70.0746 32.8422 8.1433 -31.4220 19.6317 -15.2365 -28.0498 0.1353 -10.7397 -7.6223
-148.2310 193.7689 -69.7157 32.5969 -9.1081 -20.3158 13.2601 -22.7318 -20.4831 -8.8014 -4.5225 -8.1250
-170.9862 222.2673 -55.1553 14.1915 9.1978 -41.2263 14.6572 -2.4517 -32.2571 -0.6518 -14.1259 -23.4430
-186.6983 190.3773 -75.2677 28.4015 26.2883 -36.3870 14.7527 -0.9916 -18.3852 13.3985 -11.8442 -21.7687
-184.3113 189.5259 -75.0784 30.8850 23.7671 -34.2373 18.8823 -3.7123 -18.7086 13.6164 -14.9522 -21.4165
-174.7110 194.1729 -80.1174 32.5090 29.3239 -36.6884 16.4667 -4.0259 -23.6193 10.3366 -16.7837 -24.6220
-163.8062 190.0949 -80.4674 42.0487 23.5451 -33.0455 13.7994 -13.7294 -23.2981 4.5273 -16.0206 -19.4117
-144.7783 197.1871 -82.8451 38.2728 12.8179 -31.3081 11.3710 -18.7559 -25.0258 -3.8664 -14.8201 -14.2923
-139.7849 182.2532 -81.1399 55.0767 5.7423 -22.0584 12.7555 -23.6570 -18.0137 -10.6460 -16.8341 -14.7536
-147.4176 206.6795 -84.1241 35.3470 26.2443 -34.1371 15.4499 -18.9280 -35.5476 3.4074 -13.6526 -15.3599
-139.7355 189.2004 -94.7588 40.2125 14.0498 -34.6147 7.7866 -19.0589 -26.3222 -1.3050 -7.8248 -14.6413
-139.3361 192.0770 -97.8340 28.9217 6.4140 -36.2367 6.3457 -22.4479 -24.0966 0.9287 -8.7856 -13.8269
-142.1922 196.4473 -97.7431 32.8960 15.3372 -38.8045 14.9959 -24.9104 -31.3026 8.8464 -17.8445 -21.4128
-144.0551 201.1548 -88.5825 37.4931 19.2957 -35.2118 18.2457 -20.5074 -28.4421 10.1084 -16.0956 -21.3795
-144.3125 199.7574 -89.6383 38.2591 17.3373 -38.1459 19.0077 -21.9564 -30.4461 12.4893 -15.5534 -20.8813
-150.4669 202.1902 -89.5374 32.3908 24.7744 -35.5607 17.5957 -18.4825 -32.7115 11.0980 -13.6394 -20.3018
-148.0583 201.1469 -90.8603 33.6287 23.4886 -32.9058 21.8195 -18.5394 -31.1245 12.1851 -16.4261 -21.8386
-127.6412 199.2296 -90.1178 46.0365 15.7612 -27.7116 17.3488 -23.5687 -30.9160 -3.8793 -15.8348 -18.1850
-115.7932 196.7147 -83.2831 43.3039 -9.8532 -19.9628 14.1086 -26.8391 -16.5125 -4.0436 -6.0571 -14.0630
-122.7963 191.7037 -87.5862 49.0562 1.0257 -21.2004 18.4300 -27.4744 -23.0396 -1.8806 -6.6842 -12.8360
-112.0903 195.8627 -94.1343 44.3421 1.7379 -29.8844 15.2703 -18.6429 -31.0249 -3.0368 -4.4736 -16.2933
-147.9192 204.3079 -84.5827 40.1649 30.0533 -31.5157 19.8248 -16.3609 -31.1037 11.4095 -11.1031 -16.3354
-145.0166 190.3804 -85.6223 46.1894 15.3743 -25.9215 21.7151 -22.5130 -26.9990 9.6848 -11.6939 -21.9233
-137.1887 205.0911 -79.7589 42.7948 16.7739 -26.1176 19.8982 -22.9520 -29.9126 6.2193 -5.8470 -15.7875
-117.9586 184.1905 -85.6333 58.6358 7.1290 -24.3853 19.3227 -14.6204 -32.5564 0.7242 -4.6739 -25.6504
-124.0621 199.8257 -83.0176 43.1343 -0.6100 -25.5426 19.4402 -25.1506 -26.9464 -1.6722 -14.3517 -20.0734
-154.0049 199.1601 -81.2599 36.3342 20.0197 -27.5523 19.8027 -22.7141 -30.4560 8.4520 -14.1599 -21.4000
-161.5262 201.3738 -79.2601 34.3627 25.3184 -30.6164 23.6712 -18.3361 -39.5791 6.7159 -15.8349 -22.0467
-165.9184 197.9033 -78.9505 34.6156 24.8905 -31.2016 21.2023 -18.9574 -34.4767 12.5723 -13.6394 -23.5352
-169.9704 195.6446 -78.0765 34.4317 24.4323 -29.6068 25.1794 -17.3836 -35.8738 13.1734 -12.2400 -20.8820
-161.5158 198.8459 -78.8306 39.6847 27.5911 -31.2866 23.4333 -15.2152 -36.5329 8.3185 -12.3447 -19.8269
-146.8919 185.3920 -80.5922 61.0923 24.7157 -27.7970 19.5198 -8.7709 -30.1438 -6.5918 -3.9163 -16.1003
-159.9792 194.9476 -85.0168 37.2871 24.9534 -28.8455 27.0173 -16.6074 -33.9740 12.8360 -11.0227 -19.0998
-120.6902 202.1519 -94.1692 32.9247 -4.8499 -31.4687 24.5740 -19.4451 -23.4959 -3.8501 -16.0976 -10.1840
-145.7232 210.2287 -77.1672 32.8409 14.1540 -33.4151 22.2308 -16.9332 -38.2098 -6.9477 -18.7059 -18.5465
-151.3293 202.3619 -85.1507 39.7747 32.3611 -31.0811 18.8357 -17.6575 -35.9109 9.2875 -10.4393 -18.6337
-134.0797 183.3751 -84.1473 48.7970 -2.4383 -16.6658 19.7379 -29.0682 -21.1597 -2.7141 -9.0517 -17.6919
-153.8850 196.9089 -85.5580 36.9898 22.1663 -26.2952 25.7428 -23.0838 -37.0868 8.4209 -12.1782 -19.2162
-161.7698 198.8866 -80.2925 35.9828 25.5310 -26.8908 28.4577 -18.5913 -38.9223 10.7155 -12.1513 -20.7708
-141.1808 209.9226 -86.2605 27.2759 12.4124 -35.0152 26.6446 -18.1432 -40.6520 10.2429 -3.2771 -12.4219
-143.5167 217.5000 -82.5974 16.9531 2.8147 -50.2436 17.5622 -17.1230 -44.8784 7.8431 0.0328 -8.9939
-155.0989 210.4321 -77.7268 23.0767 10.4576 -40.4601 19.4421 -21.1711 -42.3569 11.5181 -2.2939 -11.1090
-157.6372 204.0031 -83.2338 25.9805 18.8900 -30.8350 26.2771 -19.7857 -40.0909 16.7499 -0.0707 -10.6386
-165.7259 194.2559 -86.6355 26.1694 18.6997 -27.6783 28.7961 -20.8050 -39.9819 16.5236 -1.9202 -12.0119
-167.2379 193.7935 -84.6662 28.3342 18.9975 -28.1155 30.2513 -18.2419 -39.2561 13.1121 -6.4676 -13.1859
-132.1684 212.3581 -93.9459 14.8624 -1.7545 -44.3937 22.3179 -14.1313 -41.6283 7.5305 5.5213 -8.0423
-151.5733 211.7311 -89.7587 -5.1559 -9.3070 -49.0774 8.7444 -14.6927 -35.2789 7.9391 4.4696 -6.1686
-139.3850 200.4250 -74.8192 26.3379 -17.2619 -33.2559 11.5204 -26.9585 -28.1443 3.0455 9.0649 1.5707
-154.4237 203.7165 -67.6210 38.5332 10.5552 -31.4923 14.0500 -21.6931 -31.5690 -0.0803 -0.4101 -0.8149
-147.2451 189.0397 -77.2222 44.7761 4.3299 -22.4159 17.1885 -23.9541 -21.1388 2.7400 0.4590 -4.9543
-122.3881 160.5438 -92.1126 58.2548 -5.0854 -24.9058 24.1158 -7.0741 -23.4341 -4.7705 5.0135 -14.8344
-212.3444 172.1416 -58.7178 53.9120 37.9110 -34.3738 8.6979 -4.2100 -23.8638 -6.9995 -20.1959 -19.1447
-224.0593 171.9603 -51.8586 53.1735 34.5878 -49.0707 6.0296 6.2651 -30.6068 -16.0270 -24.6043 -25.5672
-221.1738 173.7374 -54.3017 50.8926 35.6396 -47.7351 6.7324 5.1140 -35.6273 -18.7980 -22.2146 -24.0758
-198.1305 178.3723 -64.7151 54.4385 28.5901 -52.5994 11.9004 0.4195 -37.8681 -18.5573 -25.5020 -21.6198
-192.6921 182.0174 -67.1449 51.2334 25.2624 -57.3283 9.7602 -1.6181 -42.6922 -19.3796 -23.6240 -22.4394
-195.1901 177.4102 -68.5511 53.2042 22.9615 -60.2568 10.1355 -2.7829 -46.6686 -24.1514 -26.2081 -21.7812
-185.5781 184.6092 -67.8695 54.3458 23.6573 -59.4930 11.9061 -1.8527 -46.2233 -22.0540 -23.0115 -22.0794
-182.0780 187.9457 -66.1133 55.6313 23.8375 -57.9993 14.9978 -1.5396 -47.5931 -21.5008 -22.2309 -23.2118
-181.4631 189.7642 -61.3704 59.2916 22.5697 -58.5497 16.3932 -2.0407 -47.8809 -19.7201 -21.0168 -22.8864
-180.3269 186.3966 -63.7540 62.5654 21.9319 -59.0157 18.5010 -3.3695 -50.0045 -20.2481 -21.1087 -23.5231
-187.9758 182.6457 -62.6429 61.8491 23.6177 -58.4916 16.6268 -3.1395 -49.6860 -20.8001 -21.7508 -25.6686
-200.8769 179.3468 -54.9463 60.9537 20.1538 -61.1069 17.3558 2.8086 -47.3378 -20.7767 -20.3078 -25.5291
-189.1367 181.7587 -55.1965 60.2236 14.9714 -45.9466 22.0200 -5.3999 -38.5261 -15.6423 -14.0693 -15.2276
-159.4476 208.4778 -56.4819 43.5727 6.3681 -41.7918 18.1891 -11.7366 -30.8823 -9.3790 -12.0121 -6.2647
-177.9478 178.9234 -58.1549 68.8745 17.0857 -32.6330 26.2729 -14.2508 -32.1219 -8.2154 -9.8995 -10.3532
-169.1348 196.8879 -57.5269 50.4546 15.8990 -32.3921 16.9095 -14.2292 -30.0156 -10.6714 -7.4349 -2.6358
-192.2409 178.5155 -43.6645 73.9386 19.3291 -39.6256 13.2505 -8.0034 -20.2958 -14.0858 -16.7263 -5.6336
-173.6539 201.7254 -60.8178 32.3094 12.6518 -34.4951 13.6576 -9.9711 -31.9032 -5.4009 7.8415 0.7051
-179.5895 180.8111 -58.8949 60.1278 11.7038 -39.7697 21.4595 -8.8183 -27.0984 -2.3021 -5.2568 -5.5165
-188.5609 137.7973 -57.2204 91.2864 -11.7534 -34.7528 22.0386 -24.9411 -22.0865 -13.0875 -9.1320 -7.2517
-197.8591 186.5419 -53.1592 43.9415 11.2333 -49.5581 15.1255 1.5956 -28.2454 -6.6674 -5.6676 -4.3610
-264.8064 141.8029 -42.4726 61.9841 26.3009 -54.4301 7.5945 2.8970 -38.7150 -18.9467 -17.5779 -21.3305
-280.4161 139.7551 -35.4845 56.3913 29.0770 -52.6402 -0.8868 0.6047 -40.4407 -18.9380 -11.8184 -23.8583
-304.4837 131.6555 -19.9205 63.0852 29.7840 -56.9794 -2.4391 10.1400 -42.1273 -30.7416 -12.4829 -21.4777
-306.0383 129.1688 -22.0806 63.0271 30.9202 -57.9608 -5.0496 9.0861 -41.7034 -30.3464 -12.7299 -22.4772
-287.3249 129.4002 -26.9649 69.3109 18.9162 -56.9863 3.3022 4.8447 -33.8747 -24.1581 -15.7390 -21.4021
-188.9395 193.8666 -52.3379 39.0467 13.3063 -38.1610 3.7749 -20.5578 -32.6350 -5.5661 -2.3074 -3.2082
-208.0316 181.1603 -41.4391 47.3838 10.7728 -32.7771 16.6520 -8.8567 -31.4945 -13.7345 -8.3118 -4.4077
-195.4833 148.2423 -43.6676 84.3977 -8.2432 -19.0589 25.0043 -31.1473 -22.7055 -15.8734 -9.1357 0.1845
-203.9372 176.8324 -43.4041 50.5083 17.2154 -13.6713 14.7484 -21.7738 -32.3873 -14.3139 -3.0137 -7.9684
-269.7113 153.3124 -39.6131 39.1910 31.3446 -38.4570 3.1174 0.6350 -40.8623 -16.4502 -1.5782 -18.6226
-295.2228 140.7653 -26.2600 44.9946 23.5909 -48.7919 -0.0673 1.7310 -48.0426 -27.8224 -8.9075 -22.0900
-206.1346 213.0598 -41.7279 7.9922 20.6693 -28.0898 12.4460 -0.2490 -48.7638 -19.0455 1.8020 -13.1769
-210.8871 187.3155 -28.6061 44.4239 6.8954 -25.6556 17.8280 -3.4734 -30.2322 -22.9966 -4.3195 -3.6356
-308.7597 127.0321 -12.6962 69.4708 25.6500 -51.8878 -0.4789 5.6375 -38.7063 -31.0452 -12.1957 -16.7633
-307.2734 137.6559 -6.5445 67.0338 27.6449 -58.2799 -4.1229 10.4768 -38.2288 -27.1888 -12.0448 -20.4263
-220.5864 207.7695 -20.6050 33.6954 27.0003 -37.3941 6.8436 7.7595 -37.2803 -18.4558 -1.9330 -8.7615
-212.8166 177.4817 -40.2201 55.3098 14.3313 -40.0622 13.1670 -9.1306 -30.3062 -13.1003 -15.3362 -9.6696
-282.1688 149.9966 -25.4899 50.1440 28.0093 -52.5689 -3.9031 7.7632 -38.5229 -26.8400 -12.2602 -22.4822
-289.5400 146.6154 -22.4070 51.8783 29.5211 -52.4389 -3.6653 9.4519 -40.4560 -27.9229 -8.4724 -20.7765
-292.6622 145.9634 -18.3915 57.4748 35.3513 -50.6648 -5.4560 10.8075 -36.1170 -25.5501 -8.0167 -19.2081
-285.2384 152.4125 -23.2249 48.9830 39.8520 -41.8219 -8.6304 7.5649 -29.1058 -20.5267 -10.2213 -22.2275
-219.9064 173.7464 -39.2505 49.8461 12.5557 -36.8807 6.7999 -9.7889 -23.5787 -14.3352 -11.4278 -3.4899
-221.9518 177.8970 -35.8546 54.5098 28.5596 -33.0194 0.5747 -8.6548 -21.9647 -14.7614 -15.5960 -8.3569
-179.6932 174.2464 -57.5443 70.8378 15.1793 -33.6567 11.3687 -25.0776 -17.2378 -1.1177 -19.3941 -6.6612
-234.0397 162.2337 -41.8406 65.8632 38.8889 -32.8156 12.3865 2.8100 -23.4984 -9.7638 -14.3137 -16.9995
-258.2215 171.6044 -26.1018 47.1655 44.5840 -31.7124 -3.0144 5.4598 -21.5864 -11.3270 -16.2552 -23.7783
-268.8964 169.2938 -22.8171 45.8642 55.1829 -23.5744 -9.3756 3.1750 -21.1492 -13.4033 -13.0940 -17.8650
-281.2030 166.7570 -19.1911 36.1147 54.1773 -11.8165 -4.6366 3.5545 -17.6963 -7.3037 -9.3440 -24.1560
-302.4207 166.2883 -6.0193 19.8725 48.9400 6.6139 -4.3150 -6.0006 -14.0414 -0.4441 -5.1256 -25.6242
-295.9643 164.3214 -12.8883 20.1876 43.8106 5.3465 6.2168 -5.8919 -20.2217 6.0536 2.2960 -25.8364
-305.1633 169.0443 -0.1915 9.4951 32.2268 15.0865 17.0159 -7.3985 -26.0455 4.7947 8.7101 -20.4308
-272.2937 180.2796 -16.6919 8.6250 24.5276 6.7592 32.9059 -1.1117 -38.8234 3.1268 15.0512 -15.2638
-264.6459 182.8029 -15.8100 11.0183 13.9359 2.1274 45.4767 6.6350 -40.1718 -2.1585 11.1164 -6.8435
-270.1153 179.9157 -13.4507 9.9648 5.8258 -7.0840 46.1450 18.0760 -30.7406 -3.4201 3.7737 -8.0223
-218.4788 192.6318 -50.7546 6.4405 6.4378 -25.8504 33.9981 9.3424 -33.4320 2.2013 1.2068 -11.3925
-190.1419 194.6407 -72.5274 10.9523 1.9572 -51.2306 14.5620 -1.0529 -31.8041 8.8895 6.4771 3.5806
-265.1084 130.4484 -84.2183 -2.3835 -16.8140 -55.3604 10.7195 -15.9081 -40.0158 19.7788 16.6208 -10.8999
-360.0663 70.2122 -60.9449 -7.5628 -32.2945 -30.4263 49.8903 -0.0605 -44.0151 16.6693 9.5505 -23.4023
-405.5258 60.2987 -41.1313 -22.4240 -37.3659 -16.1859 46.6168 8.2499 -21.9038 22.5470 10.5502 -22.5308
-496.1633 21.3539 1.1915 -5.1950 -16.6780 -11.9067 6.1926 6.1951 6.0212 11.3710 0.2139 -9.2461
-475.4037 37.1895 -2.5358 -9.1474 -14.9880 -16.4649 -2.6257 1.6125 1.6561 8.1577 3.7061 -5.6120
-180.1976 202.8835 -96.8995 -34.0961 -10.3366 -51.3611 -8.9506 -17.1539 -38.1615 -8.9219 -12.6483 -24.2520
-200.4633 191.6594 -84.9536 -23.8267 -9.1731 -49.0136 -5.6640 -17.0640 -37.7387 -8.1000 -12.2545 -21.9653
-175.6779 190.6874 -103.9153 -28.0101 -18.0077 -49.6147 -7.4263 -20.9146 -36.3810 -14.7662 -17.3500 -25.5932
-185.7160 181.9152 -109.9595 -30.9554 -16.5481 -52.6139 -13.8407 -33.6120 -44.4580 -7.4325 -12.2998 -25.1751
-292.0437 147.7618 -42.6172 -9.4504 -13.8137 -49.8978 -12.9863 -14.4469 -28.4920 -0.9547 -4.0711 -21.3799
-163.8342 169.1709 -96.9190 37.0875 -1.1385 -43.3003 2.0191 -36.1294 -21.3514 1.9614 -17.8009 -1.8087
-209.1451 171.1715 -67.8100 30.1223 9.1813 -41.6293 5.2553 -16.7543 -21.6370 8.2634 -8.0518 -9.7324
-191.4031 193.9725 -58.1280 22.5039 3.7618 -29.7061 20.1762 -17.8500 -35.2595 0.4933 -1.0401 -1.5578
-149.7665 216.8409 -83.0271 0.0204 -0.6268 -36.3416 12.5484 -20.7681 -45.5527 -10.2114 -6.0409 -2.2708
-289.5206 130.9045 -45.1072 15.4468 -14.2680 -38.7608 14.1840 -14.9377 -25.4626 10.8803 -0.6188 -8.0255
-202.1195 166.2607 -81.3926 26.0572 11.3906 -34.1523 -0.1888 -32.3435 -21.3967 6.1537 -21.7573 -16.6127
-262.2968 136.6967 -64.2505 20.8823 4.3665 -33.3542 -1.3411 -31.7442 -20.5117 13.2244 -17.0444 -19.0583
-188.6078 169.8955 -96.9469 11.5021 6.1614 -34.8779 4.7632 -26.2489 -34.0610 -6.7902 -16.6450 -11.0212
-234.9313 143.3983 -69.3261 23.1191 -14.1269 -36.2237 12.9595 -27.9175 -29.0823 -1.0120 -13.1599 -8.0202
-361.3835 106.6498 -13.8228 18.6993 3.1329 -32.6101 -1.0989 -8.0841 -28.8399 -0.5622 4.9437 -10.4977
-137.8492 196.6295 -86.2730 29.1881 -14.2049 -48.0944 6.7907 -24.4844 -30.8820 -7.4387 -1.3724 -1.9149
-236.2740 146.2015 -53.5851 44.2550 -8.8275 -41.6840 17.4480 -17.1509 -24.2416 -2.7194 -10.7265 -2.8075
-382.4347 86.2134 -15.2857 24.4382 3.4316 -31.0012 5.2803 -2.9870 -26.4157 0.2657 9.0318 -1.1154
-267.5667 145.0940 -45.0360 33.6593 3.1592 -47.3603 15.5338 -1.8565 -35.3520 -2.0254 2.3207 -4.4700
-252.5683 142.8207 -59.7801 31.6078 0.2970 -39.5427 29.1203 2.2570 -28.4543 0.0215 -2.7442 -3.3778
-334.4731 120.8573 -21.5267 27.1374 19.6114 -33.4605 -9.8770 -4.9518 -20.8410 -4.0487 -0.1781 -4.7449
-299.0125 161.8170 -17.4692 1.4912 4.9496 -42.7874 -28.1613 -20.1625 -33.4420 -9.1447 7.0295 -4.2037
-331.7472 136.2345 0.1479 30.1094 5.1593 -42.8182 -0.7217 3.4634 -30.2651 -7.1977 14.7545 5.1720
-380.9716 108.6740 16.3787 37.1731 9.2531 -34.3979 0.6829 3.8184 -29.9837 -2.1748 26.4935 6.0123
-394.2444 107.8435 28.1050 33.3290 3.1574 -35.0483 -15.4744 -18.6182 -29.9814 10.3938 22.2141 -11.3424
-391.4601 139.6448 64.5496 30.7113 10.7349 -12.5314 -27.8036 -33.9034 -16.2999 12.6808 7.2516 -16.5697
-348.6669 161.1150 52.4779 18.3000 -5.7858 -8.9507 -11.7302 -27.4718 -13.4540 11.5080 2.3253 -17.0313
-248.1721 129.1459 -29.7818 46.7608 -3.0734 3.7223 -2.3179 -26.6651 -22.7943 2.4526 14.9996 -12.3154
-263.6774 142.7665 -29.9742 33.9773 4.9003 -8.9058 -5.2393 -31.7567 -26.9116 1.1842 11.1056 -10.5118
-315.7437 138.5512 1.8254 32.5841 5.3642 -17.5959 -21.9207 -43.0728 -11.9692 11.7956 0.4591 -0.0264
-348.0596 141.6555 25.6658 24.4263 4.4514 -18.8586 -28.3993 -41.8180 -8.9340 12.2801 -3.8788 -3.4014
-339.8189 152.7015 21.5274 10.5026 4.9380 -13.9181 -23.7246 -36.2420 -16.4629 8.1030 4.3735 -3.6753
-181.7459 172.7951 -85.3428 29.0855 8.9748 -34.1165 -1.4085 -29.4715 -21.7559 0.1433 -9.3221 -5.5375
-175.0900 181.7648 -92.8903 22.5089 19.0280 -41.7242 -7.7697 -19.6999 -26.3254 -6.3280 -7.6332 -8.1933
-251.9982 166.4459 -39.4941 27.4049 13.4061 -40.7654 -5.2632 -14.1027 -25.0963 -1.3938 -7.8715 -9.3792
-286.0937 157.1077 -16.4713 28.8509 9.2850 -34.6491 -0.4386 -10.5597 -20.4938 5.9575 -2.8292 -10.4215
-272.2164 157.3576 -17.5268 32.2114 0.1277 -24.6030 5.4947 -21.7670 -19.1090 1.6417 -8.0477 -1.5057
-151.6429 175.7814 -81.3730 43.7672 -18.3340 -43.6709 2.5692 -37.2880 -28.2989 -5.6576 -4.6731 -2.0636
-287.6731 142.1759 -11.6425 36.3170 -12.6907 -25.3684 3.8977 -35.1654 -22.7628 3.7736 -6.9182 -6.3739
-132.2721 168.9837 -103.8826 40.9869 -7.2563 -35.1245 -3.9865 -27.9923 -26.6471 -9.5474 -3.6955 -17.2812
-163.0011 161.7308 -87.8366 47.4214 -5.2559 -35.0940 0.3385 -35.3807 -27.1487 -13.6488 -16.9984 -11.8190
-189.4995 181.8332 -76.1871 11.5440 -2.6264 -35.6065 -2.8053 -28.4299 -28.6955 -10.3359 -10.0248 -4.9559
-154.7965 182.8870 -101.5084 14.6854 -8.5404 -55.0166 -5.5329 -22.2181 -36.8830 -18.6842 -18.0900 -12.6502
-162.3272 165.5559 -84.3543 49.3245 2.0150 -32.3968 2.7985 -30.5585 -33.2616 -9.2084 -15.1161 -21.6658
-178.5820 172.1709 -74.7211 36.7181 -4.1248 -38.4606 -0.4471 -29.3424 -25.6706 -6.9805 -11.6411 -8.5210
-257.6339 156.8248 -42.6891 30.6143 16.6867 -32.5289 -3.1704 -22.0981 -27.2445 1.0525 -11.7911 -12.2288
-166.1893 174.7834 -109.0484 8.0926 -3.1619 -42.2839 10.9726 -22.3115 -47.0101 -2.5321 3.4283 -15.2292
-210.8646 161.9846 -75.7305 13.7439 -4.9862 -29.2029 8.7362 -23.9644 -35.3669 -6.5209 0.2309 -3.7123
-212.8274 174.2576 -71.1095 -2.8917 -7.8446 -19.8866 14.1119 -27.1313 -34.0578 -2.9094 -6.2798 -3.4940
-194.0928 166.0286 -89.8209 17.9967 0.1021 -44.8678 6.1559 -13.4840 -34.2310 -10.7586 -9.6333 -13.5926
-218.5022 175.7025 -60.5064 17.9186 -1.0957 -45.4409 6.5226 -18.9737 -37.4140 -5.6792 -12.2828 -9.5798
-340.6881 132.1656 1.9025 27.0986 18.1457 -21.9248 -19.3351 -21.3732 -15.7507 -5.8022 -10.3071 -7.7887
-356.0347 141.2779 19.0492 7.4478 3.2217 -21.1394 -20.8963 -17.4775 -14.9194 -8.8467 -8.2709 -5.9222
-179.8071 203.6188 -71.7913 -0.7502 -13.1774 -48.6345 17.0648 -7.5401 -26.3087 11.8686 -8.2500 -13.6639
-342.5187 139.1118 3.5464 9.5851 3.6525 -26.6352 -12.1249 -11.6191 -20.0049 -5.0584 -4.2388 -9.5570
-386.2832 130.6700 44.0765 20.6147 -4.5385 -32.1141 -17.8664 -0.9258 -9.6986 -17.5930 -10.8193 -1.4122
-389.4211 126.3764 42.4400 22.3192 -3.8593 -34.0654 -18.4278 2.9576 -6.5968 -19.6787 -10.3519 3.2185
-392.6344 128.3593 48.2386 22.8073 -2.5245 -30.8699 -19.6718 -0.2063 -8.9617 -21.4489 -10.2050 2.9256
-235.0231 179.2629 -43.6455 5.2407 0.2219 -26.4948 -0.8980 -11.8224 -13.1196 1.4471 -2.8020 -4.1452
-124.9262 175.8893 -98.2246 16.4275 -45.1040 -30.4905 12.1215 -25.6012 -22.9480 1.3000 4.9113 -9.8930
-172.8609 145.3625 -84.6867 34.1350 -30.1898 -28.2289 4.4960 -33.1243 -29.4221 -0.3540 1.0559 -17.3987
-206.8679 155.2585 -59.8630 40.8211 -20.3910 -27.7628 21.4069 -36.5509 -30.9616 -11.5736 -19.9231 -8.5759
-182.7148 168.9586 -65.6026 34.9653 -16.4237 -25.2558 12.1245 -37.4460 -32.3702 -6.3574 -12.2083 -6.0072
-204.4058 164.1618 -57.8538 27.6695 -14.7993 -28.0892 2.9358 -30.6824 -32.6091 -15.0162 -7.0986 1.0954
-168.0678 164.3559 -96.8789 27.4130 -4.4806 -38.5258 2.6790 -30.2085 -43.3997 -7.9710 -7.0895 -11.7317
-165.5528 167.0527 -65.8945 49.5791 -15.8170 -27.1993 6.9675 -32.4832 -31.1863 -11.5380 -7.2851 -12.5154
-148.8721 179.7140 -94.9511 32.1981 -7.5170 -40.6408 16.4951 -14.8695 -26.7362 -2.9246 -6.1411 -6.4157
-246.9608 181.0092 -34.9740 3.4781 -2.5465 -29.6616 11.9818 -5.0310 -32.3941 -6.1001 1.0896 -10.3139
-287.9200 172.4292 -4.5682 3.7412 -19.4543 -46.4268 -0.1438 -3.1216 -25.4265 -5.6484 -3.3810 -10.7054
-241.6320 168.3962 -50.3566 9.3429 -15.2386 -49.1391 15.2423 -9.2333 -39.6459 -6.6179 -10.7054 -12.7567
-248.9789 149.3000 -40.1355 33.5961 -9.2947 -32.3660 4.3270 -19.9975 -20.7011 -11.5532 -19.8754 -11.6566
-192.8239 155.1392 -86.6170 19.9603 -20.3873 -30.1314 20.3061 -29.5831 -38.5438 -6.4348 -4.6046 -9.4770
-224.3723 157.9223 -77.7359 14.6678 4.1896 -33.0872 9.0726 -27.1241 -38.0316 -4.6355 -16.8557 -12.7455
-186.9492 169.3423 -98.5096 12.1690 6.3180 -33.4559 12.3405 -18.7770 -33.6200 -2.3752 -9.4831 -12.2753
-206.0173 174.9539 -73.0647 4.1919 -8.4171 -30.4838 17.5263 -14.3217 -32.9812 -2.0313 -6.7927 -14.3648
-222.8472 169.7955 -59.8272 14.1138 0.5643 -25.6001 10.5998 -19.5966 -28.7665 -6.9349 -18.8767 -15.0258
-240.1285 176.3746 -55.7097 2.5743 19.4356 -23.6056 -7.7799 -25.7661 -27.5742 4.8517 -10.0396 -15.5757
-377.5573 134.0025 35.2197 13.2229 0.2856 -18.6094 -16.0479 -16.6548 -12.9834 1.6717 -6.1803 -25.7879
-365.9477 144.4355 35.0875 4.5590 -10.5779 -19.3278 -7.9918 -14.1561 -17.3071 -3.2709 -7.9989 -18.5458
-222.1728 168.0414 -62.4053 19.0727 0.0124 -32.5246 10.2413 -27.3513 -34.5758 -5.5178 -20.8426 -11.3217
-211.7058 160.7419 -65.7962 38.4354 4.5308 -37.0020 -0.7263 -35.5626 -26.9749 -2.0080 -26.4715 -20.6803
-214.9636 179.7544 -71.5658 2.5407 8.1701 -33.2258 4.8085 -17.1761 -33.4406 -5.2228 -15.0475 -11.1891
-320.0483 159.7010 5.3995 0.8333 -8.4546 -31.1227 -1.0010 1.0703 -24.7427 -20.6356 -11.4375 -7.3103
-322.8438 128.0309 6.3168 38.5038 -14.4227 -15.9571 9.2787 -32.5790 -10.6052 9.4814 -12.0444 -5.6913
-331.4077 137.4593 12.3674 20.1245 -13.0896 -3.5602 1.8428 -51.9850 -15.4022 16.3876 -16.2240 -9.1083
-198.3940 188.1973 -80.5674 -7.4529 5.1972 -27.2034 1.6506 -31.9646 -38.4019 -4.4891 -12.7647 -9.4463
-223.1502 167.5161 -66.3914 21.8038 8.3639 -40.9959 4.3528 -21.1896 -37.3384 -5.4821 -12.6193 -11.6890
-238.4294 164.1821 -60.8193 13.4944 13.4767 -25.9513 -2.8596 -29.6879 -27.7291 -1.1953 -21.1245 -15.9113
-208.4028 163.6024 -90.0811 4.4499 3.6674 -27.4169 7.7254 -32.9431 -40.7179 -0.1192 -5.8473 -9.2332
-251.5479 174.9110 -48.7899 -4.2500 8.9484 -29.4293 -4.6215 -17.7304 -39.6549 -11.6599 -3.7549 -15.8248
-250.2589 179.5515 -45.7051 -4.1764 13.6291 -26.1599 -5.9783 -13.5936 -30.4366 -8.9507 -9.1965 -18.0677
-234.4502 169.1086 -68.6982 7.3515 23.0408 -31.9023 -11.7423 -18.9185 -25.2538 -4.5727 -12.4336 -10.3051
-244.7361 135.2304 -51.9133 56.7015 -5.0583 -42.7814 10.2575 -28.8318 -17.9823 -5.3652 -34.2224 -9.1842
-235.8719 168.9151 -49.9696 33.3764 26.1900 -31.9943 -4.4588 -13.2257 -16.4711 -6.7182 -21.7863 -8.4631
-179.6389 200.3496 -68.8540 10.1183 10.3940 -23.8698 0.5011 -29.8541 -26.3644 3.3144 -14.3590 -15.7968
-171.5020 182.5161 -67.1937 23.1038 -17.5787 -18.5888 19.3714 -29.2992 -29.5156 -9.5911 -15.6741 -10.8656
-202.6281 174.4527 -62.0567 16.6170 -15.2674 -28.2487 13.7678 -28.1143 -25.5080 1.4853 -11.1823 -9.7599
-220.1585 175.4232 -55.8521 10.5354 -7.5750 -30.1947 6.2425 -28.4950 -32.4751 -6.1548 -12.7408 -3.4303
-355.7913 141.8248 22.0837 -1.6616 -8.4622 2.9185 1.7990 -30.4390 -14.7249 10.5438 -2.6968 -13.7271
-360.1173 151.7955 33.5916 -7.7002 -9.0802 -1.4073 -9.7081 -27.7227 -12.3006 7.2785 -0.6467 -16.8257
-156.5917 205.9973 -74.4119 1.3753 -19.2362 -33.0352 5.7674 -23.5739 -20.1866 -7.8887 -12.2165 3.6092
-215.8353 206.3578 -36.5319 -7.7471 -4.8899 -20.6461 3.5004 -20.8042 -25.6873 -9.4043 -18.1203 -4.7049
-195.8736 217.9914 -49.1353 -14.4734 -6.8838 -36.9768 -0.2806 -14.1049 -30.3254 -6.6256 -12.8904 -10.0656
-168.9551 153.5769 -89.7446 53.0775 -2.8137 -40.5985 9.7277 -17.4201 -25.0199 -6.1862 -14.0481 -15.6804
-147.0428 167.6005 -93.6808 41.1473 -6.6391 -30.6140 2.5710 -25.8751 -21.2788 -4.7647 -10.6267 -16.7202
-245.1358 135.1907 -28.6579 68.6412 -10.4939 -17.8251 17.1754 -35.3616 -11.5046 2.8850 -15.6079 -10.6361
-286.3400 138.0864 -17.3278 31.2835 1.4733 -2.9621 1.1700 -26.0362 -6.0710 7.8923 -6.2643 -15.6315
-255.0872 126.7693 -49.6951 36.9754 -4.9963 -11.5724 -2.8018 -34.8167 -14.0198 -8.2842 -9.5025 -2.1124
-186.2099 156.3273 -95.8533 24.8079 -2.5532 -38.5343 -3.0885 -25.0097 -18.7650 -3.2157 -9.9894 -8.7880
-238.5074 150.1316 -69.5883 32.4111 26.8341 -34.0070 -11.6358 -21.2777 -18.7963 -5.8470 -19.3149 -10.7846
-202.7952 174.3875 -84.2589 9.9581 20.8902 -34.9028 -18.0526 -22.1445 -24.9652 -12.7854 -18.3578 -10.4664
-342.8963 141.5101 9.9135 15.3463 10.1312 -21.1553 -17.6681 -17.9632 -12.6144 7.5523 5.6100 -12.0778
-371.8366 142.7258 38.1743 10.3547 2.9852 -16.2189 -20.5462 -17.9547 -10.9011 7.0766 11.1119 -11.3775
-379.6630 143.6163 48.8647 11.7046 0.9705 -12.4975 -19.2854 -21.1577 -11.1129 9.9930 11.8617 -12.8419
-386.9781 144.1211 56.0691 8.0556 -5.2698 -11.7829 -14.0108 -13.9212 -10.0820 2.5589 7.3568 -10.4322
-244.5224 181.6902 -18.9263 21.6593 -4.9643 -26.2112 7.6100 -17.9569 -26.1618 -4.5003 -3.8081 -6.7761
-138.9106 177.8682 -94.4930 39.3451 -6.2463 -38.0746 5.7998 -25.0209 -38.2095 -8.8420 0.5036 -12.4414
-166.0440 171.7127 -83.3070 39.8854 4.9926 -21.4670 7.5172 -35.6838 -31.2457 -7.3494 -11.1808 -16.7033
-137.6469 140.1225 -104.6207 52.3319 -17.4499 -34.6996 -17.4393 -29.5463 -27.5317 -18.3538 -13.2183 -23.4991
-274.2850 140.5977 -33.9008 33.8316 3.0552 -20.1954 1.3128 -36.0685 -17.5308 8.8848 -11.1084 -5.1756
-186.1007 185.9471 -88.3335 -7.4189 -0.7188 -25.1506 4.0559 -31.7635 -39.6467 -7.8445 -3.7143 -4.6381
-254.6750 133.0560 -62.2477 37.1300 6.9463 -36.4922 -0.1287 -24.7879 -24.3425 6.8336 -3.6496 -11.6869
-372.6048 132.3847 30.5941 18.8131 8.3108 -15.7155 -18.9324 -16.0213 -6.1482 5.7211 8.7445 -3.2763
-303.2342 166.5275 -4.5334 6.2721 15.8353 -17.8403 -14.3616 -14.9373 -19.3786 -5.4478 -3.9011 -10.2365
-186.6386 161.4809 -91.5001 33.3002 14.8961 -37.7281 -9.8543 -25.0147 -26.2315 -15.7189 -22.1507 -14.0584
-212.0449 147.2763 -80.5396 38.3803 13.0557 -30.3508 -5.3585 -33.8603 -28.4594 -8.1671 -15.0730 -13.2034
-203.6169 132.6421 -85.4610 52.4195 -0.7415 -29.9654 0.1631 -39.3294 -21.1155 -9.5917 -17.2441 -8.2598
-207.2367 154.2843 -75.7148 27.9082 1.5880 -25.2350 0.3829 -26.8984 -24.3787 -3.9790 -0.0768 -5.9624
-218.0432 152.3858 -68.3364 21.9947 -11.2393 -15.4409 13.5105 -42.6774 -29.4657 -2.5462 -11.5352 -5.3007
-160.1652 187.3807 -99.3327 4.8843 -5.3622 -33.9226 10.2607 -30.0816 -40.4450 -0.8728 0.5272 -6.9415
-135.7753 176.2846 -100.1707 29.0089 -19.1246 -42.5883 6.6321 -18.4104 -25.4338 3.8512 5.0821 -12.2447
-344.8619 123.5466 1.9206 29.6081 7.0582 -12.0743 8.3907 -25.5307 -23.5588 17.3400 2.7105 -13.7803
-355.5499 133.7503 1.5502 -6.0828 6.9909 1.6971 -1.0219 -20.3381 -25.6236 -5.3366 4.4818 -1.8966
-251.3114 181.8378 -48.5695 -16.1251 13.9630 -13.8432 -0.8712 -17.0108 -38.8265 -17.9735 -4.7428 1.0296
-230.4932 166.9441 -77.7344 6.3292 28.1659 -32.2755 -16.5874 -26.9739 -33.4161 0.8232 -4.1746 -13.5614
-246.7838 180.2177 -46.8614 -6.0857 6.2650 -26.5967 -0.3442 -19.7426 -38.5946 -9.8997 -9.8298 -7.1787
-240.5232 162.1521 -48.8066 27.3750 4.5281 -25.8142 20.6923 -23.4625 -43.7878 -8.7068 -13.0439 -8.1853
-194.0893 167.0801 -97.0744 10.6902 12.0549 -28.7171 4.7405 -29.3111 -38.8019 1.3496 3.4709 -4.2687
-230.0652 149.6909 -79.1392 21.9157 16.5015 -33.0182 -4.6349 -24.4140 -37.5914 -10.0509 -2.0829 -4.5895
-228.7804 148.4353 -81.0227 24.8596 11.2558 -36.1020 6.8959 -26.6987 -43.7686 -10.5232 -13.5091 -6.2518
-191.6564 148.2351 -97.2486 30.1064 3.2229 -28.0073 0.3661 -35.0106 -26.6300 -8.3807 -12.6670 -7.6943
-206.0174 156.6096 -88.6355 18.3211 3.0560 -30.8127 2.5521 -31.9234 -31.7875 -13.3720 -18.6179 -10.9598
-232.1025 185.7889 -57.7401 -18.1744 -3.3073 -28.5413 4.5406 -14.4358 -47.0767 -25.7368 -1.5166 9.2893
-455.4310 61.5301 15.4639 7.6144 3.6929 -1.5099 1.6282 -5.0211 -14.3591 -10.0110 -0.8957 2.6827
-201.0206 177.1576 -83.2119 4.7583 6.6980 -44.5811 -14.5258 -28.0695 -39.1671 -5.3094 -1.2574 -8.6259
-472.9696 40.7500 11.9965 21.9276 11.8253 -7.6094 -2.6166 -1.9241 -6.0232 2.2529 3.7784 -1.8971
-467.2383 46.5352 11.1282 15.3010 10.4114 1.3722 5.6763 1.3297 -4.2843 -1.8809 -2.1975 -1.5740
-299.1788 125.0893 -34.1283 28.5991 -0.0857 -33.9139 -7.6546 -17.9814 -17.6377 -6.0973 -0.1578 7.7709
-514.9126 11.8355 10.4144 9.5389 8.2214 6.5850 5.5537 4.5613 3.2162 2.3544 2.0386 1.5723
-514.0357 13.8006 13.2612 12.4303 11.3254 10.0888 8.7996 7.4887 6.2830 5.2181 4.2787 3.5396
-337.6325 100.4765 -23.3219 50.7534 20.6153 -31.0268 -4.6499 -6.6595 -15.1954 -16.4191 -22.9119 -6.4880
-156.9470 171.1655 -108.0451 17.9752 -7.9691 -42.8895 0.8637 -31.5535 -36.6315 -6.6591 -10.2636 -14.1199
-183.5851 115.5975 -91.2941 67.4272 -11.9831 -29.4876 -1.5533 -32.3661 -30.8359 -23.6435 -14.0884 -16.9140
-146.8720 134.9335 -110.9376 36.1815 -32.6471 -39.9151 -6.9418 -26.6150 -31.8816 -15.6004 -8.1769 -22.7445
-228.3687 151.5512 -56.6898 42.1103 -5.8193 -57.1457 -2.7458 -21.8056 -45.5615 -12.2325 -6.1158 -14.4692
-141.1327 191.4668 -101.6133 -1.7428 -19.3365 -27.7886 7.5161 -29.0694 -40.7581 -16.0350 7.3847 5.3452
-321.0760 124.1705 -51.9658 -9.8049 15.4188 -25.0831 -19.3426 -14.4822 -22.0034 -6.7667 9.0928 12.5823
-364.7089 99.1345 -32.6710 9.6346 27.2828 -22.9437 -31.6036 -21.1928 -13.4949 0.2336 4.4083 6.9319
-186.7146 174.5941 -75.9484 37.9743 22.6845 -25.1892 -5.8446 -30.5367 -20.8763 -17.5173 -30.0323 -6.5401
-228.9609 153.1023 -59.0983 41.1782 22.1612 -19.0395 -6.3118 -32.5212 -26.9600 -17.9312 -17.1610 -3.4508
-241.8073 167.7121 -46.1467 19.2957 9.0122 -19.1281 8.8800 -30.0706 -40.9586 -14.9316 -16.3856 -4.8834
-234.7021 193.1527 -31.0381 7.7367 10.9409 -13.0381 11.0959 -18.7918 -38.1963 -20.7081 -19.1847 -5.8250
-244.1744 174.8951 -41.9358 17.4537 19.1380 -22.0826 -0.6389 -21.1010 -31.8498 -5.7224 -7.5958 -12.1754
-220.8794 142.4860 -77.5391 37.8524 4.9186 -31.0642 2.1535 -32.9413 -22.1447 -0.4070 -6.0333 1.5923
-167.3744 192.2769 -91.0707 -6.5661 -7.2772 -25.5677 2.0534 -32.8396 -32.7228 -2.9942 -2.3393 -5.8444
-371.2616 49.2376 -51.4902 39.7437 -1.9009 -23.4105 12.3417 -24.2868 -15.6983 11.6025 -3.9166 -3.3829
-187.3298 186.8804 -72.8457 21.5137 11.3112 -41.8087 -4.4562 -14.2868 -31.4579 -18.8516 -17.2083 -14.9382
-315.3325 153.5213 3.8500 30.2207 22.2706 -23.0720 -5.2486 0.1168 -23.0172 -26.5020 -12.0700 0.0400
-203.3665 189.1445 -64.4926 19.4285 18.8034 -39.3410 -3.0680 -25.3881 -43.4134 -7.5054 -16.1117 -17.2136
-277.6513 146.5749 -29.4601 43.7540 19.3989 -27.9197 10.5376 -19.3591 -38.7404 -5.2847 -14.9933 -18.4244
-255.2284 177.1378 -31.2719 13.8907 17.9559 -15.9654 3.7213 -24.8190 -39.6304 -7.8561 -10.5333 -11.8246
-203.1853 205.2587 -49.9956 -4.5766 -8.2364 -35.6954 8.3864 -18.3566 -41.4722 -4.3101 4.7453 1.0259
-415.6299 34.8031 -39.1672 43.1237 23.1507 -13.8715 13.3781 -17.7693 -22.0313 21.7021 4.5109 -6.6387
-407.4808 77.4687 -9.9710 17.9740 22.3734 -5.1716 -4.6106 -13.7637 -18.7187 -3.4805 -4.6218 -8.3111
-215.4587 184.0951 -60.2029 24.9554 33.7843 -29.9347 -4.7858 -21.4064 -40.1718 -10.0360 -15.5329 -21.5766
-179.5690 201.4683 -79.7953 3.2324 17.5754 -34.2033 -1.9381 -18.7147 -40.1410 -13.3140 -15.2132 -12.2017
-184.5173 188.3279 -79.6094 15.9975 10.6803 -41.2242 0.6381 -21.4471 -38.8147 -10.4980 -17.8312 -12.5609
-185.6477 201.9386 -78.0280 -10.9958 1.3987 -38.6088 -4.0603 -25.8678 -44.5337 -7.5046 -4.9234 -9.3408
-376.2657 100.1312 -4.3168 27.5855 20.3438 -17.6428 -10.8734 -11.1353 -16.0851 -3.0815 -0.6789 -4.8060
-488.8120 15.6139 -1.8683 26.0492 11.7569 -9.1532 7.1226 5.9453 -7.1836 -4.4907 -3.0269 1.9557
-479.1533 31.8404 0.6194 9.3963 7.7974 -1.4071 3.1249 1.2570 -3.1026 -2.5840 -4.5705 0.2240
-205.0849 180.1458 -71.8891 0.9041 -4.4075 -26.3369 5.5797 -38.3130 -44.8189 -7.3385 -11.1347 -12.4155
-208.4960 179.1751 -76.2594 -0.7008 2.6904 -31.5338 1.3445 -29.9046 -42.3795 -9.2728 -11.4923 -10.6271
-229.0350 181.9334 -64.9208 -5.0276 12.0009 -40.5817 -10.5127 -17.3323 -45.4767 -18.2759 -9.8959 -15.4862
-219.1874 180.8667 -59.3672 19.6752 26.2208 -24.9637 -5.3130 -31.2421 -37.9350 -3.9931 -14.1980 -11.9392
-202.1439 186.0763 -71.9744 8.0884 15.3282 -29.6618 -2.8711 -28.4420 -42.9069 -4.4681 1.5500 -7.3844
-210.8975 184.4192 -60.8470 5.5979 -3.0753 -35.2459 4.8307 -24.7235 -45.1949 -8.3401 -0.6458 -5.9501
-223.3724 197.2802 -60.2451 -24.2018 10.6463 -21.2630 -10.3419 -25.3074 -41.1573 -7.0251 8.3313 -1.4446
-358.9554 110.2447 -6.1340 37.0140 32.0766 -16.3123 -9.9836 -8.5315 -16.8759 -4.4193 -0.8252 -7.7416
-352.3884 126.1673 -6.6226 13.5289 22.4227 -22.9739 -23.3306 -4.4852 -10.5745 -20.9880 -19.8384 -8.2459
-221.4605 193.5025 -56.1531 -3.2803 20.3404 -20.5058 -1.4254 -17.0421 -37.8379 -16.8712 -11.3179 -5.3559
-296.8044 107.8611 -36.1734 63.1232 17.1830 -10.9038 12.9987 -39.4908 -25.4165 0.1112 -17.3321 -8.8061
-201.2213 173.5241 -69.7817 24.7691 12.5597 -20.7594 0.8213 -32.8089 -28.0815 -12.4269 -16.9704 -4.6950
-253.7185 157.8597 -38.8840 28.7098 6.8167 -22.7249 3.0911 -32.0952 -33.1944 -12.5188 -18.7241 -6.5023
-199.5456 184.7959 -77.4189 4.7966 15.8977 -28.9450 -9.8328 -31.2662 -35.9805 -10.4073 -12.2750 -13.2548
-184.8933 166.6069 -89.4593 33.5910 25.3177 -26.1770 -7.3906 -28.9806 -29.2226 -9.7973 -20.4417 -20.9452
-375.0153 114.9026 1.3997 9.9046 21.7730 -0.0740 -3.8094 -11.5902 -25.5283 -20.9780 -10.7118 -5.9315
-215.8292 205.4978 -45.1123 -5.2978 6.6548 -28.3402 13.2136 -0.2425 -40.8185 -17.9372 -3.4165 -2.0087
-269.1980 157.1948 -22.4464 41.2748 9.7267 -29.1196 20.5439 -8.6536 -37.9417 -11.7441 -5.5789 -3.7495
-237.0876 197.0929 -26.8817 1.2574 4.8644 -23.2822 -2.4922 -10.0914 -22.1136 -26.6496 -24.5565 3.3408
-387.4116 66.6579 -10.7497 60.6440 20.5378 -11.0275 17.6278 -16.9231 -21.3868 1.3558 -12.6840 -8.3970
-512.3773 12.8674 10.1982 11.3814 8.8155 5.4170 4.9270 2.9761 0.6986 0.4891 0.4110 0.8028
-473.9873 35.2508 1.8501 13.6902 11.8277 -0.7260 -0.0779 -2.9747 -4.1227 -1.7523 -5.0271 -2.7504
-201.5336 155.8698 -71.0367 52.4742 4.8296 -43.3381 4.9449 -27.9092 -30.1094 -13.2512 -28.8316 -11.9919
-223.1727 182.7034 -45.0230 33.7532 29.3059 -30.1356 -5.9743 -15.3015 -25.4295 -14.9016 -25.5794 -10.6365
-228.8501 189.0364 -51.1176 11.9918 34.1780 -25.4470 -7.9234 -15.2420 -39.3092 -10.8656 -0.4500 -4.3576
-174.5410 197.1265 -97.3213 7.4578 32.3246 -48.0038 -12.5454 -12.8391 -35.5726 3.7497 2.1611 -13.5835
-154.2578 198.5070 -84.8990 13.8242 0.5464 -30.6820 0.9403 -28.9550 -28.5784 -13.9215 -15.0500 0.9573
-193.6990 191.1198 -46.0467 17.2440 -28.9989 -49.9860 3.8472 -14.1555 -22.0394 -4.9193 -5.7323 -5.1590
-371.9472 109.0454 2.9131 11.2133 -15.1098 -26.8488 11.4636 2.7819 -15.2487 -2.5344 -4.8451 -2.1495
-160.3080 186.5531 -89.4323 4.2569 -17.0440 -28.1746 16.6664 -19.1793 -28.1498 1.5542 -4.6950 -8.8518
-166.7541 184.1147 -89.1010 7.9074 -17.8143 -45.1943 7.5434 -16.8695 -34.6955 -15.3262 -9.9921 0.6171
-152.0636 177.4032 -96.6909 14.3057 -29.1041 -40.4757 15.7655 -26.8206 -35.2940 -8.6182 -10.2393 -3.6257
-173.8657 154.2733 -81.4476 35.4954 -33.9957 -35.1092 11.2527 -36.9333 -26.0899 -3.5851 -6.0998 -9.7842
-269.2863 95.6616 -53.9109 62.4754 -16.5517 -25.3816 15.0936 -33.6266 -30.2852 -8.3953 -2.1586 -3.8561
-244.1837 150.6693 -48.0195 33.4362 -0.6481 -25.6284 12.2325 -30.0341 -44.1012 -15.7858 -10.5745 -5.2871
-458.4147 40.6594 -0.1568 23.4993 13.2142 -0.8301 7.0746 -14.6234 -20.6056 3.3385 1.9233 -0.8665
-499.2451 15.1393 2.8509 15.5578 12.6201 10.3829 11.9065 -2.8426 -2.1519 10.7981 4.0981 0.3341
-432.4023 75.5687 15.9770 11.3520 -6.3157 -11.8796 2.9740 -17.1747 -25.3696 2.2733 7.1305 4.2050
-215.0947 167.5244 -53.9595 39.9846 7.0668 -29.6370 11.3510 -32.5167 -44.6723 -5.5174 -11.4182 -12.3869
-240.7748 176.7060 -28.1574 24.0169 -3.1885 -34.1184 2.2074 -21.3841 -27.8306 3.2202 -13.6149 -20.8223
-288.4744 136.6504 -18.7299 36.6690 -24.9435 -39.6052 26.6638 -16.1734 -32.1949 -0.7678 -15.0127 -12.5871
-385.9500 110.3162 22.9173 30.6529 10.4830 -11.9974 6.2871 1.5826 -11.6980 -6.2521 -5.8843 -6.4915
-250.7448 180.6218 -28.9522 24.4534 40.6388 -12.5101 -21.8023 -16.3131 -8.6655 -15.8808 -19.8873 -6.8608
-359.4958 101.0092 -24.0431 29.5351 36.3117 -15.7557 -11.5073 -0.4611 -4.7214 -8.8848 -12.3472 0.4986
-269.0032 145.9858 -62.5553 -4.3199 9.8956 -14.1377 5.5380 -15.7355 -34.5434 -6.4876 7.9263 2.3386
-186.2660 181.7165 -74.9660 22.0709 6.5273 -33.0694 11.3575 -19.4266 -47.9866 -10.4563 0.2844 -11.8848
-223.3640 150.1116 -63.3205 65.0519 33.4816 -36.3403 5.4065 -14.2410 -26.8251 -16.9979 -29.0915 -10.3764
-253.5483 129.1388 -55.2156 55.9097 12.4377 -20.2744 15.1135 -38.1948 -26.0317 5.1704 -17.8408 -9.4406
-230.9813 157.9358 -59.4578 41.4396 30.5618 -15.7013 3.1357 -37.2191 -32.7971 -3.6509 -20.4704 -14.8471
-165.0928 178.7051 -98.1282 16.3220 -5.0761 -35.8485 23.8859 -19.4667 -45.3003 -3.0583 0.8055 -3.6905
-265.8611 153.2884 -47.1426 13.9574 7.5781 -21.2271 15.7453 -20.8215 -40.7853 -0.1908 -8.0991 -13.9106
-191.1729 194.3863 -69.8802 15.6892 20.2135 -32.5802 -0.3598 -22.2434 -36.6992 -4.0038 -15.1157 -18.2358
-250.2622 184.5979 -38.0265 0.7588 20.3882 -19.8020 -2.0992 -8.1603 -24.8151 -8.4730 -12.1623 -10.0949
-299.9162 152.2135 -24.5375 21.8808 44.8216 -7.1140 -9.5747 -14.1056 -31.8336 -17.4317 -5.3558 -6.9062
-325.4834 120.4005 -47.7847 5.6807 33.2868 -17.6063 -20.3026 -15.3251 -14.8046 4.2079 3.4681 0.8125
-415.2307 53.7322 -21.7393 29.6918 9.4537 -22.5834 6.0339 -7.8822 -17.7339 9.3710 1.0860 -9.3423
-197.0935 164.9274 -72.2221 40.8348 3.6380 -32.7549 31.0992 -2.6904 -24.2183 0.7198 -8.6700 -10.3190
-165.5111 163.4087 -68.9406 55.3325 -7.5856 -19.4828 25.5574 -4.1528 -17.7231 -9.7964 -5.7280 -13.2230
-175.4952 160.9597 -68.8362 57.2494 -1.8162 -20.9624 26.8814 -5.7718 -22.8449 -19.4810 -9.4142 -13.5126
-181.5778 166.6716 -67.2552 52.5406 -1.1455 -26.8991 31.9317 -6.1534 -23.9328 -7.0005 -9.0438 -12.9023
-191.3284 178.5611 -64.0022 43.0840 9.8791 -30.4806 34.9461 -1.3648 -31.2501 -4.1492 -8.7388 -11.6688
-192.1818 202.9555 -51.9989 23.9550 12.8551 -30.3365 25.4074 -5.2605 -36.6793 -4.8114 -14.1256 -12.1810
-182.2686 198.0060 -62.1811 34.0807 16.6952 -37.0689 24.2296 -6.5321 -37.5269 -1.8602 -17.5302 -14.6087
-175.7081 199.4650 -62.8057 32.4781 3.7902 -41.2280 34.0516 -0.8985 -35.1140 2.3855 -12.5554 -13.6469
-181.9931 186.7486 -61.5465 43.0325 1.7290 -38.8273 38.4340 -1.1761 -35.9631 2.7139 -2.4584 -8.8994
-190.3056 190.3910 -57.8351 38.8613 8.9435 -36.2768 39.7361 1.4685 -38.9562 3.4568 -3.5326 -10.9496
-193.3695 198.2581 -50.7300 31.2591 7.9418 -36.0019 33.6793 3.2977 -33.0844 1.7276 -4.3816 -5.4186
-213.7865 204.9805 -34.7777 13.0503 5.5475 -30.0359 22.0273 1.4361 -31.0274 -2.9142 -5.9551 -8.4873
-233.5119 200.3669 -23.9896 5.7092 2.8346 -19.9184 19.2600 -0.6424 -20.1429 -5.3710 -19.3532 -8.1361
-257.8174 197.2348 -9.9241 -1.4121 6.6073 -8.7197 13.3246 -4.4721 -21.8501 -11.3776 -15.7733 -3.2801
-320.4740 188.5640 41.8053 -5.2402 -14.8290 -13.6613 13.2330 10.3788 -21.7282 -25.5112 -7.8035 -0.4621
-393.3476 147.1269 78.2549 26.1974 -7.7763 -14.4706 0.2304 2.9830 -6.7060 -10.7783 -9.8062 -5.9698
-429.3048 87.3568 34.1441 29.3065 12.5382 -2.4760 7.9385 2.6607 -12.7553 -14.0454 -11.4595 -5.2665
-254.8124 150.2491 -50.5954 32.3912 1.4574 -43.0321 26.8926 -1.5946 -39.6046 -2.2587 -2.9609 -7.6726
-223.6711 168.7393 -54.0498 39.9894 13.7886 -36.6285 22.7637 -6.5815 -33.4791 1.3243 -4.0903 -7.3447
-207.9929 173.8569 -61.0700 38.2826 10.3993 -37.0362 23.4503 -8.8739 -32.5191 1.0452 -6.8478 -7.5162
-230.7937 171.0233 -46.3405 35.6035 11.7086 -31.8716 25.8602 -3.8996 -34.1079 -2.9528 -7.6216 -10.1048
-254.5510 172.2022 -29.8367 25.9349 10.8239 -27.7783 22.1962 -0.1204 -33.6624 -5.0472 -3.1590 -9.5483
-279.3681 164.3579 -19.6741 21.5360 10.4885 -25.3930 20.2713 0.0817 -40.9882 -6.6074 9.2206 -8.9237
-289.8093 161.9124 -17.0180 14.1893 8.7809 -22.4736 18.5864 1.4551 -41.2871 -11.8781 9.7048 -6.6873
-309.7161 160.7599 0.7006 6.6471 -5.1892 -24.5248 10.2978 -1.2166 -30.0878 -20.4885 -15.2479 -8.7096
-275.6789 186.0241 4.6391 14.7092 -5.1602 -27.7212 20.0071 3.4341 -32.7888 -17.0705 -18.7135 -13.6475
-256.5331 190.3593 -3.6880 18.6108 -7.4949 -25.7718 31.5790 3.1993 -33.5255 -10.9367 -16.5022 -14.2254
-220.0733 195.4839 -28.7795 19.0732 -6.5297 -26.8408 22.4528 -14.0862 -29.3846 -5.9847 -15.3407 -3.5057
-152.2678 198.2928 -80.8620 33.3063 9.2802 -31.5914 19.0832 -26.4790 -35.8842 5.6938 -8.1576 -14.0535
-173.2362 191.7575 -59.5170 32.6514 -3.8615 -25.4979 18.2002 -21.1578 -25.6069 2.7878 4.6810 -4.5795
-193.1230 217.0706 -46.3370 -2.2426 5.2499 -21.0835 20.2303 -1.2050 -33.5733 -8.9377 -3.0577 -10.6107
-177.6961 191.5723 -68.6032 31.1642 10.5560 -29.5473 24.1006 -9.6247 -30.8854 1.6395 -4.1411 -12.0282
-203.4311 177.1055 -57.9947 34.3674 11.5495 -22.2408 20.9522 -15.0297 -29.5842 0.6529 -12.8012 -24.4018
-213.2142 186.0040 -37.2401 21.6458 -8.3587 -18.1335 22.0956 -12.5739 -22.0071 -12.8966 -13.3218 -2.8821
-212.5930 183.7375 -38.4263 24.9115 -9.5418 -19.1717 22.6335 -18.4031 -23.4770 -9.5596 -9.9603 5.8101
-207.6474 209.3666 -43.7616 4.2578 19.2539 -16.7430 9.8255 -12.7097 -31.3273 -5.0411 -11.6764 -5.2852
-202.2137 176.1570 -51.1075 34.1786 -10.8263 -25.9220 29.5690 -15.9854 -22.2905 -0.4440 -11.8573 -3.2578
-245.6562 188.2002 -23.3866 27.1293 29.8595 -19.6009 9.2187 0.7819 -32.2117 -19.2429 -8.7499 -5.9979
-272.2580 148.4529 -26.5523 45.7125 21.6340 -9.9915 17.0363 -26.4044 -34.6948 -2.4595 -11.6242 -13.7585
-186.4421 204.9132 -67.4509 11.6115 27.4735 -22.6618 3.2188 -28.7304 -42.8059 2.1862 -8.2380 -14.3984
-212.7338 190.3744 -47.2083 30.7278 22.1536 -31.9562 12.9863 -5.9081 -33.2724 -8.6902 -12.2465 -7.9308
-205.7653 196.9606 -51.7456 15.4462 11.4865 -27.7445 18.0669 -15.9356 -44.1876 -5.7006 -6.8127 -1.6114
-164.9277 217.0154 -73.7962 2.6119 6.1767 -38.3704 20.3359 -0.7443 -31.7780 0.6134 -7.3478 -7.5349
-193.2261 169.9689 -64.1040 46.0959 7.3682 -22.6402 23.5347 -21.9905 -29.4155 -4.5625 -9.6264 -4.1034
-167.1484 191.7883 -69.7250 42.7016 12.7058 -40.9324 12.2647 -3.7321 -23.7011 -11.7599 -17.8382 -10.5979
-188.0519 208.0132 -48.9578 16.4416 -2.0118 -37.9830 21.7317 -2.7798 -26.9299 -2.6923 -18.4151 -12.6845
-273.3412 182.9871 -10.7028 3.0772 -1.8785 -28.6197 14.2731 9.4354 -27.2860 -17.9608 -17.7152 -20.7789
-314.2093 150.9070 -13.3429 -2.1094 -8.1429 -30.3882 9.0295 6.7026 -24.8559 -21.0487 -25.2787 -23.3648
-321.3253 150.6378 -10.9572 -9.8677 -8.9902 -24.5847 5.9725 4.3910 -19.7195 -18.3760 -25.3709 -24.0175
-330.9739 158.0766 9.1507 -12.1919 -18.3057 -27.0518 -1.5284 -2.5442 -19.4518 -16.7489 -21.5438 -19.5349
-328.5600 145.2552 1.0165 6.5010 -14.1132 -34.8012 5.7632 -4.3799 -36.9030 -22.4334 -13.4249 -15.7965
-248.5954 177.0211 -27.0525 18.1319 -4.7531 -31.2431 18.7120 -10.2622 -43.6628 -10.3576 -4.6426 -21.2620
-186.6472 186.0609 -51.5120 31.0537 -13.4560 -23.3627 23.7801 -21.2954 -21.2406 -3.8911 -10.7183 -2.4180
-146.8628 184.1974 -77.6832 40.6950 -13.2539 -26.0789 20.0871 -28.3750 -26.9542 -8.1186 -3.9847 1.3908
-173.1940 170.7923 -65.5678 53.2244 0.5437 -19.8747 25.1030 -18.0678 -29.5084 -13.0216 -8.2974 -4.1171
-160.8507 151.5550 -78.0586 64.2946 -9.1986 -25.6162 13.9494 -19.4322 -21.0395 -17.9795 -11.9521 -2.7299
-141.0270 204.0583 -69.4407 28.9941 -21.2436 -37.0178 24.6492 -13.1816 -22.6006 -6.3451 -14.4217 -8.6274
-101.9272 178.8975 -105.8449 35.0489 -20.3574 -26.2161 11.6302 -10.3677 -27.4503 -4.5130 5.2279 -16.4498
-153.8689 173.5262 -76.2760 40.0427 -20.0287 -22.8184 19.2328 -23.5306 -23.3952 -11.9113 -3.6483 -3.1631
-148.5527 198.7007 -80.6570 26.9596 4.3972 -26.3857 21.6667 -12.0973 -35.5788 -12.4180 -9.8956 -7.8588
-163.2512 201.2286 -63.1491 29.9041 6.3908 -31.0938 6.6134 -11.8302 -23.0110 -6.0842 -8.0350 -9.2400
-199.3645 234.9222 -18.1135 7.8901 12.1437 -32.1658 6.3232 2.5791 -33.0794 -11.7572 -3.2393 -14.9124
-154.5851 191.3988 -61.1063 58.3522 0.5238 -47.0867 11.3469 -11.4026 -33.3310 -11.5081 -5.5025 -15.0521
-168.9337 196.3261 -59.3609 45.3427 8.9143 -43.7620 9.5605 -11.0745 -36.2265 -12.9506 -4.9008 -9.7709
-240.8380 199.4997 -20.8181 14.1258 18.3381 -29.5519 3.6422 -0.6901 -37.4964 -14.2503 -0.2307 -12.9687
-239.4577 191.6156 -11.3919 23.3149 1.1538 -17.1244 12.0273 -15.4539 -28.0737 -12.7076 -8.1545 -4.8411
-178.2728 188.9613 -61.5210 31.3953 1.0871 -29.0772 3.5287 -26.4304 -25.9716 -11.9293 -8.3831 -0.7630
-144.8055 188.0306 -79.1341 44.7110 3.5118 -31.6757 9.9419 -16.8295 -25.1775 -2.4163 4.2840 -3.8889
-165.7943 171.9227 -74.6215 56.5747 7.8435 -35.1480 9.8458 -17.4236 -26.8896 -0.6180 -0.3711 -10.4753
-201.4742 207.8695 -43.5396 12.9856 9.7577 -32.0169 16.7091 1.8798 -37.9843 -21.0309 -4.9927 5.0323
-241.5506 133.1444 -46.8395 75.3609 15.0778 -34.1131 16.0737 -8.4703 -25.5650 -14.4304 -10.4033 -5.0982
-188.8134 205.0681 -53.9490 12.8015 -8.4270 -50.0907 18.3486 5.4266 -28.4257 -11.4826 -14.3382 -9.6671
-176.7048 182.7688 -79.7906 35.3758 12.2232 -35.9943 20.4148 -15.6583 -32.4766 0.5305 -8.7731 -4.8397
-204.2927 187.9558 -54.2972 40.2685 23.4681 -45.4173 13.0542 3.9577 -34.6942 -17.4763 -18.4999 -12.1779
-251.1609 140.3235 -34.4567 71.0371 10.0826 -35.4318 19.5651 -11.1847 -30.2453 -17.5208 -8.6630 3.7442
-175.4382 215.8685 -67.7845 -3.5719 1.4478 -39.0542 17.4331 0.8643 -36.0805 -10.9038 -8.5225 -6.7449
-209.1631 195.7278 -42.0243 33.5843 16.5376 -41.0616 18.1021 3.5820 -39.9309 -17.9204 -9.4720 -3.2684
-163.8653 212.7161 -69.1862 16.8549 7.3319 -41.0383 14.4590 -9.1471 -32.6983 -6.3499 -14.9150 -6.5500
-189.5410 160.8700 -51.8300 65.1335 -12.2985 -30.5627 24.1718 -20.7027 -25.5209 -20.6746 -13.5967 2.1819
-177.2154 214.9132 -48.9898 22.6201 1.1701 -49.0586 14.3623 1.3657 -33.0842 -12.6166 -11.5813 -8.1922
-179.7948 182.4346 -72.8669 53.3154 29.3492 -40.0996 14.3516 -11.6319 -37.8901 -11.1351 -16.9158 -4.4166
-232.0484 168.7619 -48.4423 48.5739 30.7762 -38.7356 13.6819 -1.6749 -39.2074 -11.2667 -4.6184 -2.0126
-253.0181 153.4990 -53.2043 35.8889 19.0662 -46.0350 7.9976 -4.5875 -45.2624 -17.4018 -8.1879 -10.4818
-201.6077 187.9569 -52.6772 51.2979 36.3953 -35.6408 16.9294 0.2607 -34.6089 -10.5031 -16.5337 -12.9018
-204.6484 190.6965 -45.6855 47.2857 21.6403 -46.9977 18.7366 7.1782 -35.1114 -13.8396 -11.2849 -2.5145
-198.2612 196.2067 -49.8331 36.3008 14.8412 -47.3091 17.0914 0.8452 -39.7566 -11.5165 -9.7903 -9.3108
-193.0850 199.9556 -49.8040 36.6593 14.6515 -50.1100 15.9875 8.8724 -30.3858 -12.9408 -14.1542 -7.6717
-154.3851 203.8191 -76.8330 28.9323 10.0046 -40.5278 12.2135 -12.3754 -35.5410 -4.2368 -0.4494 -0.2662
